/*--------------------------------*- C++ -*----------------------------------*\
  =========                 |
  \\      /  F ield         | OpenFOAM: The Open Source CFD Toolbox
   \\    /   O peration     | Website:  https://openfoam.org
    \\  /    A nd           | Version:  8
     \\/     M anipulation  |
\*---------------------------------------------------------------------------*/
FoamFile
{
    version     2.0;
    format      ascii;
    class       volVectorField;
    location    "0.056";
    object      U;
}
// * * * * * * * * * * * * * * * * * * * * * * * * * * * * * * * * * * * * * //

dimensions      [0 1 -1 0 0 0 0];

internalField   nonuniform List<vector> 
424
(
(-0.00293589 -0.000189857 6.80978e-26)
(-0.014649 0.000961467 0)
(-0.0131 0.00276736 2.046e-23)
(0.000179458 0.00315067 -1.16677e-24)
(-0.0473439 0.00514637 -2.4766e-23)
(-0.0230407 0.00084443 -3.3878e-23)
(-0.0029939 0.0138277 3.2337e-24)
(-0.000995239 0.0155026 -7.92917e-25)
(-0.0687219 0.00259429 -3.61308e-23)
(-0.0257607 0.000296787 3.10975e-23)
(-0.0703105 0.00228228 9.63699e-23)
(-0.024034 0.000465843 0)
(-0.00519666 0.0503135 1.16802e-24)
(-0.000963509 0.0244831 0)
(-0.0744254 0.000564786 3.30257e-23)
(-0.0255767 -4.0796e-05 1.75108e-23)
(-0.0590383 0.000689077 0)
(-0.019645 7.80862e-05 0)
(-0.000341371 0.0271084 0)
(-0.00267648 0.0732468 -2.78452e-23)
(-0.0733881 4.80612e-05 3.49542e-23)
(-0.025816 -0.000338601 -1.87544e-23)
(-0.0573093 0.00023648 0)
(-0.0196341 5.60074e-05 0)
(1.31909e-05 0.026039 1.30698e-23)
(-0.00017276 0.0781169 2.51279e-23)
(-0.0023331 0.0684391 -3.74622e-23)
(-0.000418096 0.0233066 -3.89012e-23)
(-0.0750686 -0.000327279 5.88734e-23)
(-0.0232365 -0.000847884 0)
(-0.0150305 -0.000969292 -1.31695e-22)
(-0.00303855 0.000215569 0)
(-0.0530421 -1.91907e-05 -1.05688e-22)
(-0.0180521 3.82517e-05 9.88293e-23)
(-0.022284 0.0479301 6.83823e-23)
(0.000239857 0.0267952 0)
(0.000145768 0.0295831 -2.27067e-22)
(0.00335083 0.0631424 2.3392e-22)
(8.24549e-05 0.0746489 2.795e-23)
(-0.000419319 0.0601031 3.92269e-24)
(-6.78701e-06 0.0199951 -3.85035e-24)
(-0.0699799 -0.00256811 -1.05444e-22)
(-0.0489811 -0.00549289 1.33515e-22)
(-0.0141005 -0.00310101 0)
(0.000223882 -0.00336382 -2.95521e-22)
(-0.0494648 -0.000265403 3.47e-22)
(-0.0162198 -3.37356e-05 0)
(-0.106049 0.152676 -1.89065e-22)
(0.809203 0.0278418 -5.01864e-23)
(-0.000696127 0.0781601 -1.62204e-23)
(-0.00573141 0.086641 0)
(-0.00507435 0.166839 -3.61593e-24)
(-0.000244454 0.0579332 0)
(-4.43862e-05 0.0199143 0)
(-0.0039998 -0.0151954 5.94385e-23)
(-0.00125627 -0.0170656 2.58429e-22)
(-0.053106 -0.000629161 0)
(-0.0174727 -0.000155155 0)
(0.405637 0.118728 1.41485e-22)
(0.861374 -0.00378851 -1.19172e-23)
(0.000144655 0.0544531 -9.27321e-23)
(-8.89839e-06 0.0187197 8.78999e-23)
(-0.00671097 -0.0544147 0)
(-0.00104154 -0.0268041 0)
(0.551427 0.0129198 1.56441e-22)
(0.882725 -0.00213949 0)
(0.000407963 0.0515996 -7.97521e-23)
(9.87468e-05 0.0174722 7.33908e-23)
(-0.000335092 -0.0292907 6.02644e-23)
(-0.00298232 -0.0790106 -1.85949e-23)
(0.880712 -0.00128594 -1.3827e-23)
(0.626359 0.00206099 -1.15919e-22)
(-0.00228625 0.0558682 0)
(-0.000204747 0.0209816 0)
(7.71694e-05 -0.028881 4.72762e-23)
(-0.000366291 -0.0834677 1.91047e-23)
(-0.00189886 -0.0658875 -3.97201e-22)
(-0.000343431 -0.0224323 0)
(0.879091 -0.000317041 1.30626e-23)
(0.636986 -0.000767923 -4.91244e-23)
(0.826677 -0.0267489 0)
(0.000338139 -0.028819 -9.09956e-23)
(0.881768 0.0014074 0)
(0.886706 0.0020423 0)
(0.865836 0.00377291 0)
(-0.0195219 -0.049125 0)
(0.0035549 -0.0683044 -4.80771e-22)
(0.000174669 -0.0308278 5.95665e-22)
(0.000290605 -0.0821578 4.36574e-23)
(-0.000559696 -0.0577149 0)
(-3.68997e-05 -0.0192411 0)
(0.639139 -0.000725861 -2.0844e-23)
(-0.104749 0.00186872 -4.20509e-23)
(0.447581 -0.115196 9.64674e-22)
(-0.000517877 -0.0839389 -8.91264e-23)
(0.641623 0.00131791 -1.2372e-22)
(0.643147 -0.00139804 2.5737e-22)
(0.570034 -0.0108382 -1.24184e-21)
(-0.108401 -0.154015 -1.80904e-22)
(-0.00644912 -0.179384 7.01043e-22)
(-0.00653574 -0.0904933 -5.69195e-22)
(5.52845e-05 -0.0573172 -3.09732e-23)
(3.51882e-05 -0.0196892 3.00377e-23)
(-0.0932176 5.7847e-05 0)
(-0.0405115 -4.35008e-05 -4.09723e-23)
(0.000387532 -0.0594139 -1.384e-22)
(6.08793e-05 -0.020487 -1.31588e-22)
(-0.0956226 -0.000318189 2.40227e-23)
(-0.0338676 6.25098e-06 0)
(-6.39947e-05 -0.0579686 9.95369e-23)
(8.55296e-05 -0.0199426 -9.489e-23)
(-0.0893562 -0.000141648 -2.48824e-22)
(-0.0351868 -0.000111253 -2.27461e-23)
(-0.00299878 -0.0605708 0)
(-0.000220542 -0.023494 0)
(-0.0824173 0.00029785 1.35984e-22)
(-0.0326856 -6.71767e-05 0)
(-0.0935589 -0.00161865 0)
(-0.0294547 -9.44141e-06 1.21638e-22)
(-0.0350935 -0.000114629 0)
(-0.0797117 0.0170993 2.51294e-24)
(-0.0236509 0.011845 0)
(-0.0636643 0.0352272 0)
(-0.0121515 0.0248729 -1.84876e-24)
(-0.129942 0.107054 2.70435e-23)
(-0.157625 0.0741038 4.77102e-22)
(-0.0863974 0.136072 3.6019e-23)
(-0.107451 0.116561 -1.33012e-23)
(-0.154449 0.0624951 -8.02851e-22)
(-0.15922 0.037304 -2.63901e-23)
(-0.136467 0.0285319 -7.20554e-22)
(-0.122868 0.0288233 -1.92549e-22)
(-0.146405 0.0477267 -6.42716e-22)
(-0.166147 0.0511643 8.39046e-22)
(-0.173018 0.0243144 -6.0011e-22)
(-0.180441 0.0268159 1.08103e-22)
(-0.111985 0.00669693 1.813e-22)
(-0.165167 0.00739489 1.24478e-21)
(-0.109406 0.00549179 2.62626e-22)
(-0.136112 0.00295553 3.40111e-22)
(-0.0367849 0.0644902 2.98899e-23)
(-0.103668 0.113205 0)
(-0.0718042 0.068068 -2.4742e-23)
(-0.101874 0.091569 0)
(-0.0735494 0.138957 5.30082e-23)
(-0.0750667 0.148109 -1.36506e-22)
(-0.019331 0.0863641 -2.9788e-25)
(-0.0501061 0.165038 2.19494e-22)
(-0.0697422 0.133887 -4.78467e-23)
(-0.0472279 0.15749 2.86948e-22)
(-0.0615762 0.103837 -5.76813e-23)
(-0.0975018 0.0922376 -2.77344e-23)
(-0.10874 0.0661979 0)
(-0.0950682 0.0359723 1.22418e-22)
(-0.0232838 0.00244682 -2.9926e-22)
(-0.0654385 0.0141488 3.45259e-22)
(-0.160646 0.00870672 0)
(-0.179658 0.00904152 0)
(-0.188112 0.00221166 -8.63594e-22)
(-0.124752 0.000722731 -1.54641e-21)
(-0.181766 0.00213016 2.80041e-21)
(-0.102224 0.0015377 7.08766e-22)
(-0.144481 -0.000259737 7.3959e-22)
(-0.0349128 0.131569 -2.11457e-23)
(-0.044309 0.15351 2.05977e-23)
(-0.0339218 0.178011 -2.34689e-22)
(-0.00639988 0.118384 7.74705e-22)
(-0.0204698 0.182779 1.15943e-22)
(-0.026032 0.150723 4.82166e-23)
(-0.0147814 0.168085 -3.00191e-22)
(-0.0335697 0.0890285 1.67379e-22)
(-0.0206234 0.131545 -1.17255e-21)
(-0.0144239 0.0642154 0)
(-0.00246921 0.0228855 0)
(-0.170531 -0.000968198 8.75402e-22)
(-0.187654 -0.000297216 -2.61176e-21)
(-0.12747 0.000711141 -9.19972e-22)
(-0.178933 0.000118016 2.91442e-21)
(-0.100073 -4.62302e-05 -1.15724e-21)
(-0.145339 -0.000447447 1.43858e-21)
(-0.00533101 0.164823 -6.92827e-22)
(-0.00649892 0.183268 5.23063e-22)
(0.00121379 0.128589 0)
(-0.0049016 0.160037 0)
(-0.00167913 0.187712 -1.05472e-21)
(-0.00396763 0.103294 8.01877e-22)
(-0.000375942 0.133294 0)
(-0.170333 0.00217714 8.74399e-22)
(-0.185616 0.00138007 1.97127e-22)
(-0.131518 0.000716503 1.26099e-21)
(-0.178058 -0.00155643 -1.91413e-21)
(-0.183703 -0.00332062 -2.01379e-21)
(-0.0962951 -0.000686777 -2.26909e-21)
(-0.136406 -0.000602726 9.8481e-22)
(0.00381156 0.16881 7.6685e-22)
(0.000864359 0.122787 -8.12015e-22)
(-0.000313511 0.181859 2.5593e-21)
(0.00247865 0.18789 -1.97769e-21)
(-0.00065208 0.105047 0)
(0.000628116 0.145918 0)
(-0.162219 -0.00624937 -1.45069e-21)
(-0.181776 -0.00877756 0)
(-0.180311 -0.0273985 1.7653e-21)
(-0.114236 -0.00652713 1.05927e-21)
(-0.170233 -0.0355075 -1.9664e-21)
(-0.17111 -0.0328375 -3.24544e-21)
(-0.154692 -0.00740552 1.95861e-21)
(-0.16108 -0.0241883 1.79043e-21)
(-0.0954262 -0.00073072 -2.94385e-22)
(-0.122645 0.000427329 0)
(-0.000570438 0.168827 -4.27426e-22)
(-0.00393636 0.132662 0)
(0.00113296 0.180525 0)
(-0.000380903 0.186245 3.26988e-22)
(-6.5332e-05 0.0990799 0)
(0.0016702 0.144351 0)
(-0.148526 -0.0653245 0)
(-0.161621 -0.058024 -2.16169e-21)
(-0.16197 -0.0621352 2.91988e-21)
(-0.134374 -0.0871348 0)
(-0.0786246 -0.016338 0)
(-0.127534 -0.0277399 -1.22209e-21)
(-0.146647 -0.0352174 -2.28635e-21)
(-0.134165 -0.0691283 2.80828e-21)
(-0.146106 -0.0820095 -1.47929e-22)
(-0.0647284 -0.0339323 -7.0343e-22)
(-0.024866 -0.0119603 0)
(-0.0137906 -0.025726 2.1484e-21)
(-0.136437 -0.0334147 7.37924e-22)
(-0.140721 -0.0566491 -1.8338e-21)
(-0.086789 -0.00147771 -1.29963e-21)
(-0.118153 -0.0266846 1.85716e-21)
(-0.117351 -0.0719107 8.61232e-22)
(-0.120983 -0.088245 0)
(-0.104317 -0.102044 1.57276e-21)
(-0.0302107 0.23485 3.19096e-24)
(-0.128215 0.299462 -2.98934e-21)
(-0.141201 0.223795 3.13433e-21)
(0.118554 0.186747 -2.51997e-21)
(-0.0154496 0.171904 1.44028e-21)
(-0.0177929 0.139145 -1.74393e-21)
(-0.0481548 0.207875 -8.93422e-22)
(-0.0168498 0.183888 -3.07496e-21)
(0.000772039 0.176753 -7.87772e-22)
(-0.00789498 0.181116 3.18223e-21)
(0.00109402 0.0941031 0)
(0.00223878 0.134295 2.89818e-22)
(-0.0626538 0.199729 4.23156e-21)
(-0.0997326 0.192608 -1.31936e-21)
(-0.107493 -0.119119 4.15215e-21)
(-0.128679 -0.104815 2.47838e-21)
(-0.125921 -0.10668 -3.33253e-21)
(-0.0773204 -0.0620989 5.33912e-22)
(-0.0964707 -0.12076 0)
(-0.102233 -0.0866538 2.48064e-22)
(-0.0382225 -0.0629012 -3.0029e-21)
(-0.0846983 -0.141297 -5.84349e-21)
(-0.0226821 -0.0888362 0)
(-0.0698049 -0.142133 2.05126e-21)
(-0.0496881 -0.159843 0)
(-0.0788747 -0.0274496 3.18107e-21)
(-0.0957198 -0.0620312 0)
(-0.0602155 -0.106006 -4.67066e-21)
(-0.0861354 -0.0945926 1.13909e-21)
(-0.0172784 -0.00145178 1.3589e-21)
(-0.050709 -0.00948676 -5.4721e-21)
(-0.105491 0.238412 -5.34552e-22)
(-0.127795 0.202584 0)
(0.0099549 0.194901 1.96855e-21)
(-0.135462 0.109079 -1.29744e-21)
(0.264726 0.0573637 9.58e-22)
(-0.0273425 0.180195 2.01691e-21)
(-0.0485888 0.178415 -2.27143e-21)
(-0.00850331 0.150311 -1.66487e-21)
(-0.0187061 0.153255 2.87492e-21)
(0.000854836 0.0913487 1.34306e-21)
(-0.00632815 0.118225 -8.88816e-22)
(-0.155172 0.0189258 0)
(-0.10815 0.126037 -1.9158e-21)
(-0.139526 0.0884006 1.08989e-22)
(-0.146405 0.0485452 3.14566e-21)
(-0.0530592 0.13792 -1.22837e-21)
(-0.0850344 0.113854 1.19673e-21)
(-0.063393 -0.147553 2.24966e-22)
(-0.062899 -0.162547 5.0555e-22)
(-0.0471637 -0.172926 0)
(-0.037718 -0.127839 -2.84041e-22)
(-0.00864843 -0.12961 1.90401e-23)
(-0.0279872 -0.178615 -3.58782e-21)
(-0.0307113 -0.154748 1.83874e-21)
(-0.0211988 -0.167496 -2.03163e-21)
(-0.0331999 -0.0925838 3.19135e-21)
(-0.0244187 -0.132037 -2.66097e-21)
(-0.012605 -0.0609697 0)
(-0.00220166 -0.0213918 0)
(-0.0530693 0.0573214 -4.54558e-22)
(-0.113887 0.0269284 1.63247e-21)
(0.105212 0.0607282 -6.68032e-22)
(0.375409 0.0176523 1.67359e-21)
(-0.123068 0.0162598 0)
(-0.172626 0.0106426 0)
(-0.016321 0.119112 -2.08486e-21)
(-0.0331458 0.114422 0)
(-0.163635 -0.00423621 0)
(-0.160891 0.00214669 0)
(-0.00694448 0.0859229 0)
(-0.00616118 0.0971784 -9.49272e-22)
(-0.123121 0.00537306 0)
(-0.121514 0.033797 -3.18307e-21)
(-0.0435029 0.0642034 0)
(-0.0821451 0.06835 0)
(-0.0966059 0.0406341 2.69353e-21)
(-0.15021 -0.0106092 5.67795e-22)
(-0.0119603 -0.182343 2.51298e-21)
(-0.0113671 -0.167573 0)
(0.000252488 -0.135142 -4.01937e-23)
(-0.00728539 -0.159251 0)
(-0.00351064 -0.186086 0)
(-0.00453297 -0.102077 -3.52119e-21)
(-0.00281791 -0.13211 3.2129e-21)
(-0.0441756 0.0167184 0)
(0.124784 0.0123427 -1.38812e-21)
(0.375655 0.00255098 0)
(-0.182772 0.00432198 -4.68457e-22)
(-0.153171 0.00878669 1.18258e-23)
(-0.142671 0.00537085 -2.50519e-22)
(-0.172625 0.00599795 1.30658e-22)
(-0.0042641 0.0314458 5.48594e-21)
(-0.032089 0.02591 -1.03254e-21)
(-0.069386 0.01231 -2.11795e-21)
(-0.0823936 -0.0142353 0)
(-0.0826159 -0.00360869 0)
(0.000297769 0.00911387 1.72039e-21)
(-2.52257e-05 0.0229794 -6.50321e-21)
(-0.0635107 -0.00552585 0)
(0.00202273 -0.175004 -5.44287e-22)
(0.000380864 -0.134931 3.98483e-23)
(-0.00164397 -0.179584 -4.632e-21)
(0.00125139 -0.187471 4.30825e-21)
(-0.0014676 -0.0997664 0)
(0.000229563 -0.143118 -5.35955e-22)
(0.0990465 -0.00268293 0)
(0.36328 -0.00154236 0)
(-0.166847 -0.00192981 4.27464e-22)
(-0.0928464 -0.00224004 -3.64884e-22)
(-0.148418 0.000225617 3.31499e-22)
(-0.182044 0.00674322 -5.56571e-22)
(-0.0244901 -0.000849513 0)
(0.131217 -0.186398 -5.7653e-21)
(-0.15014 -0.226955 9.82744e-21)
(-0.000618608 -0.172957 1.67242e-22)
(-0.00342823 -0.137439 0)
(0.000955018 -0.179171 3.94842e-21)
(-0.000663581 -0.186292 -2.87809e-21)
(0.000625241 -0.0970124 0)
(0.00241448 -0.148285 -1.02843e-21)
(0.0909356 -0.000122447 -3.84586e-23)
(0.357807 -0.00326476 -2.09549e-21)
(-0.18907 -0.00314922 -2.14089e-21)
(-0.101945 -0.000178928 -6.25779e-22)
(-0.151663 0.00168128 5.32853e-22)
(-0.189796 -0.00175637 0)
(0.26762 -0.0533206 -6.96171e-21)
(0.0263594 -0.1666 -6.40572e-21)
(-0.0150127 -0.173272 0)
(-0.019241 -0.143773 0)
(0.131323 -0.00836257 -3.06326e-21)
(0.383134 -0.015734 2.61085e-21)
(0.128903 -0.0594157 1.15831e-20)
(-0.0540629 -0.212772 0)
(-0.112216 -0.219792 9.19454e-21)
(-0.0350539 -0.250724 1.60224e-21)
(-0.147586 -0.306078 -2.5964e-21)
(-0.0665514 -0.195493 -1.80118e-23)
(-0.0153826 -0.183474 -3.83788e-21)
(0.000210989 -0.177969 1.65009e-21)
(-0.00636398 -0.180767 6.07315e-21)
(0.00117427 -0.106689 -3.64511e-21)
(0.000157736 -0.145216 2.36683e-21)
(-0.0479641 -0.0138272 2.45575e-21)
(-0.169426 0.0026616 3.73788e-21)
(-0.164857 -0.0056582 -3.37343e-21)
(-0.143905 7.09959e-05 2.48786e-22)
(-0.174307 -0.000250439 0)
(-0.061693 -0.0658426 -3.84539e-21)
(-0.147711 -0.173632 -2.63114e-21)
(-0.0446815 -0.175817 -6.38865e-21)
(-0.027084 -0.177107 7.55009e-22)
(-0.126407 -0.0150625 0)
(-0.114921 -0.0286124 -9.97049e-22)
(-0.130324 -0.173479 -6.74507e-21)
(-0.0889372 -0.178247 8.70796e-21)
(-0.0734917 -0.13105 6.39502e-21)
(-0.0510795 -0.140258 0)
(-0.00744894 -0.143628 0)
(-0.0175727 -0.147937 -2.51028e-21)
(-0.00140197 -0.0992539 0)
(-0.00755897 -0.121846 0)
(-0.186532 0.000123547 2.82183e-21)
(-0.177079 -0.00530591 -5.44345e-21)
(-0.136627 0.00214904 -2.61899e-22)
(-0.16844 -0.00295481 -1.59652e-21)
(-0.155251 -0.0198018 5.16628e-21)
(-0.147659 -0.074263 -4.46186e-21)
(-0.0183684 -0.117615 1.50501e-21)
(-0.0341707 -0.116436 3.62301e-21)
(-0.173455 0.00442988 4.46154e-21)
(-0.155531 0.00195617 -1.78855e-22)
(-0.042944 -0.0653941 -8.00965e-21)
(-0.0769273 -0.0786035 3.85605e-22)
(-0.109539 -0.062655 1.41767e-21)
(-0.00735741 -0.084067 0)
(-0.00803931 -0.0946362 -2.74652e-21)
(-0.137228 -0.0045572 -2.16303e-21)
(-0.157924 0.00806224 1.53809e-21)
(-0.0879699 0.0166549 1.42688e-21)
(-0.00659225 -0.0284839 0)
(-0.0340209 -0.021595 3.56599e-21)
(-0.10236 0.0107684 1.60375e-22)
(-0.0931905 -0.00934307 0)
(0.000154388 -0.00962192 0)
(-0.00109795 -0.0231158 0)
(-0.0612103 0.00665396 -3.7476e-21)
(-0.0225775 0.00111893 2.94951e-21)
)
;

boundaryField
{
    movingWall
    {
        type            fixedValue;
        value           uniform (1 0 0);
    }
    fixedWalls
    {
        type            noSlip;
    }
    frontAndBack
    {
        type            empty;
    }
    defaultFaces
    {
        type            empty;
    }
}


// ************************************************************************* //
