/*--------------------------------*- C++ -*----------------------------------*\
  =========                 |
  \\      /  F ield         | OpenFOAM: The Open Source CFD Toolbox
   \\    /   O peration     | Website:  https://openfoam.org
    \\  /    A nd           | Version:  8
     \\/     M anipulation  |
\*---------------------------------------------------------------------------*/
FoamFile
{
    version     2.0;
    format      ascii;
    class       volVectorField;
    location    "0.1";
    object      U;
}
// * * * * * * * * * * * * * * * * * * * * * * * * * * * * * * * * * * * * * //

dimensions      [0 1 -1 0 0 0 0];

internalField   nonuniform List<vector> 
656
(
(0.743372 0.0565316 -9.65482e-25)
(0.927889 0.0140691 1.86667e-24)
(0.954788 -0.00127375 0)
(-0.0910749 0.118994 2.40002e-23)
(0.556742 0.0977245 1.12098e-23)
(0.841242 0.000939743 0)
(-0.0571798 0.0672276 -4.93899e-23)
(-0.0145962 0.018846 9.85106e-24)
(0.968227 -0.00015084 0)
(-0.000504688 0.138601 -2.37829e-24)
(-0.00304961 0.193131 -7.83496e-23)
(-0.117738 0.172053 0)
(0.376006 0.139834 1.00526e-23)
(0.715019 0.00930684 0)
(0.890989 0.00127448 -1.70667e-22)
(0.906567 0.000583103 4.77898e-23)
(0.0010404 0.0823432 9.70481e-24)
(0.00137427 0.0267217 0)
(0.971852 -7.63389e-05 -3.43357e-23)
(0.913662 0.000298561 -1.43719e-22)
(-0.0123884 0.0928732 7.71106e-23)
(-0.00523409 0.062872 0)
(-0.0239222 0.125114 1.33361e-24)
(-0.00789614 0.242543 1.53982e-22)
(-0.136115 0.223437 -1.67658e-22)
(0.210343 0.18042 -2.26587e-23)
(0.577674 0.0245875 0)
(0.8007 0.00637692 2.66449e-22)
(0.829494 0.00303222 -8.91624e-23)
(-0.00144234 0.0356645 0)
(-0.000151562 0.0114448 0)
(0.916986 0.000158368 5.13467e-23)
(0.973373 -4.69457e-05 -3.66608e-23)
(0.842959 0.00161744 1.95816e-22)
(0.849425 0.000810498 -5.18089e-23)
(0.854031 6.35077e-05 -1.08889e-22)
(-0.00677974 0.0608904 -1.05381e-22)
(-0.00280707 0.0409241 1.7071e-23)
(-0.0137926 0.0825097 -1.88325e-22)
(-0.0408484 0.158564 -1.577e-22)
(-0.01671 0.28282 1.66501e-22)
(-0.143742 0.269547 -4.77717e-24)
(0.0686489 0.217917 4.55154e-22)
(0.433182 0.0474137 0)
(0.696558 0.0162323 0)
(0.739382 0.0080265 -3.69821e-22)
(-0.000821629 0.0230279 -5.40252e-24)
(-0.000128818 0.00732298 0)
(0.854943 -0.000883152 1.20144e-22)
(0.919453 2.8459e-05 -2.78104e-23)
(0.974008 -2.02047e-05 4.92918e-24)
(0.75977 0.00435533 0)
(0.769765 0.00218552 0)
(0.776843 0.000152048 -1.06666e-22)
(0.778388 -0.00237205 4.59706e-22)
(0.763627 -0.00604324 0)
(-0.0103745 0.0366041 2.00131e-22)
(-0.00502144 0.0257396 2.95145e-22)
(-0.00202819 0.0165171 -2.87513e-22)
(-0.0250269 0.104803 -1.85263e-22)
(-0.0193443 0.0489366 5.84786e-22)
(0.28681 0.0796721 -1.32799e-22)
(0.57847 0.0319868 1.75137e-22)
(0.635201 0.0165802 -5.20768e-22)
(-0.000553535 0.00884741 4.53702e-23)
(-6.70887e-05 0.00256179 6.0905e-23)
(0.844861 -0.00224247 -2.5466e-22)
(0.92 -0.00014638 8.54502e-23)
(0.974687 1.29044e-05 5.47827e-24)
(0.726769 -0.015198 -1.16792e-23)
(0.662692 0.00911931 0)
(0.676457 0.00466462 1.93316e-22)
(0.686387 0.000386477 2.04132e-22)
(0.688971 -0.00481304 -8.82331e-22)
(0.669712 -0.0125431 2.27279e-22)
(-0.0083988 0.0139349 8.88421e-22)
(-0.00405364 0.00913809 -6.8345e-24)
(-0.00182771 0.00550512 0)
(-0.00064361 0.00295303 1.0577e-22)
(0.447786 0.0558281 0)
(0.516952 0.0303683 6.66113e-22)
(-8.94476e-05 0.00127332 -1.00135e-22)
(5.53251e-05 0.000241389 -3.08628e-23)
(0.604786 -0.0240906 4.71813e-22)
(0.82026 -0.00592587 1.49694e-22)
(0.914485 -0.000374947 0)
(0.975031 4.19889e-05 -5.28356e-23)
(0.619973 -0.0302311 -2.88771e-22)
(0.468209 -0.0472383 7.26193e-22)
(0.251479 -0.190757 -8.79081e-22)
(0.550826 0.0170805 0)
(0.568151 0.00874892 4.66271e-23)
(0.58124 0.000992666 -1.45194e-22)
(0.585541 -0.00871512 5.11886e-22)
(0.56258 -0.0231809 -8.69611e-22)
(-0.0147911 0.00626418 3.73776e-22)
(-0.00924712 0.0030667 -3.98853e-22)
(-0.00537222 0.00139791 -1.97735e-22)
(-0.00279645 0.000480314 3.91348e-22)
(-0.00116583 4.38411e-05 4.713e-23)
(-0.000203188 -6.20621e-05 -2.84975e-23)
(-0.136728 -0.250241 5.90066e-23)
(0.411944 -0.147966 -6.13836e-23)
(0.732778 -0.00901642 -7.95845e-22)
(0.901186 -0.00112449 0)
(0.973747 0.000109572 0)
(0.499722 -0.0539486 5.52146e-22)
(0.325513 -0.0810145 -2.7733e-22)
(0.106283 -0.230036 1.02582e-22)
(-0.141409 -0.298198 1.38428e-21)
(-0.0465803 0.0112551 0)
(-0.0340208 0.00583953 1.86863e-22)
(-0.0235913 0.00285792 -6.59976e-22)
(-0.0149878 0.00114531 1.84041e-22)
(-0.00792708 0.000287612 -4.38526e-23)
(-0.00212802 2.17914e-05 -2.72268e-23)
(-0.00754381 -0.28903 0)
(-0.120665 -0.194926 0)
(0.582914 -0.103403 4.88166e-22)
(0.850387 -0.000878697 -3.99584e-23)
(0.970606 0.000203289 -1.0304e-22)
(-0.0155568 -0.33292 -1.64648e-21)
(-0.0760015 0.0100106 0)
(-0.0568623 0.00552754 1.9315e-22)
(-0.0403702 0.00276358 -1.41142e-24)
(-0.0262671 0.00117179 9.54885e-23)
(-0.0142711 0.000360379 -4.48733e-23)
(-0.0041164 7.1802e-05 0)
(-0.0276218 -0.164276 -5.51166e-22)
(-0.00296271 -0.233229 0)
(-0.0949969 -0.136206 5.08316e-22)
(0.75789 -0.0597746 0)
(0.956555 0.00135216 7.64116e-23)
(-0.0466778 -0.205096 0)
(-0.0980846 0.00828981 0)
(-0.0741666 0.004609 1.20078e-22)
(-0.0531752 0.0023438 -3.48152e-22)
(-0.0349417 0.0010281 1.12646e-22)
(-0.0192397 0.000345413 5.03483e-23)
(-0.00578431 8.89842e-05 -1.68739e-23)
(-0.015655 -0.119028 2.82625e-22)
(-0.0145371 -0.123353 0)
(-0.000248161 -0.169217 -4.45518e-22)
(-0.0605237 -0.0776122 4.30418e-22)
(0.931395 -0.0147218 0)
(-0.0284336 -0.148595 0)
(-0.107005 0.00724217 1.53155e-22)
(-0.0810007 0.0040877 -1.47862e-22)
(-0.0581645 0.00207797 1.43073e-22)
(-0.0382911 0.000905996 -2.73887e-22)
(-0.0211551 0.000304644 3.76654e-22)
(-0.00650423 7.86168e-05 -5.02184e-23)
(-0.0133574 -0.0678615 2.43769e-22)
(-0.00771819 -0.0890992 -5.22016e-22)
(-0.00596344 -0.0840669 1.52074e-22)
(0.00181257 -0.100771 -4.6198e-22)
(-0.014189 -0.0214027 1.30993e-23)
(-0.0241151 -0.0868544 0)
(-0.0154617 -0.0452171 -5.49846e-23)
(-0.107964 0.00780896 -1.88582e-22)
(-0.0816244 0.00492893 7.60118e-22)
(-0.0586941 0.00264441 -7.25763e-22)
(-0.0387755 0.00113992 0)
(-0.0215136 0.000351544 0)
(-0.00671228 7.27362e-05 -5.50899e-24)
(-0.00849448 -0.035083 1.17253e-22)
(-0.00666788 -0.0497942 3.44448e-24)
(-0.00302972 -0.060544 3.97954e-22)
(-0.00125803 -0.047567 -1.49542e-22)
(0.00233743 -0.0310268 0)
(-0.0087387 -0.0196314 8.91155e-22)
(-0.0632765 0.00409157 8.291e-22)
(-0.0414414 0.00257074 -8.57304e-22)
(-0.0227755 0.000908334 0)
(-0.00700821 0.000157904 -7.76624e-24)
(-0.0048067 -0.0146297 -2.36315e-22)
(-0.00418807 -0.0254858 -9.16752e-23)
(-0.00273025 -0.0332938 1.89004e-22)
(-0.000643011 -0.0342514 -1.29325e-22)
(0.000182382 -0.0143651 4.94292e-23)
(-0.0044746 -0.00526456 0)
(-0.0027061 0.00320109 -1.02407e-21)
(-0.0505276 0.00118011 0)
(-0.0176846 0.000393826 -2.71406e-23)
(-0.00152208 0.00080423 0)
(-0.00238157 -0.00358821 -2.40559e-22)
(-0.00234521 -0.0102343 -4.59275e-22)
(-0.00172138 -0.0168636 -6.24874e-23)
(-0.000724386 -0.0186278 1.27155e-22)
(7.65249e-05 -0.0106535 -4.96195e-23)
(-0.00108027 -0.000901917 2.08811e-21)
(-0.0013063 0.00154806 2.17907e-21)
(-0.0031079 0.003694 7.02071e-23)
(-0.000132312 0.00198951 -4.81421e-22)
(-0.000749167 0.00104836 -9.82528e-25)
(-0.00111843 -0.00225137 1.24587e-22)
(-0.000958389 -0.00653705 3.71986e-22)
(-0.000484012 -0.00935183 7.62147e-24)
(-6.56822e-05 -0.00583944 -2.27909e-23)
(-0.000147415 -0.00257552 -1.88367e-24)
(-0.000453327 -0.00141137 -1.74693e-21)
(-0.000547706 0.000678969 -5.2692e-22)
(-0.00136143 0.0015789 0)
(-0.00319377 0.00914434 1.51722e-21)
(0.000389225 0.00151009 -2.58748e-22)
(-4.01243e-06 0.00176505 2.56504e-22)
(-0.000314502 0.00105893 1.28438e-22)
(-0.000440231 -0.00126609 0)
(-0.000272132 -0.00350621 -1.2192e-22)
(-6.47756e-05 -0.00293413 1.71268e-23)
(0.000229806 -0.00282422 8.27434e-22)
(1.29848e-05 -0.00241844 3.33751e-22)
(-0.000162193 -0.00146221 1.96694e-22)
(-0.00017392 0.000193331 5.36033e-23)
(-0.000334951 0.00054589 -6.14605e-23)
(-0.000459822 0.00212039 1.0924e-21)
(0.000310254 0.000534797 1.08136e-21)
(0.000248397 0.0012694 -4.0476e-22)
(2.98061e-05 0.00143277 -2.63976e-22)
(-0.000107182 0.000883888 -1.28486e-22)
(-0.000115847 -0.000584161 0)
(-3.96771e-05 -0.00106227 -1.12742e-23)
(0.000528015 -0.00205875 0)
(0.000185018 -0.00240456 -2.86303e-22)
(4.7186e-05 -0.00200888 -9.86503e-22)
(-3.77059e-05 -0.00121451 3.2149e-22)
(-2.21868e-05 -2.83729e-05 -3.58209e-22)
(-1.25003e-05 1.1967e-05 9.65594e-24)
(0.000532087 0.000192065 -4.69797e-22)
(0.000171521 0.000398943 7.16204e-22)
(0.00013952 0.00098074 -6.92982e-22)
(2.76356e-05 0.00103608 1.32346e-22)
(-1.7269e-05 0.000583971 0)
(-1.10016e-05 -0.000141972 1.11475e-23)
(0.000388921 -0.00069882 0)
(0.000316803 -0.0016963 5.50365e-22)
(0.000115032 -0.00187535 7.1644e-22)
(3.7816e-05 -0.00146587 9.39679e-22)
(8.23566e-06 -0.000791221 -3.338e-22)
(9.77957e-06 -5.50431e-05 -2.20475e-23)
(0.00120548 0.000277323 -5.60813e-22)
(0.000378432 0.000104435 0)
(8.37107e-05 0.000273318 5.14328e-22)
(6.48719e-05 0.000678705 0)
(1.68368e-05 0.000614537 0)
(6.22763e-06 0.000211534 0)
(0.000718731 -0.000234869 6.27186e-22)
(0.00020989 -0.000524552 -5.69271e-22)
(0.000168868 -0.00128773 -5.60028e-22)
(5.82735e-05 -0.00130855 -4.18078e-22)
(2.38481e-05 -0.000872146 -4.34759e-22)
(1.31875e-05 -0.000279336 1.31222e-23)
(0.00168605 0.000145663 0)
(0.000961279 0.000159192 1.40554e-22)
(0.000249786 5.15545e-05 0)
(3.23405e-05 0.000167289 1.98728e-27)
(2.197e-05 0.000385243 0)
(8.67188e-06 0.000196664 -8.98034e-23)
(0.00183427 -2.67095e-05 0)
(0.00156423 -0.000258273 -5.66059e-22)
(0.000522202 -0.000131928 -1.5799e-22)
(9.94306e-05 -0.000360131 2.91849e-22)
(7.56704e-05 -0.000877472 -4.14964e-22)
(2.4537e-05 -0.00075008 -1.31464e-22)
(1.22931e-05 -0.000280633 9.15686e-23)
(0.00135352 8.23621e-05 -1.88764e-23)
(0.000715539 8.24805e-05 -2.10202e-22)
(0.000149288 2.00361e-05 0)
(6.3175e-06 8.30152e-05 -1.0821e-22)
(5.5172e-06 0.000112646 9.05926e-23)
(0.00147076 -1.80444e-05 2.09892e-24)
(0.00124731 -0.000151888 6.35707e-22)
(0.000352544 -6.60397e-05 -4.72323e-27)
(3.77794e-05 -0.000221169 1.34935e-25)
(2.46168e-05 -0.000490544 -2.65275e-22)
(9.49869e-06 -0.00022685 8.36337e-23)
(0.00101782 4.25613e-05 1.4857e-22)
(0.000483191 3.63805e-05 1.02542e-22)
(7.34217e-05 3.85865e-06 -1.26143e-22)
(-1.22144e-06 1.91401e-05 2.30053e-23)
(0.00110592 -1.07264e-05 2.0944e-24)
(0.0009313 -8.1283e-05 -1.40607e-22)
(0.000215854 -2.61384e-05 4.54169e-22)
(7.22533e-06 -0.000110377 -2.1277e-22)
(6.01148e-06 -0.000139095 3.40381e-26)
(0.000696153 1.89761e-05 0)
(0.000271399 1.19834e-05 1.13807e-22)
(1.73684e-05 -1.10294e-06 7.96668e-23)
(0.000756924 -5.78916e-06 0)
(0.000631556 -3.71002e-05 -2.057e-22)
(0.000108929 -5.34278e-06 3.9591e-22)
(-1.46385e-06 -2.55817e-05 4.39588e-23)
(0.000398348 6.50696e-06 -9.70975e-25)
(8.26857e-05 2.82899e-06 -1.43009e-22)
(0.000433647 -2.797e-06 9.69712e-25)
(0.000356554 -1.29663e-05 -1.14033e-22)
(2.67361e-05 1.18713e-06 1.12934e-22)
(0.000128979 1.65491e-06 4.33798e-23)
(0.000140689 -1.23321e-06 0)
(0.000109506 -3.58851e-06 -1.09967e-23)
(-0.142805 0.304015 2.22384e-21)
(-0.0269628 0.258916 5.09921e-22)
(-0.0419225 0.128296 0)
(-0.0753956 0.189539 2.78623e-21)
(-0.0629118 0.19421 -2.94436e-21)
(-0.073022 0.268242 0)
(-0.0373497 0.311078 0)
(-0.0980452 0.353175 -1.02569e-21)
(-0.0849303 0.314173 0)
(-0.038841 0.266567 -1.88531e-21)
(0.152159 0.126701 4.23773e-21)
(-0.0955074 0.278837 0)
(-0.0338099 0.0636954 -3.65697e-22)
(-0.0560702 0.10525 0)
(-0.0162072 0.0192656 -3.81809e-21)
(-0.0385986 0.0469828 3.90721e-21)
(-0.0831657 0.121715 -2.27027e-21)
(-0.114795 0.159415 0)
(-0.0954014 0.203483 0)
(-0.119101 0.24024 6.18362e-22)
(-0.10878 0.295516 0)
(-0.0974965 0.289536 1.95869e-21)
(-0.0152743 0.19448 2.36968e-21)
(0.0946772 0.155501 -5.71835e-21)
(0.302808 0.0912269 1.1234e-21)
(-0.149954 0.235269 -5.90024e-22)
(-0.140543 0.252469 0)
(-0.0215697 0.0120701 -3.15874e-21)
(-0.0491873 0.028652 8.65326e-22)
(-0.0607813 0.052156 7.20345e-22)
(-0.0913818 0.081873 2.30837e-21)
(-0.121538 0.0806729 -4.44498e-21)
(-0.167505 0.115469 -3.93327e-21)
(-0.159415 0.156947 -3.00645e-21)
(-0.184491 0.185495 5.63124e-21)
(-0.130934 0.208746 -1.64175e-21)
(-0.0600026 0.184083 -1.71406e-21)
(0.0433093 0.128478 0)
(0.387488 0.0504159 -5.74685e-21)
(0.190368 0.106437 0)
(0.423925 0.0298139 0)
(0.243699 0.0593235 4.83685e-21)
(-0.20681 0.172881 0)
(-0.178848 0.179871 0)
(-0.010847 -0.277365 6.03709e-21)
(-0.146114 -0.33037 0)
(0.386544 -0.0835116 0)
(0.436603 0.0148339 -1.97023e-22)
(0.273597 0.0341756 0)
(0.269522 -0.0944413 0)
(0.456531 -0.0376443 1.1832e-21)
(0.458429 0.00179162 3.69632e-21)
(0.29658 0.00855297 0)
(0.320022 -0.0442478 0)
(0.473855 -0.0152629 0)
(0.325097 -0.0149192 -3.75314e-21)
(-0.0639559 0.0225517 1.14952e-21)
(-0.0974187 0.0360227 -1.44531e-21)
(-0.120521 0.0485927 4.75467e-21)
(-0.173508 0.0548069 0)
(-0.202303 0.0851153 0)
(-0.231692 0.0954738 -3.1048e-21)
(-0.249597 0.120086 -2.36308e-21)
(-0.152318 0.139204 0)
(0.0674799 0.0804194 3.34717e-21)
(-0.035285 0.118036 0)
(0.151949 0.0435661 0)
(0.00479697 0.068208 -3.61973e-21)
(-0.267033 0.106392 7.84726e-21)
(-0.228673 0.113315 -2.31886e-21)
(-0.011209 -0.264237 -3.40716e-21)
(0.172354 -0.13773 7.67052e-21)
(0.147215 -0.156983 -6.00212e-21)
(-0.114827 -0.387008 1.70474e-21)
(-0.0771423 -0.329038 -3.71048e-21)
(-0.0361736 -0.360388 2.43751e-22)
(0.0477278 -0.183755 -6.36435e-21)
(0.0511364 -0.153935 2.08615e-21)
(0.149731 -0.110152 3.22715e-21)
(0.134005 0.0100575 0)
(0.0258904 0.0381282 0)
(0.086516 -0.0943346 -3.55657e-21)
(0.189493 -0.0572682 0)
(0.101099 -0.0463002 -3.31618e-21)
(0.200539 -0.0211011 3.02412e-21)
(0.0615377 -0.00977472 4.60933e-21)
(-0.0973006 0.0161603 1.65291e-21)
(-0.141108 0.0248625 0)
(-0.16821 0.0343271 0)
(-0.213582 0.0401081 3.2834e-21)
(-0.245119 0.0588381 0)
(-0.274296 0.0598917 8.2624e-21)
(-0.294493 0.0759786 -7.06126e-21)
(-0.108256 0.0542717 0)
(-0.132025 0.0690211 -5.67658e-21)
(-0.222718 0.08741 1.15629e-20)
(-0.195121 0.0400591 0)
(-0.292502 0.0752987 -7.47357e-21)
(-0.306172 0.0691419 -3.98623e-21)
(-0.0856959 -0.315049 0)
(-0.070538 -0.248578 7.72744e-21)
(-0.0719272 -0.243756 0)
(-0.0639319 -0.323051 -5.27585e-22)
(-0.0899582 -0.326036 4.14361e-22)
(-0.102161 -0.242422 -7.93624e-21)
(-0.0603375 -0.188507 -7.29072e-21)
(-0.090359 -0.162641 9.69494e-21)
(-0.0371747 -0.116158 2.98966e-21)
(-0.103641 -0.0834657 -3.91714e-21)
(-0.0500291 -0.0527866 0)
(-0.0772184 -0.0178728 -3.18618e-21)
(-0.172125 0.0108971 0)
(-0.123471 0.0131842 0)
(-0.16778 0.0198124 -1.28101e-21)
(-0.198094 0.0256513 -5.01979e-21)
(-0.23252 0.0320193 4.30488e-21)
(-0.261246 0.0426995 -1.53211e-21)
(-0.279707 0.0448654 -1.96661e-21)
(-0.307512 0.0567953 6.22748e-21)
(-0.277592 0.0468827 -6.94643e-21)
(-0.30105 0.061954 8.46946e-21)
(-0.264018 0.015527 0)
(-0.298747 0.039761 -1.19023e-21)
(-0.321167 0.0618846 0)
(-0.314361 0.0565674 0)
(-0.0467887 -0.174297 -1.23693e-20)
(-0.0894344 -0.248999 4.26681e-21)
(-0.10988 -0.258997 5.15499e-21)
(-0.121751 -0.288646 -7.1046e-22)
(-0.137725 -0.25931 6.5544e-22)
(-0.172231 -0.210031 -7.46635e-21)
(-0.174967 -0.170587 0)
(-0.195616 -0.112959 -9.32941e-21)
(-0.281277 0.0178955 -4.39168e-21)
(-0.237521 -0.0819603 6.78736e-21)
(-0.273983 -0.0184046 2.80128e-21)
(-0.135494 0.0115885 4.51752e-21)
(-0.294669 0.0530499 2.69733e-21)
(-0.173485 0.0179241 -3.22747e-21)
(-0.198936 0.0232821 -2.79434e-21)
(-0.226295 0.0312888 -6.05195e-21)
(-0.261507 0.03974 1.35422e-21)
(-0.270898 0.0439445 -3.43182e-21)
(-0.294278 0.0460246 -2.6992e-21)
(-0.318238 0.060773 6.72778e-22)
(-0.313226 0.0515554 1.23265e-21)
(-0.27484 0.0591655 4.81691e-21)
(-0.291153 0.0568453 1.99652e-21)
(-0.301958 0.0645257 -1.27921e-21)
(-0.29412 0.0611493 -1.91856e-21)
(-0.242414 0.0645946 -6.67711e-21)
(-0.0389574 -0.105086 0)
(-0.0625013 -0.165992 8.27743e-21)
(-0.183074 0.0661276 0)
(-0.221453 0.0555662 4.37741e-21)
(-0.120778 0.0615412 8.4773e-21)
(-0.146578 0.0581733 -5.59777e-21)
(-0.0860444 -0.181451 0)
(-0.125147 -0.221315 -4.90037e-21)
(-0.162279 -0.198663 1.5002e-20)
(-0.21943 0.0286151 -5.83721e-21)
(-0.245524 0.00874597 4.6204e-21)
(-0.179571 -0.157312 -1.06991e-20)
(-0.23049 -0.0769409 1.13788e-22)
(-0.222386 -0.0475248 -9.42586e-21)
(-0.135738 0.0117714 0)
(-0.266246 0.0528008 0)
(-0.245172 0.0395979 2.5967e-22)
(-0.250757 0.0463456 -3.54415e-22)
(-0.169208 0.0200999 -5.02247e-21)
(-0.197278 0.0263329 5.3414e-21)
(-0.215701 0.0314427 4.634e-21)
(-0.284841 0.070173 1.83082e-21)
(-0.276875 0.0697535 -4.16907e-22)
(-0.247391 0.0774343 3.63316e-21)
(-0.228234 0.0764842 1.32583e-21)
(-0.259229 0.0572894 -5.47572e-21)
(-0.264837 0.071903 1.99898e-23)
(-0.271602 0.0638714 4.67546e-21)
(-0.201417 0.0821184 2.29948e-21)
(-0.176507 0.0804323 -7.50234e-21)
(-0.119858 0.0731996 2.8829e-21)
(-0.145065 0.0806275 2.3815e-21)
(-0.0957101 0.0709201 -3.36804e-21)
(-0.057566 0.052447 0)
(-0.0759415 0.0589829 2.79832e-21)
(-0.0918717 0.0547554 -2.40034e-22)
(-0.0834285 0.0470408 0)
(-0.0249327 -0.0547229 -4.19627e-21)
(-0.0490764 -0.0950177 4.10557e-21)
(-0.059507 -0.102593 2.88711e-21)
(-0.0951235 -0.1383 0)
(-0.107709 0.0317552 1.0204e-20)
(-0.141142 0.0342309 0)
(-0.168901 0.01889 5.66236e-21)
(-0.121308 -0.116504 1.30633e-22)
(-0.152645 -0.0268255 1.53358e-21)
(-0.151436 -0.124331 -4.2194e-21)
(-0.179981 -0.0561373 8.46574e-21)
(-0.0139535 -0.0251679 -4.96204e-22)
(-0.0255739 -0.0430874 0)
(-0.126003 0.0107819 0)
(-0.0850572 0.00384021 -5.1455e-22)
(-0.102856 0.00502802 5.18696e-22)
(-0.223808 0.0441785 -3.00818e-21)
(-0.234486 0.0542652 2.64528e-21)
(-0.150077 0.0166046 0)
(-0.184907 0.0256346 -2.45616e-21)
(-0.201145 0.0351563 2.95873e-21)
(-0.199209 0.0864365 1.24116e-21)
(-0.239285 0.076743 -2.01769e-21)
(-0.232767 0.0817439 -2.56042e-21)
(-0.218734 0.0602223 -3.409e-21)
(-0.219075 0.0716475 6.75997e-22)
(-0.176345 0.0843061 0)
(-0.148089 0.084391 0)
(-0.134587 0.0828167 0)
(-0.107081 0.0793855 -2.97558e-21)
(-0.0874892 0.072791 -1.67582e-21)
(-0.0674395 0.066163 3.98958e-21)
(-0.0505259 0.0542456 0)
(-0.0078086 0.0145319 0)
(-0.00500053 0.00961375 -6.67879e-22)
(-0.0142652 0.0259851 3.59747e-21)
(-0.0228616 0.0350549 -3.1536e-21)
(-0.0363454 0.0471486 0)
(-0.0258689 0.0329102 -5.85684e-21)
(-0.0393753 0.0403164 3.75505e-23)
(-0.010753 0.0154365 0)
(-0.0146983 0.02018 -4.59986e-21)
(-0.00493269 0.00587307 0)
(-0.0416708 0.0354756 1.35517e-23)
(-0.0597483 0.0401251 2.0577e-23)
(-0.0589283 0.0304379 3.55591e-21)
(-0.0924814 0.0259541 -4.32545e-21)
(-0.0363817 -0.047948 8.81291e-21)
(-0.0604587 -0.0669845 -1.85481e-20)
(-0.0882053 -0.0672188 3.9511e-21)
(-0.0877761 0.009016 -2.28004e-21)
(-0.096601 -0.0379682 8.37686e-21)
(-0.117178 -0.0226119 -5.88531e-21)
(-0.00690022 -0.00708612 0)
(-0.013082 -0.015461 0)
(-0.0161977 -0.0167658 -3.64655e-21)
(-0.0323236 -0.0283306 -5.33373e-21)
(-0.00421486 0.00680791 5.65156e-22)
(-0.117804 0.0104127 1.25357e-21)
(-0.0697796 0.000824367 0)
(-0.0874994 0.002824 -1.09677e-21)
(-0.1467 0.0292967 1.49045e-21)
(-0.173555 0.0375351 -4.4578e-21)
(-0.189332 0.0550491 -8.10666e-23)
(-0.162316 0.0678505 4.04891e-21)
(-0.181567 0.0761271 -4.75263e-21)
(-0.169064 0.0815085 3.23332e-21)
(-0.0990769 0.0791471 -3.93072e-21)
(-0.128483 0.0781588 6.07468e-23)
(-0.125918 0.0828422 1.11158e-21)
(-0.0371326 0.053147 4.04607e-21)
(-0.0566226 0.0645365 -4.42169e-23)
(-0.0786217 0.0718143 1.95872e-21)
(-0.0111595 0.0273614 1.76765e-21)
(-0.0273571 0.0448949 -2.14115e-21)
(-0.00631044 0.017761 -1.5888e-21)
(-0.0165704 0.0185408 5.23523e-21)
(-0.0262081 0.0239918 0)
(-0.00504105 0.00498554 4.11264e-21)
(-0.00739843 0.00750808 -7.26838e-21)
(-0.00222774 0.000334648 0)
(-0.00222406 0.000331512 0)
(-0.00450599 -0.00215494 -1.1554e-21)
(-0.0267829 0.0194267 5.2423e-21)
(-0.0413393 0.0217629 -1.58194e-23)
(-0.0412694 0.0142473 -1.0782e-20)
(-0.0632521 0.00757532 1.0884e-20)
(-0.0389595 -0.0179362 3.80771e-21)
(-0.0543289 -0.0178049 -3.09013e-21)
(-0.0479366 -0.00261632 -3.8081e-21)
(-0.00654801 -0.00306622 7.17178e-22)
(-0.0130978 -0.00712771 2.03319e-21)
(-0.0214457 -0.00661998 1.40881e-21)
(-0.00507096 0.0134532 -3.05322e-21)
(-0.0292689 0.0495639 0)
(-0.0616475 0.0639658 0)
(-0.0931573 0.0360272 3.94697e-21)
(-0.108841 0.0553778 -2.76841e-21)
(-0.101076 0.0672078 0)
(-0.0222632 0.00259982 3.06211e-23)
(-0.0626343 0.0148131 0)
(-0.010026 0.0309593 -1.03653e-22)
(-0.000829241 0.00176167 -6.08664e-22)
(-0.000217486 0.00204891 2.99376e-21)
(-0.00929537 0.00687253 7.49977e-21)
(-0.0147099 0.0105717 0)
(-0.00154228 -0.000792461 -3.39873e-21)
(-0.00344566 0.000626281 -1.07879e-20)
(-0.000489374 -0.00230163 5.95606e-21)
(-0.00139594 0.00147407 4.21849e-22)
(-0.00538018 -0.000676496 0)
(-0.0159003 0.00597548 0)
(-0.0257753 0.00784404 0)
(-0.0282725 0.000492424 0)
(-0.0074537 -0.000584911 4.81293e-21)
(-0.0162943 -0.00291937 -4.11252e-21)
(-0.0185756 0.000574248 0)
(-0.00132115 0.00993911 0)
(-0.000409827 0.00166615 2.7225e-21)
(0.000580181 0.00166841 -6.82894e-21)
(0.000651868 0.00195467 1.18869e-20)
(0.000635508 0.00178197 -7.18398e-21)
(0.000874936 0.00122661 -2.33877e-21)
(0.0004688 0.000635646 0)
(-0.00314243 -8.88338e-05 3.51874e-21)
(-0.0066942 0.00129195 0)
(0.000156537 -0.00293466 0)
(-0.000223403 -0.00243948 0)
(0.000225393 -0.00302254 -1.29477e-21)
(-0.000778037 0.0010991 2.23582e-21)
(-0.00308819 0.000834687 0)
(-0.00238811 0.000434778 6.76851e-21)
(-0.00463288 0.000682398 1.79024e-21)
(-0.00598597 0.00148011 -6.75079e-21)
(0.00116038 0.00146338 0)
(0.000773543 0.00130196 5.27914e-21)
(0.00124129 0.0010704 8.56216e-21)
(0.00149017 0.00125018 -9.71163e-21)
(0.000673671 0.000345591 -1.74315e-22)
(0.00121946 0.000655749 7.2328e-21)
(0.000782129 -0.00231938 1.45299e-21)
(0.000204429 -0.0013259 -1.08956e-21)
(0.000750336 -0.0022966 -8.36624e-21)
(0.00095419 -0.00268613 1.14318e-20)
(0.00119873 -0.00254162 0)
(0.00133519 0.000953266 -5.358e-21)
(0.000533765 0.000832204 -7.84286e-21)
(0.00172025 -5.61399e-06 1.1628e-20)
(0.00158779 -0.00102097 0)
(0.00107278 -0.00147858 0)
(0.000583668 -0.00082011 4.46027e-21)
(0.0019711 0.000841833 3.35733e-21)
(0.00209815 0.000794889 -5.95497e-21)
(0.00144456 0.000458191 -1.30425e-22)
(0.0019099 0.000597491 1.78982e-24)
(0.00158029 -0.00134381 0)
(0.00195002 -0.0016325 1.9505e-21)
(0.00220291 -0.00110397 -1.68504e-21)
(0.0025576 0.000271592 -4.16512e-24)
(0.0024609 -0.000551091 7.99863e-22)
(0.00247631 -0.000120494 6.32241e-21)
(0.00088263 -0.000391646 -5.91228e-21)
(0.00160535 -0.000761258 0)
(0.00201977 0.000251027 -8.83114e-21)
(0.00245048 0.00019923 4.21039e-21)
(0.0022059 -3.67637e-05 4.4837e-21)
(0.00189762 -0.000437612 0)
(0.0023139 -0.000458558 -4.91229e-21)
)
;

boundaryField
{
    movingWall
    {
        type            fixedValue;
        value           uniform (1 0 0);
    }
    fixedWalls
    {
        type            noSlip;
    }
    frontAndBack
    {
        type            empty;
    }
    defaultFaces
    {
        type            empty;
    }
}


// ************************************************************************* //
