/*--------------------------------*- C++ -*----------------------------------*\
  =========                 |
  \\      /  F ield         | OpenFOAM: The Open Source CFD Toolbox
   \\    /   O peration     | Website:  https://openfoam.org
    \\  /    A nd           | Version:  8
     \\/     M anipulation  |
\*---------------------------------------------------------------------------*/
FoamFile
{
    version     2.0;
    format      ascii;
    class       surfaceScalarField;
    location    "11000";
    object      phi;
}
// * * * * * * * * * * * * * * * * * * * * * * * * * * * * * * * * * * * * * //

dimensions      [0 3 -1 0 0 0 0];

internalField   nonuniform List<scalar> 
6926
(
-1.05308
0.0710304
-0.652857
-0.575153
0.174931
-0.941648
0.0740222
-0.11292
-0.539937
0.0688487
-0.756921
-0.752278
-0.0144388
-0.635251
-0.0481789
0.234424
-1.05805
-0.0648818
0.0131677
-0.583537
0.177766
-0.717703
-0.644037
0.466534
-0.586708
0.133342
0.0251469
-0.66014
-0.828081
-0.244412
-0.409726
-0.067918
0.0526743
-0.568293
0.156253
-0.873956
-0.555702
-0.534205
0.000170975
-0.533756
0.257371
-0.680505
-0.165025
-0.767876
-0.57277
-0.794974
-0.217314
-0.210007
0.0233041
-0.38159
-0.191513
-0.574195
-0.122765
-0.751191
-0.896196
0.12969
-0.13117
-0.592823
0.119815
-0.423188
-0.812396
0.0723861
-0.511072
0.000171649
-0.528536
-0.00504826
-0.53411
-0.00349319
-0.102483
-0.938837
-0.388219
0.252407
-0.436958
-0.563079
-0.0424531
-0.10126
-0.471843
-0.185245
-0.511715
0.0459093
-0.7971
-0.113066
-0.705418
0.225661
-1.06843
-0.00149962
0.0947435
-0.787325
-0.00262115
-0.533632
-0.788735
-0.00795575
-0.612508
0.000175532
-0.525005
-0.00335992
0.153228
-0.139929
-0.827722
-0.818035
-0.527905
-0.0112531
-0.534207
-0.0323656
-0.0383873
-0.648043
-0.523781
0.0443699
-0.420776
-0.236312
-0.886582
-0.834035
0.036935
0.000159864
-0.699401
-0.00617667
-0.867638
0.024869
-0.983456
0.0335763
-0.727567
-0.256032
-0.533914
-0.0107252
-0.522747
-0.753593
-0.13176
-0.14349
-0.759401
-0.849008
0.000186911
-0.528042
0.00321319
-0.519904
-0.0113607
-0.174014
-0.682409
-0.389418
-0.612318
-0.528254
-0.0172063
-0.534173
-0.0219738
-0.0363954
-0.567278
-0.89008
0.056045
-0.223853
-0.625794
0.143547
-0.0273553
0.275693
-0.391885
-0.332063
-0.558017
0.359358
-0.547874
-0.0835481
0.000177386
-0.61603
0.840962
-0.470747
-0.453763
-0.0328526
-0.958587
-0.0773626
-0.642654
-0.375951
0.0707693
-0.422385
-0.0980923
-0.533891
-0.0226718
-0.521967
-0.00891482
-0.513655
0.584358
-0.592636
-0.0690851
-0.425328
-0.512199
-0.437887
0.252504
-0.292857
-0.349065
0.0160357
-0.522933
0.461579
-0.65956
-0.0258718
-0.387626
0.000197182
-0.54668
0.0188242
-0.510652
-0.00603907
-0.51625
-0.0233644
-0.132559
-0.586246
-0.209274
-0.535603
-0.532877
-0.018502
-0.0516421
-0.53761
-0.301366
-0.0149852
0.288996
0.869893
-0.234842
0.300144
0.00805327
-0.053582
-0.346356
-0.284694
-0.0086182
-0.129034
-0.472422
-0.687051
-0.0295159
0.000198067
-0.586713
0.121513
-0.621776
-0.575133
0.242882
-0.991439
-0.0208529
-0.551031
-0.0688958
-0.544593
0.0134379
-0.533916
-0.0348675
-0.521696
-0.0225191
-0.508363
-0.00238065
-0.511076
0.191057
-0.68722
0.672159
-0.357304
-0.383941
-0.0403504
-0.461781
0.0515078
-0.440923
0.000841229
-0.472266
0.0787549
-0.504954
-0.466579
0.107163
-0.41371
0.00021196
-0.580621
0.0341385
-0.529824
0.0379968
-0.524825
0.00253596
-0.528242
-0.027999
0.0949349
-0.0988363
-0.531701
-0.542953
-0.542602
-0.0135093
0.359347
-0.406338
0.0320061
0.413501
-0.286752
-0.344298
-0.325623
-0.0893331
0.20807
-0.895121
-0.551104
0.00945719
0.000227815
-0.596398
-0.00644627
-0.605872
-0.641764
0.0601854
-0.748557
-0.000268521
-0.537325
-0.00140866
-0.543453
-0.0429896
-0.525793
-0.0408309
-0.503384
-0.0173795
-0.493364
0.0130065
-0.523855
-0.188883
-0.497495
-0.494069
0.051125
-0.0133602
-0.478688
-0.509492
-0.0243447
-0.461282
0.034476
-0.540839
0.30676
-0.77359
0.00025108
0.00021322
-0.610629
0.0302202
-0.583766
0.0880805
-0.111286
-0.375542
-0.457051
-0.0686552
-0.552052
-0.0185493
0.00471985
0.00261636
-0.539037
-0.551742
0.360357
-0.328689
0.000337991
0.000267784
-0.635156
-0.0347655
-0.418413
0.000390455
-0.325918
-0.00317797
-0.30606
-0.236257
-0.640765
-0.133745
-0.761376
0.00536267
0.000277364
-0.602038
0.00296427
-0.603474
-0.633404
-0.00539636
-0.688372
-0.0441518
-0.536163
-0.038439
-0.549165
-0.0529973
-0.513627
-0.0641142
-0.456649
0.0143356
-0.494693
0.028231
-0.551808
0.0543073
-0.5139
-0.467532
0.00716949
-0.514045
0.00966146
-0.48118
0.0131544
-0.464774
-0.0280939
-0.551184
-0.624778
0.0143622
-0.62507
0.000543471
-0.628611
0.0750646
-0.363019
-0.205319
-0.65048
-0.590313
-0.0303937
0.0038311
0.00331994
-0.546189
-0.566461
-0.617999
-0.00680335
-0.605542
-0.0121198
-0.453631
0.000452262
-0.59075
-0.0144015
0.000514338
-0.457323
-0.0388527
-0.503465
-0.108637
-0.665873
-0.00799599
-0.75338
0.011774
0.000328065
-0.61414
-0.0325894
-0.559111
-0.623945
-0.0420482
-0.693768
-0.0531079
-0.536052
-0.0432463
-0.559027
-0.097319
-0.480422
-0.368774
-0.0735401
0.0840416
-0.550504
0.0266138
-0.578094
-0.018017
-0.523977
-0.472395
-0.0050964
0.0068184
-0.482902
-0.515822
0.00921869
-0.467175
-0.0294158
-0.565015
-0.63821
0.0239609
-0.630363
-0.00730259
-0.668038
0.0926231
-0.76518
-0.0304525
0.00622513
0.00398143
-0.556395
-0.590629
-0.619335
-0.017832
-0.606077
-0.0253771
-0.574874
-0.015423
-0.590999
-0.0294795
-0.0118906
-0.562469
0.000578592
-0.496754
-0.0381544
-0.573947
-0.00804385
-0.665825
0.0780458
-0.831426
0.0925004
-0.707007
0.000367258
-0.0311261
-0.435484
-0.359096
-0.295975
-0.735816
-0.073324
-0.560047
-0.0497558
-0.582595
0.332894
-0.617626
-0.221069
-0.157893
-0.549502
0.000387531
0.065667
-0.589557
-0.593879
0.0161519
-0.0156558
-0.537737
-0.478832
0.00295943
-0.5148
-0.0015832
-0.478359
-0.00292268
-0.465835
-0.0296298
-0.585141
-0.65972
0.0156421
-0.638116
-0.0289061
-0.691709
0.019152
0.00257496
-0.0149361
-0.544034
-0.618507
-0.613729
-0.0422194
-0.602414
-0.0366914
-0.570492
-0.0359301
-0.593475
-0.0384191
-0.0324985
-0.549885
-0.00215609
-0.559735
0.000635177
-0.535544
-0.00249437
-0.579496
0.0851709
-0.67295
-0.12691
-0.704516
0.492506
-0.395559
-0.25484
-0.302074
-0.665724
-0.366067
0.0226576
0.108155
-0.526371
-0.0830665
-0.69805
-0.059417
-0.606245
0.0557557
-0.607714
-0.527254
0.000409949
-0.600873
0.00738176
0.027473
-0.600878
0.00891415
-0.490669
-0.558453
0.0251905
-0.0333405
-0.470209
-0.504545
-0.0267962
-0.472379
-0.031594
-0.612964
0.0193085
-0.490353
0.414872
0.0561731
-0.69999
0.0239236
-0.625175
-0.103722
-0.0495365
-0.0104721
-0.484025
-0.648891
-0.600068
-0.0673264
-0.582229
-0.0545303
-0.555978
-0.073427
-0.0246019
-0.596046
-0.0822996
-0.506177
-0.00588044
-0.54616
0.0103003
-0.5694
0.000694323
-0.538733
0.0367387
-0.531064
-0.532694
-0.292503
0.152247
0.0035378
-0.663141
-0.0224783
-0.682038
0.105473
-0.771196
0.562669
-0.709354
0.00179857
0.0448118
-0.572982
-0.525879
0.000423467
-0.0388868
-0.603407
-0.00156592
-0.643566
0.0299704
-0.610212
-0.601387
0.000923923
0.0137511
-0.607247
0.0116417
-0.601689
-0.505823
0.0617753
-0.0301366
-0.501848
-0.453242
-0.123233
-0.379283
-0.0680922
-0.546437
0.960472
-0.645463
-0.315008
-0.368036
0.541164
-0.153819
-0.562196
-0.296193
0.42627
-0.184481
0.173082
0.696716
0.319928
0.192337
0.292666
-0.0587328
-0.322825
-0.614442
-0.947793
-0.474946
-0.576568
-0.688684
0.146412
-0.553685
-0.189529
0.00326028
-0.581547
-0.605558
-0.0639154
-0.316085
-0.371772
-0.00292015
-0.509137
0.0193017
-0.555161
-0.42445
0.135484
0.0237261
-0.592432
0.000750187
-0.502744
-0.439731
0.0609134
-0.490552
-0.195067
0.100156
-0.782194
0.0632701
-0.453666
-0.721549
-0.0606445
-0.008988
-0.762208
-0.673531
-0.00521563
-0.0725227
-0.495243
-0.531538
0.000443422
-0.599163
-0.00180019
0.0201539
-0.593591
-0.168
-0.455412
0.02595
-0.622411
-0.604321
-0.00200192
0.0475963
-0.717377
-0.58146
-0.575677
-0.305454
-0.437185
-0.277253
1.01864
-0.0482192
0.373176
-0.504029
0.427086
-0.0704031
-0.551934
0.530858
-0.132742
-0.669086
-0.179041
-0.0184523
-0.703097
0.656844
-0.0177739
-0.657522
0.604484
0.0216251
-0.0438792
-0.58223
-0.0824132
0.77913
-0.410597
0.135584
0.46735
0.411032
0.0172173
0.397705
-0.0293513
-0.40193
-0.78819
-0.638693
0.208536
-0.430735
-0.397487
0.165328
-0.592803
0.0450643
-0.690527
-0.429444
0.179022
-0.174028
-0.0824008
0.23892
-0.472604
-0.457093
0.0359147
-0.52575
0.0453779
-0.576813
-0.364637
0.0603906
0.028705
-0.620386
-0.442625
0.000793991
0.520224
-0.3621
-0.094854
-0.104287
0.682707
-0.0865081
-0.133059
0.595873
-0.00916272
-0.550786
0.574416
-0.00200538
0.0375096
-0.799718
-0.708544
0.142092
-0.261262
-0.376073
-0.389914
0.000467972
-0.598116
-0.000604258
-0.0101986
-0.595923
0.0799112
-0.647552
-0.812685
-0.611064
-0.013348
0.14187
-1.1365
-0.745044
0.984561
-0.10559
-0.188554
0.462202
-0.00174778
-0.611502
0.526926
-0.0481664
-0.727597
-0.0629465
-0.0407925
-0.660609
-0.743889
0.049548
-0.0582196
-0.573559
0.00271254
0.637805
-0.00300308
-0.637515
-0.498525
0.0137547
-0.00183403
0.45543
0.792884
0.329875
0.0793231
0.410295
0.00462688
0.434988
-0.00213709
-0.20739
-0.939583
-0.787044
0.277336
-0.509495
0.0405974
-0.588336
0.0950518
-0.546659
-0.260171
0.0745561
-0.366609
-0.0675902
-0.0821522
0.111776
-0.502228
-0.503331
0.056773
-0.537145
0.102098
-0.650206
-0.38304
0.0008059
0.0130721
-0.632664
0.423706
-0.466708
-0.0518517
-0.0471903
-0.547127
-0.0526403
-0.037762
0.566588
-0.00133429
0.637962
-0.00216217
0.116149
-0.915867
-0.853656
-0.0495996
-0.571663
0.766505
-0.669631
-0.0974262
0.000551472
0.000517752
-0.595948
-0.00169995
0.00124191
-0.597769
-0.243689
-0.426552
0.000610062
0.707355
-0.416078
-0.340877
0.046455
-0.125529
-0.640701
-0.786951
-0.475078
-0.0433891
1.01381
0.84137
-0.0610597
-0.0747819
0.550938
-0.0257597
-0.633537
0.526806
0.0585644
-0.750204
0.0537206
0.640016
-0.639906
-0.00311268
-0.895642
0.151752
-0.697957
-0.197684
-0.567076
0.0622611
-0.269416
-0.366404
0.692615
0.100269
-0.00534207
0.00327785
-0.00335889
-0.637434
-0.432986
0.639952
0.145353
0.45385
0.0357679
0.442161
-0.00254645
0.580506
-0.0317044
-0.136961
-0.170051
-0.632571
-0.646669
0.123
-0.591897
0.0769512
-0.570235
0.0872034
-0.522087
-0.309243
0.000758897
-0.377489
0.000656077
-0.0673774
0.074585
-0.509436
-0.513935
0.0737336
-0.508781
0.00130478
-0.638439
-0.635259
0.00340011
0.425137
-0.477158
0.000169843
0.000457544
-0.529565
-0.000233902
-0.000739151
0.637922
-0.00129456
0.639813
-0.00195959
0.223785
-1.13965
0.727297
-0.272302
-0.698684
-0.0174115
0.163617
-0.562283
-0.587833
-0.58882
-0.00661012
-0.590814
0.0025457
0.00496819
-0.604437
-0.699534
0.000679395
0.0561337
-0.646338
-0.673599
-0.283403
0.0894982
-0.538666
-0.224431
0.399852
-0.577113
-0.715927
0.896987
-0.0131858
-0.0388364
0.425006
0.510817
0.559343
0.454466
0.822653
-0.0260029
-0.00233279
0.544943
-0.0438968
-0.609178
0.526644
0.141099
-0.910894
0.355436
-0.63883
-0.00443461
0.473111
0.156672
-0.632897
-0.590843
-0.245649
-0.483699
-0.304828
0.0128603
-0.624914
-0.70754
0.218499
0.0326799
0.00365749
-0.00155169
-0.63954
-0.416468
0.542553
0.0566506
0.480881
-0.00295225
0.611598
-0.0336385
0.569845
-0.0566062
-0.0315725
-0.5115
-0.555242
-0.102572
0.0483237
-0.484418
0.0553627
-0.570309
0.0635111
-0.546543
0.0692792
-0.516781
-0.636071
0.00157148
-0.636544
0.00112904
-0.0685708
0.0673334
-0.508198
-0.508772
0.00939429
-0.51687
-0.636493
0.00145458
-0.63698
0.000893111
-0.637373
0.00056342
-0.63771
0.000102415
-0.000526747
0.639434
-0.000915282
0.421407
0.0497448
-0.390772
0.386645
0.1608
-0.191984
-0.947669
-0.0519133
-0.838754
-0.0417824
0.135336
-0.655836
-0.624647
-0.581787
-0.0292609
-0.533328
-0.0459133
0.0450145
-0.522208
-0.752134
0.000686895
-0.484452
-0.161206
0.323694
-0.765471
-0.675636
-0.424207
-0.475861
0.85995
0.012764
0.415482
0.405632
0.265075
0.575413
-0.508712
1.06806
0.456571
0.831368
-0.000401052
-0.0818582
0.534535
-0.0517885
-0.51931
0.526401
0.134008
0.130855
-0.294729
-0.634961
-0.00542082
-0.542927
-0.0944043
0.276526
-0.179184
-0.488115
0.519704
0.0555287
-0.433375
0.129315
-0.320853
0.00390814
0.0105195
-0.653967
-0.283245
0.540898
-0.00336597
0.62756
-0.0189147
0.640157
-0.103951
0.538643
-0.0607141
0.0663617
-0.59314
-0.00806449
-0.455112
-0.507943
-0.0389191
0.0200481
-0.465547
0.0390165
-0.545814
0.0533202
-0.530584
0.0615388
-0.510986
-0.636496
0.00157429
-0.636966
0.00159856
0.0096851
-0.509063
-0.00287129
-0.495642
-0.532364
0.0169484
-0.637537
0.00146457
-0.638186
0.0012124
-0.638844
0.000760511
6.27988e-05
0.412485
0.00800668
0.389094
0.0472957
-0.24137
0.140905
0.261265
0.221554
-0.186397
-0.0411858
-0.906483
-0.0344827
-0.845457
0.0117442
0.068324
-0.735904
-0.642164
-0.376224
-0.311853
0.115616
-0.446826
-0.315354
0.0936334
-0.300488
-0.787351
0.00073449
-0.443282
-0.0404831
-0.102717
-0.373843
-0.0768791
-0.620268
-0.486378
-0.177651
1.04812
0.734723
0.333332
0.290065
-0.272849
0.388416
0.0702107
0.484929
0.133349
0.898635
0.820535
0.0364139
0.726612
0.0120647
0.525955
-0.0513426
-0.497911
0.52611
0.105809
-0.437326
0.0702701
-0.00544352
-0.618243
-0.0061992
0.29707
-0.104371
-0.371883
-0.527854
-0.0204933
-0.0989309
-0.483588
0.00401725
0.0483327
-0.706317
0.600082
-0.00365496
0.645974
-0.0217801
0.625287
-0.00404459
0.508067
-0.0733744
0.520725
-0.0554834
-0.0934224
-0.538637
-0.00725244
-0.427811
-0.476179
-0.0256208
0.00965107
-0.449577
0.032116
-0.52461
0.0488658
-0.517911
-0.0168114
-0.497046
0.542547
-0.513807
-0.0271411
0.011757
0.024208
-0.516323
-0.00451319
-0.466921
-0.477944
-0.0343984
-0.447588
-0.029144
0.424793
-0.0122447
-0.022035
0.390892
0.00620845
0.114819
-0.163825
0.189911
0.42338
0.225028
-0.1673
0.240986
-0.130313
0.0418677
-0.948351
0.0355844
-0.839174
-0.752518
0.000751033
-0.271671
0.0877026
-0.551936
-0.467908
0.101015
-0.454207
0.00999705
-0.413202
-0.430826
-0.011721
0.00881852
-0.423145
0.0317428
-0.564308
-0.548058
-0.110582
0.789901
0.187905
0.587371
0.624716
0.110008
-0.468175
0.563637
0.23787
-0.0251287
0.483755
0.0814394
0.536839
-0.0511516
0.481611
-0.804699
0.715487
0.101277
0.0894349
0.52122
-0.046453
-0.509048
0.525769
0.0890872
-0.584187
0.145409
0.125856
-0.563208
-0.00670219
0.273614
-0.322502
-0.0554837
-0.565096
0.0310419
-0.0593246
-0.41149
-0.484322
-0.0197596
-0.711341
0.200875
-0.195851
-0.0690221
-0.355518
-0.0068148
0.608353
-0.00484695
0.530404
-0.0263817
0.50752
-0.0601696
-0.0490554
0.514792
-0.0347691
-0.529488
-0.00881779
-0.409343
-0.452881
-0.0229522
0.00632936
-0.432954
0.0306676
-0.506412
-0.0140576
-0.520665
-0.464141
-0.0374183
0.609105
-0.494711
-0.141535
0.104539
0.00420681
-0.366588
-0.457816
-0.0712929
-0.434359
-0.052601
0.416125
-0.0374774
-0.0402694
0.297586
0.132002
-0.159962
0.309249
0.0406233
0.21152
-0.146454
0.21605
-0.142364
0.230359
-0.0870578
0.193167
-1.14152
0.0429453
-0.688952
-0.710301
0.000728762
-0.426439
-0.00363625
-0.122847
0.0875764
-0.516666
-0.48974
0.0645735
-0.508784
0.00118793
-0.405571
-0.423945
-0.0109215
0.0516264
-0.528358
-0.531201
-0.0130471
0.759816
0.424796
-0.107343
0.472448
0.055607
0.557094
0.0369011
0.525341
0.599579
0.0251364
0.55599
0.117655
-0.277573
0.422324
0.0931197
0.038273
0.526922
-0.00172713
0.487415
0.286285
-0.0822474
-0.0267351
0.626314
-0.820419
0.729093
0.192603
0.126846
0.0480106
0.796662
0.51828
-0.0389637
-0.400053
0.525436
-0.0362953
0.622534
0.232415
0.36789
-0.684679
0.112881
-0.357947
-0.0238793
-0.500014
0.0467341
-0.00700869
-0.424241
-0.544982
-0.00638702
-0.00565103
-0.545107
-0.146387
-0.0416064
0.510831
0.547485
-0.0219277
0.534117
-0.0529789
-0.0521507
0.506773
-0.0378552
-0.514585
-0.0100857
-0.392928
-0.432299
0.0258779
-0.0268753
-0.431957
-0.340158
-0.119777
0.00892898
-0.529398
-0.51809
-0.0399929
0.506742
-0.388754
-0.259524
-0.200004
0.633416
-0.318933
-0.367084
0.17337
-0.251054
0.511164
0.190197
0.151961
0.421278
-0.169135
0.219951
-0.150354
0.207915
-0.11992
-0.937461
-0.204056
0.305846
-0.731495
-0.263304
-0.405074
0.000619743
-0.425075
-0.000635254
-0.42439
-0.00319092
-0.0836667
0.0755861
-0.508585
-0.508833
-0.00262296
-0.504973
-0.417811
0.00131808
0.0558328
-0.508604
-0.513223
-0.87049
-0.066971
-0.88764
0.0171495
0.018534
0.633938
-0.00779675
0.535852
0.0546772
0.539318
0.0368219
0.526792
0.552874
0.0282526
0.477436
0.0625417
0.387912
-0.00850664
0.040023
0.485172
0.407323
-0.00215615
-0.0497569
0.575896
0.684392
-0.0580777
0.746014
-0.0616222
0.906461
-0.160447
0.362533
-0.343712
0.945396
0.0392691
0.685139
0.452861
0.94511
0.131907
0.68329
-0.516012
0.504261
-0.029856
-0.0295396
0.525148
-0.193554
0.169377
0.748177
-0.518134
0.131001
-0.373101
0.00814488
-0.423194
0.045687
0.545783
-0.00394957
-0.00571098
0.435861
-0.19206
-0.390188
-0.301283
0.219009
0.0471349
-0.0421456
0.499272
0.505815
0.560936
-0.0487464
-0.085533
0.539327
0.0313632
-0.520071
0.0241083
-0.447478
-0.395695
0.0147333
-0.0348085
-0.411881
-0.511256
-0.126611
0.00338012
-0.572771
0.47158
-0.557734
-0.23968
0.538529
-0.309737
-0.0385952
0.323405
0.256131
-0.144589
0.213826
-0.16301
0.207231
-0.14967
-0.839777
-0.0957738
-0.668837
0.000458763
-0.424755
0.000299316
-0.42466
-0.000365524
-0.422411
0.0014095
0.0122385
-0.0265664
-0.494257
-0.499217
-0.508327
0.00467264
0.034374
-0.516234
-0.500797
0.523465
-0.325293
0.164361
-0.848508
-0.0582405
-0.307893
0.0595931
0.566549
0.0523634
0.538165
0.049473
0.526667
0.0893548
0.47746
0.48538
0.0203095
0.432915
0.0175386
0.401399
-0.0025826
0.0315228
0.451493
0.467139
-0.0315165
-0.207906
0.725724
-0.104374
0.363607
-0.407557
0.209588
-0.127325
0.667539
-0.00343756
-0.599656
-0.151613
-0.0925631
0.394545
0.682471
0.431326
0.416079
0.588438
0.154445
-0.0851494
0.685853
-0.521717
0.485481
0.00638024
-0.0261086
0.0297378
0.524885
0.486811
-0.0434761
-0.392375
0.100183
-0.367519
0.0401051
0.598805
-0.0418188
-0.202906
0.282829
-0.271983
-0.252482
0.234028
-0.321524
0.148158
-0.0990512
0.519333
-0.00848761
0.408708
0.575516
-0.0849355
0.0268914
-0.532229
0.0401958
-0.484294
-0.390307
-0.0453844
-0.0721982
-0.294299
0.671495
-0.541343
-0.369832
-0.027887
0.245351
-0.47968
0.162259
-0.458251
0.469771
-0.252236
0.260113
-0.190876
0.216132
-0.171911
-0.764789
0.000178728
-0.424749
0.000453179
-0.424919
0.000559148
-0.424245
0.00146817
-0.527626
0.0207085
0.00412403
-0.0117465
-0.486635
-0.490421
0.0523961
-0.541738
-0.460147
-0.436388
0.292855
-0.822835
-0.000194665
-0.0794834
0.144266
0.523654
0.539429
0.0612388
0.5264
0.140194
0.475828
0.0746783
0.434305
0.446754
0.00647078
0.421925
-0.00298689
0.016882
0.432028
0.42062
-0.00538267
0.297179
0.0190669
0.604567
0.0562193
-0.315518
0.0887186
-0.424692
-0.0181506
0.582165
0.0189638
-0.52364
-0.0526649
-0.0340377
0.241961
0.594955
0.572891
0.400101
0.33912
0.190864
0.524727
0.438072
0.0402514
-0.630726
0.378801
0.258305
-0.131949
0.479841
-0.144516
-0.072419
-0.0529406
0.525461
-0.339801
0.0724652
0.584487
-0.05079
0.242694
0.0698096
-0.221892
0.212105
-0.262418
0.174922
-0.297166
0.105523
-0.660973
0.413099
0.197084
-0.226575
0.269712
-0.0875791
-0.0175813
-0.560032
0.146238
-0.658419
-0.316267
-0.137008
-0.473558
0.247653
-0.455226
0.268312
-0.27822
0.193665
-0.383604
0.23342
-0.225543
0.219788
-0.194533
-0.424823
0.000252704
-0.425176
0.000709342
-0.425131
0.00144535
-0.557161
0.0310028
-0.0496438
-0.0710467
-0.365944
-0.519356
0.143597
-0.702917
-0.387596
-0.529218
-0.000761552
-0.424833
-0.000184808
-0.074542
0.525777
0.526125
0.16662
0.499974
0.181991
0.368516
0.0308719
0.420315
0.431761
-0.00336558
0.00502435
0.424017
0.430059
-0.00368089
0.453017
-0.00389061
0.513129
-0.00389294
-0.439105
-0.00139438
-0.455169
-0.00208729
0.535805
-0.0037122
-0.505079
-0.00275472
-0.00331152
0.238915
0.52484
0.525095
-0.203385
0.596163
-0.288918
0.516721
0.0419094
0.061575
0.418394
0.101698
-0.36528
0.479069
-0.189628
0.199509
0.515579
-0.358121
0.206038
-0.236653
0.18634
-0.257248
0.135005
-0.196076
0.251054
-0.245073
0.246081
-0.087305
0.358953
-0.13831
-0.55873
-0.0242627
-0.386503
-0.128398
-0.369423
0.116004
-0.377566
0.228649
-0.273449
0.158331
-0.313286
0.217592
-0.223347
-0.425358
0.000434982
-0.425657
0.00123493
-0.556065
0.000349897
-0.0955153
-0.658025
-0.583868
-0.162849
-0.678377
-0.424764
-0.000830511
-0.425461
-8.1523e-05
0.179382
0.513364
0.515531
0.173888
0.508076
-0.00405213
0.403439
0.00595124
0.419388
0.421548
-0.000896896
0.421216
-0.00334911
0.421624
-0.00429817
0.422291
-0.00456021
-0.424525
-0.00163323
-0.424127
-0.00248578
0.422972
-0.00439324
-0.423597
-0.00328458
-0.00393623
0.208105
0.516499
0.529561
-0.250831
0.481714
-0.343872
0.277011
0.108771
0.136096
0.135958
0.444809
-0.127436
0.317142
-0.188443
0.198129
0.505894
-0.23295
0.202336
-0.227571
0.156662
-0.209341
0.227444
-0.216526
0.253266
-0.136052
0.278479
-0.213458
-0.47367
0.00441472
-0.274914
-0.0970578
-0.267951
0.0853599
-0.304595
0.192199
-0.248056
0.142199
-0.263286
-0.426014
0.000792007
-0.51476
-0.0400705
-0.105063
-0.715812
-0.688581
-0.492832
-0.399003
-0.425429
-0.000862865
-0.426236
0.000140712
0.179718
0.507534
0.506806
-0.0172691
0.521293
-0.00482214
0.414213
0.419988
-0.00149698
0.420848
-0.00420957
0.421776
-0.00522598
0.422669
-0.0054535
-0.425206
-0.00185632
-0.424789
-0.00290199
0.423488
-0.00521182
-0.424207
-0.00386716
-0.0046552
0.212534
0.502093
0.491263
0.133704
0.483969
-0.398462
0.379796
0.182444
-0.115349
0.296438
0.0171264
-0.0030235
0.491791
-0.204125
0.178891
-0.183722
0.207041
-0.161077
0.23062
-0.12763
0.245032
7.48878e-05
-6.11871e-05
6.43156e-06
-2.01508e-05
-0.190801
-0.379927
0.0041303
-0.193684
-0.0748454
-0.188975
0.0716937
-0.234089
9.53008e-05
0.000135514
-0.00015594
-0.510883
-0.00308466
-0.401814
-0.326838
-0.119658
-0.246265
-0.349889
-0.275346
-0.337144
-0.225982
-0.363823
-0.426252
-0.000847001
-0.499432
-0.011311
0.0244372
0.499495
0.514702
-0.0224166
0.538887
0.418383
-0.00566691
0.420583
-0.00640968
0.422081
-0.00672406
0.42316
-0.006533
-0.42602
-0.0020881
-0.425552
-0.00337006
0.424104
-0.00615583
-0.424911
-0.00450816
-0.00546169
0.0692573
0.55571
0.568327
0.156846
0.509567
-0.0614313
0.325878
-0.0864541
0.255263
-0.0258756
0.231744
0.362458
0.0351368
0.430778
-9.5381e-06
9.36021e-05
-0.000145265
-4.60662e-05
5.23619e-05
1.34618e-07
-0.154085
-0.300687
0.00312343
-0.125114
-0.0618784
-0.123973
1.01719e-05
0.000540303
-0.000455183
-2.49998e-05
0.00011444
0.00130401
0.00363808
-0.00493193
0.16447
-0.569368
-0.408633
-0.30314
-0.322095
-0.247649
-0.315476
-0.207151
-0.310757
-0.494358
-0.0059208
-0.477788
-0.102891
0.0432889
0.491343
0.535574
0.54282
-0.00959967
0.498823
0.0375874
0.451361
0.0407382
0.423186
0.0216418
-0.487128
-0.00931805
-0.451293
-0.0392053
0.413278
0.00375255
0.421769
-0.0139535
-0.0340315
0.315115
0.39744
0.100711
0.347424
-0.0221336
0.261557
0.256946
0.289914
0.0331717
0.0986368
0.23065
0.110111
0.353838
-1.36118e-05
-7.93684e-05
8.34398e-05
9.71587e-05
4.87968e-05
-0.000103999
0.000106542
-2.42914e-06
-0.132813
-0.229753
-1.39161e-06
0.000516694
-7.70798e-05
8.7501e-05
0.00163013
0.000852291
-0.00117844
0.000977139
0.00265953
-0.423041
-0.288732
-0.284006
-0.285739
-0.240816
-0.281811
-0.182706
-0.260864
-0.489685
0.00597582
-0.175496
-0.350436
0.106406
0.495049
0.63238
0.485379
0.184589
0.432053
0.0940645
0.406674
0.047021
-0.550904
0.0519007
-0.43251
-0.157599
0.39705
0.0133764
0.401725
-0.0186292
-0.0648161
0.176548
0.321603
0.0620947
0.263195
0.135663
0.21992
0.190651
0.27581
0.12803
0.238282
0.207109
0.274759
5.35213e-05
-0.000556347
0.000489212
8.94082e-05
-7.16129e-05
0.000137878
1.74351e-05
-0.000125814
0.000126677
-3.30565e-06
-0.00160442
-0.00480939
0.0064673
0.00188351
0.000714563
-0.00096796
-7.31962e-06
0.000446925
-9.83861e-05
6.00601e-05
0.0012351
0.000594308
0.00074967
0.00190254
-0.30387
-0.268868
-0.270014
-0.256541
-0.217
-0.247516
-0.16607
-0.313295
-0.510531
-0.402429
-0.0562013
0.42772
0.274438
0.416055
0.196254
0.394942
0.115177
0.378477
0.0634868
-0.296146
0.0732557
-0.179538
-0.364019
-0.0897262
0.368877
0.0229755
0.365378
-0.0151303
-0.0634569
0.125419
0.258279
0.170351
0.240219
0.15382
0.247409
0.182684
0.22595
0.237732
0.219711
6.21454e-05
-0.000529081
0.000125101
-5.88679e-05
0.00014659
-2.49693e-06
-0.000127939
0.000128674
-4.06415e-06
-0.00211741
-0.000935773
0.00144871
-0.00123098
-0.0035163
0.00217156
0.00093248
-0.00122055
0.00143492
0.00051473
-8.25964e-06
0.000356793
-0.000103856
3.59578e-05
0.000950642
0.000393305
0.000577349
0.00131693
-0.303851
-0.235031
-0.249878
-0.223664
-0.420059
-0.197088
-0.355287
-0.120973
-0.212814
-0.0692169
0.311498
0.200672
0.346315
0.161437
0.348398
0.113095
0.341978
0.0699063
-0.29124
-0.101112
-0.303098
-0.0778683
0.333107
0.0318468
0.322835
-0.0048587
-0.0437199
0.162831
0.231208
0.1822
0.20658
0.223651
0.17826
-0.00259689
-0.000956913
0.0014366
4.95312e-05
-0.000453536
0.000134632
-4.69305e-05
0.000139026
-1.28782e-05
-0.000120267
0.000119752
-3.59158e-06
-0.00159315
-0.000573571
-0.000955183
-0.00251161
0.00240517
0.000681863
-0.000915484
0.00166802
0.000699355
0.00109972
0.000365663
-7.07082e-06
0.000259999
-0.00010053
1.61868e-05
0.000732013
0.000238622
0.000450518
0.000859335
-0.289876
-0.195033
-0.31411
-0.172854
-0.283403
-0.15168
-0.230475
-0.122146
0.268684
0.155639
0.29704
0.133081
0.306626
0.103509
0.305408
0.0711244
-0.242936
-0.0886506
-0.264762
-0.0560428
0.297548
0.0397066
0.28456
0.00812965
-0.0239221
-0.00335949
-0.00179782
0.00256054
-0.00193129
-0.000618747
3.31844e-05
-0.000352106
0.000129346
-3.72917e-05
0.000123222
-1.63966e-05
-0.000105336
0.000105082
-3.38656e-06
-0.00120617
-0.000322588
-0.000749778
-0.00172866
0.00260693
0.000961096
-0.00116289
0.00185402
0.000495863
0.00129438
0.000504659
0.000849217
0.000248447
-5.05094e-06
0.000164504
-9.24057e-05
3.21607e-06
0.000568587
0.000120441
0.000352923
0.000501359
-0.00443951
-0.00304164
0.00412176
-0.00250888
-0.00122011
-0.00143352
-0.00039132
1.90503e-05
-0.000241848
0.000114407
-2.85516e-05
0.000100759
-1.21266e-05
-7.91787e-05
7.5792e-05
-0.000917463
-0.000154866
-0.000590289
-0.00111932
0.00256897
0.000145409
-0.000107442
0.00204712
0.000767971
0.00143348
0.000356776
0.00100292
0.000350941
0.000653838
0.000163285
-2.85578e-06
7.49328e-05
-7.59627e-05
0.000436943
3.62468e-05
0.000276913
0.000221589
-0.00574304
-0.00497831
0.00628112
-0.00340477
-0.00214574
-0.00186103
-0.000792557
-0.00107337
-0.00023539
9.33236e-06
-0.000136843
9.10992e-05
-1.89639e-05
6.36654e-05
-0.000697462
-4.7634e-05
-0.000466633
-0.000643359
0.000829251
-0.00662292
0.00836262
0.00203487
0.000157661
0.00160952
0.000591896
0.00111289
0.000246794
0.000779483
0.000225177
0.000503832
9.65149e-05
-1.03e-06
0.000325835
-1.29111e-05
-0.0078008
-0.0118302
0.0138884
-0.0045814
-0.0038021
-0.00256764
-0.00143901
-0.00137122
-0.000494587
-0.000795257
-0.000137588
2.39689e-06
-4.82046e-05
4.47014e-05
-0.000529381
1.52473e-05
-0.000364454
-0.000276509
-0.000244985
-0.00288114
0.00395534
0.000583717
-0.00517179
0.00161905
0.000148149
0.0012745
0.000430266
0.000862207
0.000164165
0.000600848
0.000127981
0.000374858
4.76471e-05
0.000207648
-0.000220559
-0.00668268
0.00453981
-0.00565548
-0.00650449
-0.00990577
-0.00360469
-0.00276723
-0.00191027
-0.000899956
-0.00100912
-0.000280553
-0.000592252
-7.47196e-05
-3.50324e-06
-0.000385382
3.63504e-05
-0.00048048
-0.000165186
0.000400699
-0.000271565
-0.00202587
0.000392783
-0.00394555
0.00128786
0.00013479
0.00100593
0.000286395
0.000669959
9.51805e-05
0.000453944
4.86541e-05
0.000255295
-0.00628179
-0.00101997
0.000620326
-0.00559148
0.00363125
-0.00543712
-0.00807
-0.00281635
-0.00186032
-0.00138593
-0.000523148
-0.000730348
-0.000142136
-0.000430303
-2.97994e-05
-0.000243661
0.000280012
-0.000466272
4.74974e-05
-6.17138e-05
-0.000414852
-2.19085e-05
-0.000278521
-0.00135456
0.000248955
-0.00290666
0.00102025
0.000120597
0.000787785
0.000168359
0.000504586
4.47089e-05
0.000303949
-0.00465468
0.00833627
-0.0099623
-0.00531578
-0.00129639
-0.00466224
0.00286692
-0.00451712
-0.00636692
-0.00216467
-0.00109148
-0.000978395
-0.000275223
-0.000519196
-5.28413e-05
-0.00027346
-0.00028204
0.000728854
-0.000913098
-0.00040054
3.31801e-05
-0.000351992
5.15412e-05
-0.000271014
-0.000834607
0.000139952
-0.00202648
0.000806477
0.000102085
0.000605584
6.70729e-05
0.000348658
-0.00294277
0.00703375
-0.00874882
-0.00386595
0.00688916
-0.00448332
-0.00148183
-0.00386406
0.00221685
-0.0037706
-0.0047483
-0.00160714
-0.000474012
-0.00066891
-0.000125673
-0.000326302
2.57113e-06
0.00100962
-0.00129422
-0.000237731
0.000566027
-0.000340761
2.19598e-05
-0.000294382
7.49014e-05
-0.000253147
-0.000441414
5.49628e-05
-0.00127516
0.000640993
6.69354e-05
0.000415731
-0.00145867
0.00434961
-0.00583539
-0.00236695
0.00553185
-0.00318453
0.00559609
-0.00379834
-0.00154801
-0.00319595
0.00168807
-0.0031448
-0.00319209
-0.00111743
-4.02285e-05
-0.000452002
0.000294651
0.00103433
-0.0013264
2.08235e-06
0.000769795
-0.000198806
0.000424038
-0.000288213
1.57805e-05
-0.000242792
6.44488e-05
-0.000227034
-0.000159297
-2.49388e-05
-0.000609425
0.000482666
-5.66914e-06
0.00490491
-0.00635851
-0.00119383
0.00317598
-0.00189379
0.00423314
-0.00263638
0.00443543
-0.00323866
-0.00154957
-0.00261839
0.00122045
-0.00261968
-0.00166474
-0.00049218
0.000486267
0.000761618
-0.000953212
0.000247405
0.000789009
1.66697e-06
0.000569328
-0.000165214
0.00030102
-0.000240335
1.34039e-05
-0.000198798
3.60559e-05
-0.000190536
6.43748e-06
-0.000126759
0.00140309
0.00474754
-0.00615674
-5.59973e-06
0.00371584
-0.000976315
0.00225826
-0.00150835
0.00310232
-0.00216116
0.00339057
-0.00283944
-0.00139554
-0.00208143
0.000768033
-0.00215664
0.000494507
6.77641e-06
-1.49852e-05
0.0004176
0.000591428
0.000206654
0.000583999
1.32686e-06
0.000402765
-0.000136571
0.000197138
-0.000198099
1.28219e-05
-0.000159377
4.70528e-06
-0.000120322
0.00278379
0.0040523
-0.00543357
0.00115509
0.00358697
-4.19578e-06
0.00274295
-0.000798731
0.001548
-0.00120006
0.00210755
-0.00177682
0.00238141
-0.00256107
-0.000999402
-0.00138875
0.000254659
-0.000212262
0.000452109
0.000423945
4.42333e-07
0.000354458
0.00044364
0.000171602
0.000413716
1.05757e-06
0.000265209
-0.000111434
0.000110274
-0.000157447
1.10313e-05
-0.000115616
0.00446981
0.00671929
-0.00840671
0.00224559
0.00296146
0.00094353
0.00263938
-3.17446e-06
0.00194642
-0.000650803
0.0010004
-0.000949314
0.00123152
-0.00143827
0.00134115
-0.00238787
-0.000791532
-0.00280475
0.0038511
0.000275887
-6.41902e-05
0.000358223
-3.33675e-06
0.000300177
0.000315057
0.000141848
0.000272826
8.39665e-07
0.000153028
-8.89669e-05
4.15393e-05
-0.000104585
0.00630674
0.0083816
-0.0102207
0.00371778
0.00524756
0.00179767
0.00210691
0.000770566
0.00186575
-2.44908e-06
0.00129485
-0.000531337
0.000584116
-0.000755454
0.000460254
-0.00104705
-0.0024781
-0.00643022
0.0081168
-0.000555975
-0.00197282
0.000278659
1.54068e-05
0.000299351
-2.50021e-06
0.000250627
0.000206356
0.000116021
0.00015748
6.72342e-07
6.351e-05
-6.30456e-05
0.00671207
-0.000194108
-0.000208046
0.00533123
0.00676566
0.00308104
0.00396707
0.00144057
0.00143675
0.000629564
0.00123557
-2.10212e-06
0.000760122
-0.00042699
0.000258103
-0.000586787
-0.00253987
7.88111e-05
-1.68236e-05
-0.00196895
-0.0050172
-0.00037457
-0.00131959
0.000269185
4.55806e-05
0.000247006
1.02229e-06
0.00020688
0.000115605
9.26283e-05
6.53073e-05
4.64099e-07
0.00785441
0.00461099
-0.00575332
0.00563403
-0.000493989
0.00449615
0.00534589
0.00254566
0.00286262
0.00114135
0.000923017
0.000512402
0.000723888
-2.1699e-06
0.000326382
-0.000328701
-0.00232859
0.000984486
-0.00119558
-0.00199233
0.00010227
-0.00156629
-0.00382537
-0.000237473
-0.000812855
0.000250555
4.21452e-05
0.000201798
5.96098e-06
0.000164036
4.43345e-05
6.57716e-05
0.00573359
-0.0119761
0.0140964
0.00654873
0.00369348
0.00469139
-0.00068203
0.00378264
0.00410718
0.00210014
0.00192235
0.000904497
0.00052824
0.000410809
0.000315462
-2.31076e-06
-0.00208762
0.000680937
-0.000921726
-0.0017953
0.000787533
-0.00157163
0.000107618
-0.00124613
-0.00281665
-0.000134051
-0.000428412
0.000223451
2.06627e-05
0.00016143
8.39369e-06
0.000110106
0.00444504
-0.00492025
0.00620886
0.0045684
-0.00999604
0.0054604
0.00291898
0.00389943
-0.000795545
0.00319922
0.00298886
0.0017185
0.00113596
0.000708882
0.000225906
0.000313142
-0.00182696
0.000860638
-0.00112112
-0.00161049
0.000496207
-0.00138874
0.000604753
-0.00124319
0.00010473
-0.000986486
-0.00196391
-5.19968e-05
-0.000153144
0.000185756
-3.45326e-06
0.0001185
0.00339894
-0.00293352
0.00398008
0.00340831
-0.00376055
0.00361252
-0.00814842
0.00454068
0.00227641
0.00322692
-0.000793458
0.0027002
0.00198167
0.00137908
0.000511072
0.00053917
-0.0015894
0.000658275
-0.000895717
-0.00139131
0.000641559
-0.00124715
0.000354664
-0.00107595
0.000437576
-0.000980058
9.81483e-05
-0.000784731
-0.00123069
2.49076e-05
7.50114e-06
0.000115046
0.00260986
-0.00190898
0.00269861
0.00255142
-0.0020762
0.00258194
-0.00273026
0.00281733
-0.00642546
0.00376709
0.00171162
0.00266694
-0.00072128
0.00232359
0.000992544
0.00105004
0.00124429
-3.14806e-05
0.00338804
-0.00460075
0.000895701
-0.00124069
-0.00120853
0.000475539
-0.00107171
0.000466234
-0.000967083
0.000245898
-0.000838008
0.000295785
-0.000773172
8.63968e-05
-0.000618631
-0.000586633
0.000122548
0.00211586
-0.000988504
0.00148293
0.00194129
-0.00129864
0.0018895
-0.00138323
0.00191267
-0.0018261
0.00216596
-0.00482379
0.00314593
0.00120019
0.00215932
-0.000498617
0.00204276
-6.57211e-05
0.000593997
-0.000559713
0.000938978
-1.87935e-05
0.00246788
0.000626205
-0.000933441
0.000337278
-0.00082744
0.000326686
-0.000756093
0.000163919
-0.000647597
0.000170601
-0.000591477
5.89706e-05
-0.000464085
0.00163681
-0.000876199
0.00135547
0.00159562
-0.000642574
0.00144406
-0.000853125
0.00139773
-0.000867755
0.00139463
-0.00105631
0.0016053
-0.00328282
0.00264177
0.000663135
0.00154398
-0.00490454
-7.46275e-05
0.00661615
-5.77494e-05
0.000172965
-0.000180853
3.09673e-05
0.000544259
0.00072001
-1.48269e-05
0.00176271
0.000412853
-0.000718589
0.000228475
-0.000636744
0.000207593
-0.000582151
9.84519e-05
-0.000489249
6.89077e-05
-0.000405114
0.00125124
-0.00053176
0.00121082
-0.000408983
0.00108005
-0.000535088
0.00102532
-0.000496709
0.000985546
-0.000438955
0.00110583
-0.00174661
0.00220712
-0.00358383
-6.941e-05
3.14838e-05
-0.000556547
0.000450518
-6.77376e-05
6.09014e-05
-5.08114e-05
5.22051e-05
0.000151768
6.95145e-05
0.000459955
0.000557646
-1.24412e-05
0.00121752
0.000251958
-0.000558276
0.000149877
-0.00048794
0.000113808
-0.000436673
4.58506e-05
-0.000336206
1.79623e-05
-0.000142978
0.000156608
0.000147828
-0.000197489
0.000968068
-0.000289035
0.000919628
-0.000248306
0.000801708
-0.000312338
0.000748392
-0.000256942
0.000672767
-8.99637e-06
0.000460502
-0.00256044
-5.52854e-05
-8.51618e-05
-0.000540718
5.29271e-05
6.022e-05
0.000102708
0.000118635
8.56546e-05
0.00036189
0.000434096
-1.09522e-05
0.000794377
0.000127993
-0.000431523
9.33007e-05
-0.000364781
4.2479e-05
-0.000290354
-0.00010195
-0.000126121
9.88544e-05
0.000760378
-0.000129665
0.000700499
-0.000146105
0.000598129
-0.000162996
0.000532083
-0.000112879
0.000451513
-0.00176283
-3.71975e-05
-0.000127821
-0.000468091
0.000110079
5.29111e-05
0.000120925
8.34138e-05
8.96159e-05
0.000261363
0.000341444
-1.00066e-05
0.000462944
3.82529e-05
-0.000319587
4.79038e-05
-0.000247875
-0.00015027
-0.000103598
5.87245e-05
0.000598853
-2.85951e-05
0.000529761
-7.62086e-05
0.000432252
-6.43114e-05
0.000338631
-0.00114237
-2.1596e-05
-0.000139734
-0.000365465
0.000131473
4.24091e-05
0.000121757
5.13382e-05
8.72275e-05
0.000164197
0.00026764
-9.25566e-06
0.000204562
-1.32391e-05
-0.000199971
-0.000161734
-8.15327e-05
2.85127e-05
0.000476074
2.43662e-05
0.000386324
-2.83833e-05
0.000274324
-0.000655457
-1.08359e-05
-0.000134846
-0.000252102
0.000133905
3.03214e-05
0.000112618
2.60571e-05
8.01042e-05
7.49273e-05
-0.00021321
-0.000153434
-6.28652e-05
9.04458e-06
0.000369348
4.03876e-05
0.000245938
-3.0552e-06
-0.000283054
-0.000120062
-0.000142695
0.000124999
1.80401e-05
9.94647e-05
6.82576e-06
6.628e-05
8.6478e-06
-0.000137132
-4.56657e-05
-2.99127e-06
0.000286326
-9.54213e-05
-5.0157e-05
0.000109479
8.14295e-06
7.31059e-05
-0.000113567
-2.73941e-05
-6.97029e-06
-4.68849e-05
-3.2718e-06
8.1249e-05
-7.42787e-05
0.191863
-0.247346
-0.251732
0.164675
-0.0598699
-0.232561
0.172691
-0.0453838
-0.187178
0.157604
-0.202988
-0.0460331
-0.201313
-0.233211
-0.225193
-0.264409
0.144489
-0.0997339
-0.243993
0.144259
-0.0713011
-0.226628
0.155327
-0.0690239
-0.185745
0.116721
-0.0339821
0.135608
-0.101626
-0.120844
0.0868621
-0.0289057
-0.0919385
-0.112622
0.0837165
-0.0367045
-0.0759178
-0.045792
-0.139953
0.10717
-0.152962
-0.0277285
-0.175259
-0.167682
-0.0302414
-0.202969
-0.205501
-0.0040801
-0.221112
-0.207049
-0.212968
-0.0893025
0.052598
-0.0409569
-0.0483456
-0.264999
0.115329
-0.12051
-0.244104
0.123594
-0.0998458
-0.213113
0.113268
-0.0577865
-0.189419
0.131633
-0.0726977
-0.163227
0.0905298
-0.0560571
0.0795513
-0.0620776
0.141629
-0.126502
0.064424
-0.0396395
-0.112119
0.0724796
-0.0284026
-0.102672
0.0742698
-0.0500744
-0.0246321
-0.12833
-0.126258
-0.0128378
-0.113421
-0.104776
-0.00264904
-0.102127
-0.0785668
-0.119524
-0.0181406
-0.149541
-0.146471
-0.0286623
-0.176839
-0.178204
0.00382891
-0.210878
-0.17301
0.0285517
-0.241519
-0.182327
-0.201414
-0.0798156
-0.0397081
0.020003
-0.0998187
0.0484153
-0.0984897
0.0707228
-0.0223075
0.0911476
-0.0711446
0.042802
-0.0556877
-0.262043
0.0901319
-0.146714
-0.239828
0.0931141
-0.116234
-0.212641
0.0964072
-0.0993735
-0.191954
0.0925806
-0.0603217
-0.168987
0.108665
-0.0784573
0.0631716
-0.0638347
0.127006
-0.137833
0.0739986
-0.0734093
-0.122851
0.0494421
-0.0503718
-0.0952123
0.0448405
-0.0209425
-0.0821931
0.0612506
-0.0114703
-0.048605
0.0371347
0.0525864
-0.0748939
0.00398138
0.00104347
-0.147514
-0.112377
0.0235948
-0.135972
-0.0785324
-0.118241
-0.00115601
-0.177048
-0.14867
0.0133145
-0.186324
-0.163733
0.0379812
-0.220308
-0.148343
0.248476
-0.176011
0.0470616
-0.173246
-0.0148998
-0.103341
-0.114719
-0.0110629
-0.103656
0.0755662
-0.0866291
0.00442148
-0.0759259
0.00103194
0.0220898
-0.0777776
-0.053836
0.0714365
-0.067015
-0.00634114
-0.253487
0.0589542
-0.163355
-0.228927
0.0655718
-0.135813
-0.20467
0.0688576
-0.108263
-0.184614
0.0763505
-0.092033
-0.160548
0.0685155
-0.0518832
-0.141324
0.0894413
-0.0143182
0.120066
-0.0460677
0.105748
-0.116773
0.0707057
-0.0673313
-0.115516
0.0481849
-0.0706757
-0.00942514
-0.0557625
0.0463374
-0.0725359
0.0167734
-0.0354012
-0.0600825
0.0246813
-0.0561011
-0.0527447
0.0537766
0.00210809
-0.0548528
-0.00232451
-0.0571623
0.0592703
0.0182876
-0.166958
-0.117685
-0.00297426
-0.11471
-0.106315
0.255918
-0.150395
0.079907
0.0252296
-0.188963
-0.141729
0.0438493
-0.192192
-0.145113
0.225796
-0.145889
0.0525499
-0.139642
0.264259
-0.129254
0.113864
0.0180443
-0.124359
-0.0856114
0.0289852
-0.114597
0.0244538
-0.0489826
0.0245287
-0.0327084
0.00320845
-0.052191
0.101402
-0.0724172
0.0147733
0.0728434
-0.0580702
0.00582839
0.0768393
-0.0831804
0.0230032
0.0318495
-0.064558
0.0559278
-0.0500994
-0.0272526
-0.248878
0.025531
-0.189924
-0.223644
0.0337196
-0.158072
-0.196062
0.0379906
-0.127205
-0.172817
0.0456124
-0.0964668
0.153368
-0.0848523
0.056901
-0.161665
0.076813
-0.072224
-0.138398
0.0661736
-0.0326496
0.109043
-0.038337
0.076393
-0.100369
0.0620321
-0.0521842
-0.0799819
0.0277976
0.0771996
-0.0308623
-0.00278223
0.0540255
-0.050817
0.0319685
0.022057
0.0564972
-0.0710023
0.04014
-0.0542289
-0.0723577
0.0181288
-0.0476765
-0.0580958
0.0557712
0.00117456
0.00809477
0.0388239
0.0176733
0.0399985
-0.00610922
-0.0191155
0.0252247
0.0238963
-0.000571281
-0.0233251
0.0177871
0.0121364
-0.00335672
-0.00877973
-0.0162497
0.0156784
0.00269388
-0.0189437
-0.00740598
0.0100998
0.00473046
0.0115897
-0.153318
-0.103121
0.0387135
-0.141834
-0.0856459
0.229308
-0.115445
0.0834191
0.0329452
-0.178059
-0.120373
0.198448
-0.115029
0.0588057
-0.119253
0.251045
-0.0943826
0.121791
0.226956
-0.105166
0.111512
0.0407123
-0.126358
-0.0738842
-0.0874701
0.0150529
0.0215256
-0.0954099
-0.0659445
0.0114482
-0.0305638
0.035499
-0.0240509
-0.0366007
0.0554105
-0.0188098
0.00642173
-0.0430224
-0.0443953
0.00266762
-0.0672256
-0.0495234
0.00394841
-0.0534718
-0.0404469
0.0707718
-0.0571798
-0.0135921
-0.0641263
0.0791791
0.00664552
0.0211089
0.0721532
-0.0510443
0.0220537
0.0588917
-0.036838
0.031639
-0.0355866
-0.00193541
-0.0286284
-0.0252605
0.000675604
-0.000695744
0.00424283
-0.0295034
-0.0147008
-0.0180576
-0.000737344
0.0038071
-0.00306976
-0.00951707
-0.000399319
-0.00911777
-0.0184569
-0.236574
-0.0114818
-0.211043
-0.219932
0.00888895
-0.186213
-0.198001
0.0117884
-0.16001
-0.187758
0.027748
-0.142146
-0.15764
0.0154937
-0.100739
0.131116
-0.0543027
0.0303768
-0.1418
0.0874968
-0.0756259
-0.107037
0.0314106
-0.0306436
0.0858925
-0.0544819
0.100904
-0.0388723
0.0702608
-0.0723356
0.0334633
-0.0852081
0.0128724
-0.0574104
-0.0723157
0.0149052
0.0750979
-0.0349579
-0.0291813
0.0512382
0.0262292
0.0183445
0.0318118
-0.0501563
0.0445737
0.0340526
0.0171856
0.0517259
-0.0636764
0.0287185
-0.0455476
0.0603857
-0.0522909
0.0148381
0.0288783
0.0228475
0.0688768
0.0165859
-0.000341526
0.0321533
-0.00176316
0.0269878
-0.0337359
0.0333943
0.000870819
0.026117
-0.0148163
0.0156871
0.0201192
-0.00233207
0.00530287
0.000277655
0.00039795
0.000121712
0.0167765
-0.00109808
0.0144444
-0.00109093
0.00148888
0.00271617
0.00744661
-0.0100963
0.00899824
-3.52051e-06
0.00745012
0.0348333
-0.155206
-0.107001
0.0330105
-0.140012
-0.0933478
0.196878
-0.0853657
0.0818485
0.188053
-0.106205
0.0688003
-0.0864063
0.240688
-0.061797
0.146305
0.2184
-0.0720948
0.113234
0.188542
-0.0753076
0.103176
0.0370174
-0.130365
0.10269
-0.0656726
0.00728005
0.0830768
-0.0757968
0.0171323
-0.0400476
-0.078879
0.00308216
0.0275809
-0.0463907
0.0225754
-0.0466264
0.00801094
-0.0366394
-0.0386154
0.00575546
-0.0487778
-0.0406353
-0.00416986
-0.044608
-0.0446168
0.0484555
-0.0885031
-0.0193838
-0.0252329
0.0233298
-0.0589164
0.030142
-0.0495259
0.0665283
-0.018073
0.0529363
0.0595298
-0.00659352
0.0661753
0.0850707
-0.0188954
0.0340263
0.0648391
-0.0308127
0.0280011
-0.0309153
-0.00138232
-0.0352571
-0.0308857
-0.00549814
-0.0297589
-0.000478425
-0.000217313
-0.00354819
-0.000362574
-0.00609175
-0.0247939
0.0167354
-0.0228272
-0.00172146
0.00936904
-0.0110905
-0.00025127
-0.00329691
-0.21805
-0.0452365
-0.229532
-0.177288
-0.0568012
-0.222525
-0.215219
-0.0143123
-0.20633
-0.198801
-0.00752942
-0.187013
-0.178645
-0.00836787
-0.150897
-0.162409
0.0115123
-0.146915
-0.104337
0.134714
-0.0168401
-0.0122018
-0.124833
0.107993
-0.0389408
-0.109674
0.0551921
-0.0394132
0.0358455
-0.0752588
-0.0744301
0.0354893
-0.019238
-0.0473231
0.0831686
0.0880452
-0.0545819
0.0127864
0.061881
-0.0490946
0.0145579
-0.0643858
0.00980388
-0.0515134
-0.0691469
0.0176336
-0.0542417
-0.0697033
0.0154615
-0.0409848
-0.0272097
0.0443953
0.0173641
0.0133529
0.0188004
0.030717
0.0335642
0.0108311
0.0564117
-0.0702512
0.0292664
-0.0554131
0.0484437
0.00796801
0.0650296
0.00961649
0.0124527
0.0209416
0.031253
-0.00397605
0.0249177
0.0227244
0.00339261
0.0187483
0.0162493
-0.000562188
0.0196419
0.0132043
0.00124012
-0.0185072
0.017945
-0.000333472
0.0011554
0.00861954
0.000378696
0.00985966
-0.00367357
0.00405226
0.00377653
-0.0484114
-0.0819539
0.0669832
-0.15339
-0.0730285
-0.12144
0.168917
-0.0657407
0.062712
-0.0906776
0.0216741
-0.103628
0.231335
-0.0242934
0.169538
0.205305
-0.035768
0.133211
0.178736
-0.0455257
0.103429
0.156305
-0.052876
0.0905641
0.219131
0.0114886
0.194838
-0.194077
0.205565
0.0509552
-0.17142
0.222375
0.0838428
0.0920679
-0.0640747
-0.0279932
0.113742
0.0480693
-0.0308098
-0.0685925
-0.0199106
-0.0655104
-0.0538541
-0.0116563
-0.0846639
0.0405199
-0.0460181
0.00190445
-0.0387308
0.0284368
-0.0536698
0.0161711
-0.054902
0.0418006
-0.0617111
0.0670655
-0.0252651
0.0489926
-0.0333295
-0.0203402
0.0380655
-0.0689808
0.0114603
-0.0447898
0.0584553
-0.00946274
0.0518619
0.0638645
-0.0120026
0.0449692
0.0605659
-0.0155966
0.0297532
-0.0392275
-0.0258931
-0.020125
-0.0022492
-0.0275097
-0.0270431
-0.00515519
-0.0223545
-0.0310483
0.000872078
-0.0279152
0.000246351
-0.000608917
-0.00305056
-0.000525463
0.0181995
-0.0173274
-0.00462766
0.00821714
-0.0128448
-0.00287335
-0.0059239
-0.0875414
-0.0375729
-0.144343
-0.178612
-0.0439124
-0.192925
-0.114836
-0.0295071
-0.158748
-0.181754
-0.0111704
-0.189284
-0.167222
-0.0220615
-0.17559
-0.157956
-0.017634
-0.146444
-0.129317
-0.0171268
-0.141519
-0.0335258
-0.097207
0.0636812
-0.0960557
-0.00115127
-0.0605664
-0.0600073
-0.00055908
-0.0792454
0.00392326
-0.0504907
0.0544139
0.0663309
-0.051773
0.0158402
0.0717919
-0.061988
0.0226973
0.0594198
-0.0367225
0.00764679
0.0691683
-0.0515347
0.00718033
-0.0690151
0.0174804
-0.0535536
-0.0574124
0.00385883
-0.028146
0.00110531
0.0301477
-0.0318223
0.0426533
0.0436947
-0.0010414
0.0516627
-0.0593571
0.0312111
0.0382902
0.0133725
0.0479067
-0.0114504
0.0228907
0.00202691
0.0530385
0.0129424
0.00669952
-0.0316907
0.0337176
0.0154079
0.00253711
0.0221074
0.00831565
0.001544
0.0108528
0.00287381
0.00441782
0.136134
0.125423
0.219977
0.0147355
-0.136176
-0.0888927
0.162665
-0.0721013
0.0719877
-0.0641879
0.0299425
-0.118835
-0.0341323
0.194105
0.000732887
0.158337
0.173255
-0.0149181
0.127729
0.154351
-0.0266221
0.101475
0.128515
-0.0270395
0.0564134
0.179869
0.0256963
0.180602
-0.166149
0.191845
0.0562261
-0.147081
0.203307
0.0728959
0.0542836
-0.0884159
0.0262903
0.0862312
-0.0599409
0.00156724
-0.0512454
-0.0104659
-0.0629017
-0.0575181
-0.00538371
-0.0559508
0.0308125
-0.0511528
-0.0240894
-0.0442145
0.0396628
-0.0501287
0.0560445
-0.0163817
0.0307796
0.0511251
-0.0203455
0.0416625
0.0113899
-0.0561797
-0.0397629
0.0158354
-0.0550628
-0.0403443
0.0546199
-0.0129573
0.0426174
0.059296
-0.0166784
0.0436995
-0.0113633
-0.00961995
-0.0345945
-0.0301914
-0.000856831
-0.0398113
0.0411277
-0.0419845
0.0187731
-0.00914204
0.0143354
-0.0234773
-0.00299202
-3.62493e-05
-0.00596016
0.00787775
-0.0108698
-0.00496703
-0.000507139
-0.00445989
-0.0337718
-0.0902014
-0.0713447
-0.0501939
-0.179559
-0.140395
-0.0361234
-0.0352213
-0.0656305
-0.137138
-0.0216103
-0.148308
-0.0533541
-0.0122764
-0.0749645
-0.127713
-0.020595
-0.149775
-0.123817
-0.0259573
-0.141451
-0.12114
-0.0203113
-0.138267
0.0498398
-0.0509911
-0.140278
0.00201081
-0.0765964
-0.0849218
0.0083254
-0.035082
-0.0749192
0.0239281
-0.0754783
-0.0210644
-0.0612
0.0401356
-0.0453598
0.0483536
-0.0407068
0.00299377
-0.0541616
0.0174391
-0.0469813
0.0550953
-0.0376562
0.0143885
0.0557902
-0.0383098
0.00880891
-0.0567381
0.0184282
-0.0528792
-0.0216682
0.0442463
0.00879215
0.0432049
0.0330338
0.0101711
0.0464062
-0.0495887
0.0279205
0.0554909
-0.00908468
0.0440405
-0.00554818
0.0293929
0.0043247
0.0381851
0.0204084
0.00169894
0.0247331
0.00972509
0.00112765
0.011424
0.00344985
0.0045775
0.0957744
0.167421
0.221197
0.112378
0.108819
0.185274
0.153297
-0.0968833
0.0891087
-0.0297266
0.0824959
-0.112223
-0.00592001
0.182513
-0.00191158
0.167595
0.148397
0.0191985
0.121775
0.135208
-0.0134338
0.108169
0.0112854
-0.153024
0.151112
0.0388211
-0.12869
0.167511
0.0746174
-0.114118
0.188736
0.0711554
0.077205
-0.0112726
-0.0659326
0.071285
0.0113441
-0.0592764
0.00332552
-0.0479324
-0.0621802
0.0509075
-0.0434821
-0.00664668
-0.0488658
-0.0550551
0.00618925
-0.0517296
0.0438455
-0.0504922
-0.0126262
-0.0219683
-0.052389
0.0504215
-0.00657585
0.0340399
0.0551798
-0.0211396
0.0348343
0.0594586
-0.0246242
0.0513574
0.00810131
0.0384002
0.0511368
-0.0625
-0.0107925
-0.0415965
0.0565603
-0.0181601
0.039882
-0.022618
-0.0342321
-0.00557926
-0.0562003
-0.0381036
-0.0038808
-0.0436828
0.019014
-0.0228948
-0.00446324
0.00862614
-0.0130893
-0.00224364
0.00301118
-0.00525481
-0.0492207
-0.211643
-0.22878
-0.0245307
-0.115865
-0.059752
-0.0352942
-0.193486
-0.151159
-0.0144039
-0.0453481
-0.0266803
-0.0653755
-0.00958899
-0.0859705
-0.0136296
-0.0130508
-0.0232186
-0.0866024
0.000631921
-0.11256
-0.0754081
-0.0371516
-0.0957194
-0.0861593
-0.00956014
-0.0841485
0.0766936
-0.0527655
0.0416116
-0.0813378
-0.0028107
-0.0730124
-0.0314008
0.0744596
-0.0343241
0.0216942
0.0406165
-0.0262281
-0.0597094
0.0253854
-0.0494677
-0.0102418
0.0464739
-0.00585736
-0.0457098
0.00805354
-0.0369009
0.0450903
-0.0370367
0.0188622
0.0510917
-0.0326635
0.0141909
-0.0507126
0.0180491
-0.0227921
-0.0315604
0.00876832
0.0378219
0.000363095
0.047993
0.0389083
0.0340158
0.00489253
0.0284676
-0.00309277
0.0226131
0.00212005
0.0229762
0.00970275
0.00172127
0.0118228
0.00335695
0.00507822
-0.0153817
-0.232135
-0.227025
0.0699527
0.188326
0.237374
0.0926688
0.144705
0.201488
0.097671
0.103817
0.168826
0.121865
-0.11058
0.00964262
-0.0562902
0.0408281
-0.0971185
-0.0213522
0.133678
0.0174339
0.152877
0.128528
0.0243482
0.115095
0.00451439
-0.125607
0.143041
0.0419038
-0.107763
0.149667
0.0809725
-0.0908959
0.171868
0.0779303
0.0436152
-0.0649676
0.0898584
-0.038951
0.041926
-0.00980365
0.0725262
-0.0289111
0.0335753
-0.0490075
-0.0014847
-0.0428182
-0.0409366
-0.00188176
-0.0507401
0.0431
-0.0445848
0.0456736
-0.00257349
0.0390979
-0.0332027
-0.0229978
-0.074799
0.060171
-0.0210728
0.0390315
0.0587604
-0.0197287
0.0341362
0.0633954
-0.0292591
0.0714966
0.0533364
0.081
-0.0276635
-0.058382
-0.0164172
-0.0296727
-0.0140102
-0.0526704
-0.0182945
-0.00460019
-0.0323047
0.0105608
-0.0151609
-0.00252847
0.00381821
-0.00634662
-0.0163671
-0.210657
-0.209853
-0.0271266
-0.124032
-0.0724747
-0.0348266
-0.175026
-0.158859
-0.0107146
-0.0617601
-0.0237653
-0.0222932
-0.000925379
-0.0216613
-0.0029608
-0.0208046
-0.00388619
0.0109983
-0.0481498
-0.0236998
0.00203848
-0.0127015
-0.0423748
-0.00577502
-0.051935
-0.0529746
0.00103968
-0.0557854
0.0547121
-0.0330179
0.0233112
-0.0460058
-0.00977951
-0.0226946
0.0457716
-0.0203862
0.0127537
0.0367796
-0.0179174
0.0309222
-0.0359059
0.0155197
-0.0291786
-0.00672738
0.0394204
-0.00849815
-0.0342707
0.0163534
0.039051
-0.0248601
0.00201423
-0.024198
-0.0100727
-0.0221838
0.0363048
-0.0182557
0.0114446
-0.0281228
0.00986705
-0.0193545
0.0191771
-0.0222699
-0.000177392
0.0200242
0.00295198
0.0249167
0.00264683
0.00979585
0.00202695
0.0127478
0.00416273
0.00618968
0.0261687
-0.249832
-0.205966
0.0095804
-0.215546
-0.201077
0.0429862
0.204423
0.231312
0.0638743
0.167438
0.208579
0.0738983
0.13468
0.177715
-0.0714438
0.149374
0.106271
0.0104148
0.220793
0.214838
-0.0714539
0.00648606
-0.0198012
-0.051653
0.11692
-0.112406
0.107394
0.035646
0.131742
0.0193366
-0.103556
0.139202
0.0461104
-0.0842053
0.130316
0.0876628
-0.0561306
0.143793
0.0932433
0.0633615
-0.0568757
0.0344503
0.0582191
-0.0237688
0.0329977
0.0252214
-0.066573
0.0158328
0.0423378
-0.0442196
-0.00224698
0.0518263
-0.0359935
0.00760653
0.0318152
-0.0340624
0.0485552
-0.01674
0.0459816
-0.036386
0.0196458
0.0596932
-0.0137113
0.0386204
-0.0414566
-0.0112142
-0.0578738
0.0656634
-0.0270426
0.0459346
0.0727973
-0.0268624
0.0435381
0.0672026
-0.0236644
-0.039539
-0.0183349
-0.0248514
-0.00745341
-0.0360656
0.0111041
-0.0185575
-0.00405678
0.00378608
-0.00784279
-0.0129875
-0.188089
-0.188014
-0.0218043
-0.137054
-0.0835644
-0.0296019
-0.158412
-0.166656
-0.00906056
-0.0745039
-0.0298651
-0.000395111
-0.00349107
0.00164334
0.000234221
-0.0300993
-0.00325688
0.0150275
-0.0208025
0.00232597
-0.000714186
0.0023575
0.00161177
0.0111246
-0.0209042
-0.0225547
0.00175225
-0.0215151
-0.0191311
-0.002384
-0.00800643
0.0310856
-0.0183319
0.00839093
-0.019782
-0.0011222
-0.011391
0.0269702
-0.0114505
0.0086383
-0.0173793
0.00592881
0.0248941
-0.00854076
0.0163959
0.0208732
-0.00447726
0.0141458
-0.0032335
-0.0172062
0.00866544
-0.0101993
-0.0070069
-0.020272
0.027155
-0.0157104
0.0049712
-0.0151514
-0.00512061
-0.0101802
0.020413
-0.010546
0.00470267
-0.0138569
0.00331091
-0.0140343
0.0113522
0.00139558
0.0139991
-3.52311e-05
0.00502679
0.00642236
0.0611095
-0.256142
-0.188723
0.0281786
-0.216901
-0.187368
0.00858483
-0.195952
-0.179505
0.0279009
0.186937
0.195338
0.0392956
0.156043
0.173976
-0.0456226
0.138866
0.147144
-0.0408734
0.101522
0.133103
-0.0301061
0.236686
0.190687
-0.019278
0.209965
0.167659
-0.0664662
0.244726
0.17022
-0.0992833
0.254922
0.145443
-0.0573202
0.000444025
-0.108973
0.125999
-0.106662
0.0170251
0.0325396
0.0368576
0.102008
-0.082536
0.115075
0.0477794
-0.0807148
0.128494
0.0630784
0.0999359
0.044543
0.0574651
-0.0392486
0.0837915
0.0607025
-0.0602587
-0.0629481
0.0391791
-0.00224587
0.0554234
-0.0162443
0.0309911
0.0244322
0.0562126
0.0202189
0.0425987
-0.0349923
0.00853623
0.0499881
-0.0297692
0.0149957
0.040357
-0.0318211
0.003971
0.0482419
-0.0285961
0.0345305
0.0399974
-0.0360268
0.0114014
0.0523062
-0.0177755
0.0252634
-0.0207616
-0.0153042
-0.0390964
0.0540492
-0.0287853
0.0271869
0.0487838
-0.0215967
-0.0251194
-0.0139773
0.0103167
-0.0256211
-0.00824087
0.00372103
-0.011962
-0.0150849
-0.16442
-0.173497
-0.0330332
-0.133623
-0.107537
-0.0252296
-0.148267
-0.158853
-0.00295216
-0.104585
-0.0330515
0.00278608
-0.00604296
0.00514355
0.000976647
-0.0340281
-0.00506635
0.000447472
0.00130477
0.00205922
0.00302132
0.00212221
0.00508053
0.0100909
-0.0112131
0.00208445
-0.000977427
0.00228218
0.00571915
-0.00363473
-0.00333515
0.00235771
-0.00868543
-0.00252766
0.0200765
-0.0114382
0.0139902
-0.00806141
0.00255204
0.00771245
-0.010946
-0.000348969
0.0114257
-0.00276023
0.00694838
0.0104306
-0.0034822
-0.000515415
-0.00570834
0.00294811
-0.0037786
-0.00192975
-0.0107855
-0.00536077
-0.00542475
-0.0104814
0.013662
-0.00895936
0.00348179
-0.0069996
0.011348
-0.00803709
0.00238864
0.00631492
-0.00627969
-0.00175741
-0.00738219
-0.157038
0.0748183
-0.247672
-0.181324
0.0586406
-0.239964
-0.158261
0.0440217
-0.202282
-0.151931
-0.159313
0.111168
-0.262847
-0.136504
0.14326
-0.265405
-0.119588
0.167224
-0.255874
-0.0981818
-0.125322
0.258403
0.129601
-0.143876
0.247385
0.114526
-0.174087
0.245212
0.0732979
-0.197632
0.237338
0.04758
0.198808
-0.254851
-0.0570657
0.207948
-0.23187
-0.0469036
-0.214063
0.222193
0.0232754
-0.00967716
0.00645981
0.161199
0.162502
0.0236861
0.138816
0.156789
0.126881
-0.0253594
0.0876322
0.131429
-0.0532957
0.223516
0.156669
-0.0183026
0.174971
0.142896
-0.071486
0.216929
0.15203
-0.089656
0.219257
0.127273
0.110415
-0.0227834
0.104744
-0.087719
0.044485
0.0273563
0.0317969
0.0681389
0.089262
-0.0754747
0.102831
0.0530194
0.121158
-0.0201296
0.109391
0.0636619
-0.0210696
0.0847313
0.0893458
0.0600429
-0.0155582
-0.0421576
0.0399115
0.0178852
-0.0491311
0.0328866
-0.00921972
0.0476361
-0.0147496
0.0247633
0.0228726
0.0491955
0.0194261
0.039197
-0.0242015
0.00737582
0.0409498
-0.0215238
0.016748
0.0410238
-0.0336483
0.00499712
-0.0371583
0.0193827
0.0414938
-0.0300924
0.00433529
0.0316711
-0.0266741
0.00157854
0.0412921
-0.0219092
0.0125071
-0.0166326
-0.00898896
-0.03061
0.0349242
-0.0224174
-0.0133274
-0.0172823
0.00568085
-0.01467
-0.00944568
-0.147592
-0.157713
-0.0430897
-0.0614951
-0.0478824
-0.11097
-0.0909721
-0.0285245
-0.129188
-0.139495
0.00489588
-0.066391
-0.0291322
0.00246342
-0.00752978
0.00458562
0.00518705
-0.0343193
-0.00234274
-0.0092495
-0.0250698
-0.000596628
0.00518222
-0.0044839
0.00676605
0.00447257
-0.00700026
0.000837849
0.00211636
0.0046497
0.00447406
-0.00107431
0.00191214
0.00339974
-0.00694046
-5.97981e-05
-0.00438843
0.00386075
-0.00420973
-0.00052769
0.00371243
-0.00422787
-0.00049731
0.00577483
-0.00282675
-0.00229263
-0.00193527
-0.00221659
-0.000610168
0.000693883
-0.00262364
-0.0015227
-0.000824039
-0.00179961
-0.0062488
0.00889571
-0.00650709
0.0018961
-0.0043527
0.00660521
9.81169e-05
-0.0192235
-0.128368
-0.120575
-0.0387375
-0.139799
0.104297
-0.240801
-0.135668
0.0730011
-0.208669
-0.129281
-0.168019
0.115486
-0.235074
-0.125315
0.145338
-0.24352
-0.0897358
0.166909
-0.223974
-0.0766112
-0.119063
0.233589
0.100193
-0.149382
0.22268
0.0842075
-0.176048
0.223628
0.0466322
-0.178688
0.201963
0.04494
0.178847
-0.22575
-0.0451275
-0.206324
0.196647
-0.0043609
-0.0291032
-0.00649161
0.149388
0.132325
0.00125143
0.131073
0.132681
0.109897
-0.0325023
0.184532
0.142469
-0.0286816
0.171151
0.120706
-0.0526686
0.179941
0.131864
-0.101771
0.201964
0.0781705
0.0900307
0.0198665
0.0089274
0.0804183
0.0989581
-0.0740402
0.0584818
0.0287904
0.0379871
0.0714042
-0.0568813
0.0856715
0.0642768
0.102264
-0.0148933
0.0862973
0.069838
-0.00620117
0.076039
0.0742171
-0.0536541
0.044434
-0.035769
0.0227125
-0.0473627
0.0326127
-0.00292887
0.0372639
-0.0046514
0.021997
0.0152666
0.0448696
0.0233455
0.0359674
-0.0192196
0.00231887
0.0314318
-0.0080865
0.012212
0.0307771
-0.0284586
0.00410316
0.0279596
-0.0236243
0.00605064
0.0297949
-0.0282163
0.00617043
0.0294692
-0.0253663
0.00125265
0.026442
-0.0203915
0.00402469
0.0180638
-0.0140377
-0.000781515
-0.0245598
-0.103808
-0.153748
-0.0204096
-0.133338
-0.0133471
-0.077625
-0.079738
-0.0403578
-0.099137
-0.117983
-0.119547
-0.0277977
-0.0519403
-0.0370472
0.0017504
-0.00409314
0.00693262
-0.00992151
-0.0271256
-0.00445684
0.000363718
0.017742
-0.0276635
-0.00732777
-0.0117846
-0.00332838
-0.00845623
-0.00271373
0.00736339
0.00421889
-0.000232502
0.000172685
0.00167965
0.00197599
0.0053874
0.00537573
-0.00176395
0.00344361
0.00361177
-9.28956e-05
0.00026557
-0.000620598
0.000440614
-0.000937955
-0.000179999
5.92291e-05
-0.00199455
-0.000878735
0.000442603
-0.00105281
-0.00155194
-0.000774061
-0.000748655
-0.00182687
-0.000880136
-0.000919456
-0.00162879
0.00405345
0.000299255
-0.0012187
-0.0549808
-0.084818
-0.158789
-0.080588
-0.0874307
-0.165406
0.0998473
-0.225162
-0.108822
-0.196252
0.146192
-0.235927
-0.0789701
0.142749
-0.21936
-0.0931784
0.147246
-0.192373
-0.0721141
-0.121749
0.205957
0.0802151
-0.136609
0.183241
0.0693481
-0.147075
0.192015
0.0361659
-0.179849
0.175488
0.0121661
-0.189255
0.160152
-0.013767
-0.0322209
-0.0319126
0.152619
0.0991606
0.119027
0.0572356
0.0617915
-0.0390976
0.170961
0.132053
-0.0168222
0.148875
0.135797
-0.0944535
0.172624
0.0765076
-0.0997352
0.17995
0.0728888
0.0304067
0.0685513
0.0876423
0.00762118
0.0665959
0.0761725
-0.0704184
0.0356255
0.0347927
0.0158789
-0.0454103
0.0681225
0.0402609
0.0427125
0.0595509
0.0585912
-0.00959678
0.0498574
0.0499539
0.00579316
0.0608027
-0.01697
0.0525954
0.059069
0.0648622
-0.0461904
0.0432611
0.021932
-0.0363364
0.0316847
0.00692442
-0.0238957
0.039162
0.00778885
-0.0317648
0.0236779
0.00739717
0.0338948
-0.0216834
0.00543631
0.0302128
-0.00653501
0.00852913
0.0260749
-0.0206393
0.000708858
0.0154971
-0.0147877
0.0257847
-0.019614
0.00539332
0.0208167
-0.00532013
0.02207
0.00245633
0.0196932
-0.0142994
-0.0956171
-0.0239295
-0.0855528
-0.0732362
0.0338953
-0.119448
-0.099443
0.0039014
-0.103344
-0.0917157
0.0271848
-0.0791251
0.090798
-0.114727
0.00650577
-0.0336314
-0.0726193
-0.000794889
0.00501376
-0.000431176
0.00875225
-0.0423836
-0.0189112
-0.0012914
0.000860217
-0.00461978
0.000110855
-0.019022
-0.00834538
0.000902675
-0.00924805
-0.00371709
-0.00120117
0.00658853
0.00381261
-0.0024392
0.00270476
0.00100441
0.000776895
0.00581165
0.00438867
0.00539308
-0.00189493
0.00101614
0.00207493
0.000629811
-0.0021427
0.000590704
-0.00112656
-0.00205164
0.000224747
-0.00146094
-0.00152827
-0.000100527
-0.00130352
-0.000818005
-0.000918534
-0.0741991
-0.0912068
-0.147435
0.121456
-0.200426
-0.0747964
-0.166003
0.0940165
-0.187195
-0.106409
0.1118
-0.183914
-0.0753949
0.132355
-0.164576
-0.0515584
-0.111441
0.18079
0.0685089
-0.131029
0.167195
0.0497609
-0.158516
0.170682
0.00867854
-0.159061
0.145294
0.0116218
-0.0192824
0.0102796
0.0773626
0.0283584
0.107438
0.0901499
0.10043
-0.0659712
0.142479
0.0829041
0.0274745
0.0799639
0.110379
-0.0768546
0.149744
0.0656243
-0.106248
0.174757
0.0434951
0.0153359
0.0608366
0.0926985
0.00644626
0.0862523
0.0215447
0.039258
0.0823814
-0.00147178
0.054067
0.0201234
0.0384675
0.054916
0.0534443
-0.0311251
0.0530566
0.0187321
-0.0304129
0.0491444
0.0195408
0.0580081
0.0315408
0.0333214
0.0707988
0.0212265
0.0328406
0.0545478
-0.00435579
0.0371963
-0.0350832
0.0420072
0.0179731
-0.0202905
0.0276874
-0.0439289
0.0236381
0.03614
0.00586651
-0.0282901
0.0217547
-0.000602877
0.0216573
9.66603e-05
-0.0301865
0.0095472
0.0231498
-0.0136025
0.00836234
0.0174183
-0.00905582
0.0120983
0.0112232
0.000876361
0.0136791
-0.0730949
-0.0416325
-0.0287986
-0.118637
-0.0137896
-0.0779261
-0.0868845
0.0760714
-0.10487
-0.0433767
0.0373455
-0.0807221
-0.0659989
-0.00183909
-0.0641598
-0.0797652
-0.0403489
-0.0322704
-0.0819814
-0.0190694
-0.0233142
-0.0513398
-0.000403996
0.00421659
0.00045623
0.00719388
-0.030508
-0.0118282
0.000455598
6.53808e-07
-0.00326149
0.00463642
-0.0164646
-0.00461163
-0.00787311
-0.00122614
0.00703776
0.00299048
-0.00456361
0.00519341
0.000829473
0.00339566
0.00364212
0.00422514
-0.00423196
0.00310537
0.000961458
-0.00324373
0.00178276
-0.000138346
-0.00237075
0.00106723
-0.000587977
-0.000980248
8.69776e-05
-0.0576513
-0.0609852
0.0645684
-0.170978
-0.101435
-0.159086
-0.0411065
-0.117979
0.089364
-0.164759
-0.0816134
0.103103
-0.154662
-0.0616554
0.114635
-0.133917
-0.0400265
-0.0995507
0.149312
0.0752068
-0.142801
0.15148
0.00651074
-0.129414
0.141036
0.0220659
0.00711863
-0.0678615
0.143068
-0.0126766
0.0926405
0.0877529
0.0941992
-0.0333856
0.126026
0.0769931
0.142617
0.0339006
0.0602986
0.127403
0.0152143
0.170898
0.103037
0.0485373
0.037715
0.082438
-0.0262053
0.0639204
0.0788574
0.00352396
0.0526522
0.0527666
0.0180323
0.0562905
0.0373684
0.0160756
0.0330126
0.0337723
0.0242354
0.0498478
-0.0269671
0.0449396
0.0221771
0.0464121
0.0366693
0.0178785
0.0547016
0.0239907
0.0132055
0.0418692
0.0256205
0.00739204
0.038826
-0.028816
0.0346821
0.0161233
-0.0219129
0.0213097
0.00172434
-0.0230344
0.024758
0.0116471
-0.0228234
0.0229194
-0.00151431
-0.0257503
0.0121471
-0.00283096
0.0196447
-0.00749675
0.010588
0.00908594
0.00150002
-0.0421563
-0.039825
-0.020734
-0.0661504
-0.0628904
-0.0687782
-0.0360918
-0.129763
-0.00147589
-0.0782893
-0.0676263
0.0678443
-0.103936
-0.0128778
-0.0770377
0.00782373
-0.0848614
-0.0704655
-0.0251017
-0.0262381
-0.0649267
-0.0113404
-0.0191676
-0.0375785
-0.000281158
0.00327166
-0.000280478
0.00971637
-0.028884
-0.0067482
0.00559296
-0.0123411
-0.00228013
-0.00256058
-0.000409284
0.00405141
0.0028624
-0.00381458
0.00477603
-0.000410555
0.004462
-0.00265607
0.00251772
0.00211998
-0.00211988
0.00153192
0.000397853
-0.000826118
0.000705813
0.0804645
-0.121571
-0.0492989
0.0529984
-0.134612
-0.0649809
0.0759541
-0.140935
-0.0456169
0.07861
-0.140265
-0.0560016
0.0992676
-0.139294
-0.0409976
0.106867
-0.0997485
-0.0324266
0.130227
0.0128413
0.136738
-0.129251
0.151317
0.00748706
0.0515684
0.0635423
0.0188957
0.0967832
0.00625367
0.109625
0.119302
-0.00967716
0.0221841
0.103842
0.0824828
0.119056
0.00505031
0.0584921
0.0875331
0.0969754
0.022081
0.103229
-0.049945
0.0688408
0.0139755
0.0435017
0.00915061
0.0574772
0.0528266
0.00346404
0.0619773
0.0442971
0.0104046
0.0477611
0.0331943
0.0166533
0.0405861
-0.0197108
0.0358336
0.0267011
0.0433541
0.03135
0.0105191
0.0417546
0.0186694
0.0201564
0.0291884
0.0303215
0.0102644
0.0058866
0.0244347
0.026043
-0.0167601
0.0284067
0.0190734
-0.0182306
0.0167154
0.0065269
-0.00963566
0.0161621
0.0187707
-0.0160723
0.0132408
0.000642807
-0.0159785
0.00848091
-0.00273749
-0.00724887
0.00123151
-0.0321054
-0.0328213
-0.0113167
-0.0515737
-0.0434221
-0.0104091
-0.0572171
-0.0619828
-0.0584178
-0.0455183
-0.107717
-0.00982233
-0.0606431
-0.0670395
-0.0588229
-0.0260384
-0.104341
-0.0866816
-0.0165014
-0.0210771
-0.0493228
-0.0148653
-0.0140187
-0.0359424
-0.00085258
-0.00170799
-0.00124268
0.000390127
0.00161972
0.00408545
-0.0181041
-0.00825568
-0.00102768
-0.00722797
-0.00273565
-0.0020183
-0.000717321
0.000723287
0.00373871
0.00234303
-0.000677651
0.00279764
0.00306109
-0.000715463
0.00111333
0.0020822
-0.000588405
0.00052493
0.0702705
-0.115887
-0.037446
0.0747911
-0.130793
-0.0661438
0.0704103
-0.136554
-0.045477
0.102121
-0.143118
-0.0286719
0.118295
-0.0667269
0.0858688
-0.0572492
-0.124039
0.0573124
0.112357
0.00694536
0.119844
-0.00419535
0.0157108
0.0531301
0.0742029
0.0966504
0.00657882
0.0869734
0.0943276
-0.00735409
0.101273
0.0129302
0.0746031
0.0871331
0.0966841
0.074362
0.0223223
0.0809409
0.0579768
-0.00049943
0.020381
0.037596
0.0735111
0.0508974
0.01108
0.050398
0.0504221
-2.39964e-05
0.0436518
0.00410938
0.0547319
0.0356951
0.00605946
0.0398045
-0.0163962
0.0354691
0.0269576
0.0372217
0.000298333
0.0257445
0.0294867
0.0355462
0.00768466
0.0295367
0.0321192
0.00942645
0.0226926
0.0351709
0.0163948
0.0190738
0.00383711
0.0149332
0.0202317
-0.0139193
0.0145617
0.00224253
0.0171756
-0.0113622
0.00862445
0.00319955
-0.00460391
0.00402008
0.00757943
-0.0510015
-0.0417433
-0.00654813
-0.0351952
-0.00317629
-0.0588065
-0.0541778
0.000474191
-0.0675136
-0.0583323
0.055565
-0.093011
-0.0487761
-0.00377917
-0.0829024
-0.0712928
0.027114
-0.07589
-0.0557884
-0.0232169
-0.0127255
-0.029765
-0.0130174
-0.0167475
-0.00954059
-0.00856348
-0.022266
0.00134322
-0.000953042
-0.000675056
0.00139
0.00432947
-0.0128929
-0.00289849
-0.00361578
-0.000945248
-0.00267049
-0.00162031
0.00116137
0.00189975
0.00255139
0.00046326
0.00161896
0.00236303
-0.000801459
0.000817499
0.0654874
-0.110964
-0.0275235
0.0854253
-0.114097
-0.0511286
0.0654767
-0.116605
-0.0454876
0.147282
-0.0899693
0.0900327
-0.0240644
-0.0933053
0.00333609
0.108376
-0.00710254
0.10418
0.0108751
0.011661
0.0618502
0.0987942
-0.0844432
0.0773408
0.0820961
-0.00115509
0.0747421
-0.00970109
0.0537139
0.0450804
0.0760362
0.0616549
0.0143814
0.0604999
0.0206446
0.0297777
0.0582406
0.0159565
0.0422843
0.0778068
0.0503583
0.00437384
0.0503344
-0.0234219
0.0531997
0.0269126
0.0364164
0.00338819
0.0407903
0.0413362
-0.00579013
0.0447245
-0.00338824
0.0224614
0.0261482
0.0357656
-0.000594813
0.0299755
0.00872501
0.0174227
0.0314174
0.0308225
0.00546046
0.0147705
0.0279214
0.00339348
0.0137819
0.0181636
-0.0041014
0.00730091
0.00968021
-0.00233843
0.00496249
0.0048378
-0.0590156
-0.0303574
-0.0433748
-0.000921435
-0.0574108
-0.059937
-0.00693917
-0.0643536
-0.06435
-0.0692698
-0.00662015
-0.0967932
-0.0587423
0.00295396
-0.0653624
-0.0613996
-0.0140355
-0.0293393
-0.0125227
-0.00974336
-0.0292702
-0.0220155
-0.00725462
0.00781254
-0.0218481
-0.014203
-0.00609499
-0.00679787
-0.0158383
-0.00206467
0.000444395
0.00048673
2.14341e-05
-0.00681924
-0.00264904
-0.00131333
-0.0013357
-0.000868951
0.00129189
0.00107115
0.00177862
-0.000135699
0.000935458
-0.0729665
-0.0238266
0.040171
-0.0856585
-0.0327954
0.097968
-0.122032
-0.0186371
0.0522161
-0.0708532
-0.0334423
0.0856175
-0.0747423
0.0889537
-0.0330784
0.0979468
-0.0206058
0.0232046
0.0628938
-0.095972
-0.0737317
0.053126
0.0364638
0.0413431
0.0815443
0.0897882
-0.0292883
0.0800872
0.00635559
0.0523569
0.0291875
0.0667384
0.0374501
0.0228279
0.030372
0.0651122
0.0294969
0.0356154
0.0708401
0.0491418
-0.00835126
0.0231689
0.0259731
0.0500815
0.0280089
0.0220728
0.0583809
0.0443056
0.000418966
0.0359544
0.0394068
-0.00943146
0.0398259
0.01208
0.0158406
0.0295024
0.0330381
-0.00221589
0.0236067
0.0201523
0.00934971
0.0179363
0.00697799
0.0111848
0.0228177
0.00373319
0.00594659
0.0149173
-0.00119436
0.00475211
-0.00753898
-0.052398
-0.0368783
-0.00674938
-0.0546502
-0.0565385
-0.00781145
-0.0632879
-0.0602095
0.0336744
-0.057501
0.0779673
-0.0442928
0.0126049
-0.0420452
0.00783852
-0.0447168
0.028413
-0.0205744
0.00656494
-0.00871669
-0.00712162
-0.0159713
0.0202821
-0.0137171
0.00607909
-0.00989219
-0.00269928
-0.0041199
-0.00982087
-0.00181986
0.000950922
-4.12318e-05
-0.000517995
-0.00360187
-0.00185368
-0.000902765
0.00092048
0.000879248
0.0541862
-0.0869815
-0.00331479
0.0462535
-0.0796956
-0.040728
0.097495
-0.0346011
0.0266419
-0.0530537
0.0682344
-0.0151082
0.091439
-0.00453284
-0.0619707
0.0468627
0.053206
-0.0577387
0.0739708
-0.0207646
0.0393697
0.067116
-0.0607603
0.00514537
0.045993
0.0248472
0.0751804
0.0439808
0.0311997
0.0814309
0.0206707
0.0299931
0.0283879
0.0656085
0.037171
0.0284376
0.0620182
0.0429914
-0.00703672
0.0278608
0.0151308
0.0538341
0.0323935
0.0214408
0.0544665
0.0291841
0.0252826
0.0575721
0.0422628
-0.00243678
0.0352263
0.032579
-0.00897246
0.0301423
0.011905
0.0109121
0.0212545
0.00834307
0.0129103
0.0262792
0.0173061
0.00832488
0.00659186
0.0192362
-0.000681863
0.00591002
0.00233993
-0.0625493
-0.0423769
0.0292693
-0.0713145
-0.0340185
0.021634
-0.0556525
-0.0409153
0.044505
-0.0478198
0.000212323
0.0480576
-0.0478452
-0.0232568
-0.00184869
-0.0405282
0.0260517
-0.0279004
0.00547726
0.019005
-0.0135278
0.00528792
-0.00281524
-0.00700558
0.0127074
-0.00741949
-0.000107926
-0.00349385
-0.0071135
-0.000428587
-0.00306523
-0.00133136
-0.0642482
0.0164285
0.0512077
-0.0460622
0.0239883
-0.0647162
-0.0402598
0.0746166
-0.0352468
0.021563
-0.0431532
0.0400264
0.0111814
0.0868892
0.0291505
-0.0343917
0.0455732
0.0626209
-0.0334702
0.0418563
0.0567235
-0.0148671
0.0214768
0.0663924
-0.0457216
0.0203303
0.044899
0.0171194
0.0760988
0.0303773
0.0239403
0.0336319
0.052378
0.0393992
0.0129788
0.0565187
-0.028372
0.062004
0.0385168
-0.00329018
0.0318112
0.00670591
0.0469422
0.0337805
0.013162
0.0552216
0.0370133
0.0182085
0.062296
0.0339241
0.0329951
-0.00285189
0.0297053
0.0246345
-0.00732837
0.0217825
0.0076629
0.0115723
0.0205728
0.0132433
-0.00249714
0.00907488
0.00617285
-0.0470881
-0.0343553
0.0379962
-0.061253
-0.0176562
-0.0647443
0.0584034
-0.0419748
0.0105582
-0.0506948
0.00603547
-0.0403908
0.0255643
-0.0195288
-0.00233604
0.0132371
-0.0155731
-0.000290639
0.00840635
-0.008697
0.000986866
-0.00612661
-0.00078587
-0.00534071
-0.0485384
0.00656361
0.0182313
-0.0584911
-0.030307
0.0537451
-0.0334146
0.0193534
0.0706465
-0.0491695
0.0274934
-0.0309977
0.0446158
-0.0252623
0.0311983
0.0134176
0.0767716
0.0433014
0.061996
-0.0186945
0.047129
-0.00204035
0.0643305
-0.033953
0.0309159
0.066547
-0.0100283
0.0325941
0.0339758
0.0280282
0.0469546
0.0470426
-8.7941e-05
0.0370144
-0.0233046
0.051333
0.0563161
-0.0223919
0.0330115
0.0234146
0.00629138
0.0301208
0.0244753
0.00564585
0.0376373
0.0318898
0.00574789
0.0500984
0.0277065
0.0194564
0.00232708
0.0257482
-0.00114684
0.0120965
0.0144253
0.00245197
-0.0671962
-0.0379388
0.0579721
-0.0514084
0.00727734
-0.0599188
-0.000653481
-0.0372854
0.0211259
-0.0217793
0.00159708
0.0147793
-0.0131822
-0.000793723
0.00592092
-0.00671453
-0.00277609
0.0218691
-0.052176
-0.0295393
0.0296431
-0.0606406
-0.022533
0.0623973
-0.0314813
0.0371351
0.0505858
-0.052626
-0.0100547
0.0447113
-0.00757607
0.058129
0.0621944
-0.00406522
0.0434999
-0.00912601
0.0575579
-0.0249637
0.0260766
0.044804
-0.0187273
0.0587232
-0.0217088
0.0337595
0.0539011
-0.0025682
0.0538133
0.0578002
-0.00398684
0.0360915
0.0488962
-0.0158847
0.046328
0.0451936
-0.017487
0.0293089
0.0206047
0.00514434
0.0262509
0.0240319
0.00221952
0.0297798
0.012293
0.0142175
0.0193616
0.00858873
-0.0685075
-0.0286966
0.0283355
-0.0578747
-0.0401719
0.00607953
-0.0347761
0.0255418
-0.0194623
0.0037625
0.0147953
-0.0110328
0.00161319
0.00673135
-0.00511805
0.0353529
-0.0578857
-0.0225218
0.0403657
-0.0504203
-0.0175201
0.0578533
-0.0130491
0.0502773
0.0421467
-0.0512726
-0.00827353
0.0487154
0.00156203
0.0446502
-0.00662229
0.020939
-0.033988
0.0451876
-0.0242485
0.0526099
-0.0188503
0.0338827
-0.00010532
0.0590077
-0.0229161
0.0401574
0.058802
-0.012474
0.0548152
0.0318991
0.0459359
-0.016627
0.0334619
0.0289936
-0.0167005
0.0123668
0.0136084
0.0158279
-0.000872752
0.0109702
-0.0511421
-0.0238059
0.021115
-0.0436367
-0.0300271
0.00839934
-0.0322052
0.0221322
-0.0137328
0.00266993
0.0131795
-0.0105096
0.0021468
0.00631364
-0.00416677
0.022713
-0.040233
-0.0209237
0.035408
-0.0436814
-0.00482497
0.0506063
-0.0054186
0.0521684
0.0460338
0.00613468
0.0394116
-0.00426975
0.0370045
-0.0371097
0.012756
0.0356427
-0.0228865
0.0302241
0.0577055
-0.0175479
0.0205958
0.0462375
-0.0143383
0.0286897
0.0414758
-0.00801376
0.0271375
0.0216743
-0.0093074
0.0136605
0.0132237
0.00391616
0.00367043
-0.0336974
-0.0285347
0.0140127
-0.0349363
-0.0196847
0.00073211
-0.0292668
0.0162751
-0.015543
0.00254229
0.0120313
-0.00948899
0.00152178
0.00508849
-0.00356664
0.0367034
-0.00647916
0.0322011
-0.037026
-0.00273521
0.0368356
-0.0411052
-0.000190325
0.0332855
0.00341794
0.0394203
-0.00168491
0.0388157
-0.0182198
0.0159292
0.0287403
-0.012811
0.0319377
-0.00319733
0.0254586
0.0415998
-0.01291
0.0233801
0.0358093
-0.00867178
0.0228994
0.019824
-0.00616337
0.0111523
0.010125
0.0039619
0.0313506
-0.0340857
0.0116659
-0.0176009
0.00669591
-0.0242968
0.0183174
-0.0116214
0.00277439
0.011015
-0.00824054
0.00152602
0.00468777
-0.0031617
0.0265483
-0.00108962
0.0299663
0.0362903
-0.0364805
0.00220467
0.0351054
-0.00513901
0.0334206
-0.00305993
0.0294275
-0.00604736
0.0166165
0.0184376
-0.00182101
0.0152403
-0.0247264
0.0236368
0.0239499
-0.00870957
-0.000776413
0.0263913
-0.00349184
0.020344
0.0154351
-0.0042826
0.0119432
0.00794201
0.00365954
0.0222905
-0.0200857
-0.00200629
0.0139047
-0.0159109
0.00228331
0.0102346
-0.00795125
0.00199412
0.00405742
-0.00206324
0.0252859
-0.00164894
0.0201469
0.0280856
-0.00793857
0.0250258
0.00494006
0.0232556
-0.00291152
0.0214346
0.0127251
-0.0158006
0.0141517
0.0147513
-0.00202619
0.013975
-0.00182554
0.0140385
-0.00209512
0.011127
0.00635818
0.00426321
0.0182671
-0.0133269
0.0023562
0.0109424
-0.00858614
0.00299121
-0.000312678
0.00330392
-0.00491339
0.0170415
-0.0028897
0.00910295
0.015163
-0.00606003
0.0160807
-0.000917582
0.00275379
-0.0108205
0.00793086
0.0129621
-0.00183495
0.010936
0.0120942
-0.00115816
0.0102687
-0.000551761
0.00574616
0.00391127
0.0107906
-0.00803667
0.00220445
0.00461502
-0.00241051
-0.000298364
-0.000858057
0.0116579
-0.00372698
0.00559791
0.0076212
-0.00202322
0.00670365
-0.001333
0.00846978
-0.00902143
0.00474284
0.00526676
0.00410863
-0.00491271
0.00170346
0.00292051
-0.00425344
0.000510026
0.00103891
-0.000528853
0.00628491
-0.00154196
0.00426173
8.3202e-06
0.0020444
-0.000340866
0.000502463
0.000109694
0.000579664
-0.000571311
0.000266306
0.0007688
)
;

boundaryField
{
    top
    {
        type            symmetryPlane;
        value           uniform 0;
    }
    bottom
    {
        type            symmetryPlane;
        value           uniform 0;
    }
    inlet
    {
        type            calculated;
        value           nonuniform List<scalar> 
17
(
-0.97042
-0.92719
-0.97042
-0.8859
-0.92719
-0.85771
-0.8859
-0.85697
-0.85771
-0.85735
-0.85697
-0.85772
-0.85735
-0.85783
-0.85772
-0.85782
-0.85783
)
;
    }
    outlet
    {
        type            calculated;
        value           nonuniform List<scalar> 
17
(
0.982048
0.938656
0.897653
0.869417
0.870678
0.897675
0.8697
0.876295
0.93876
0.869077
0.814422
0.868781
0.981956
0.877397
0.762962
0.877926
0.806596
)
;
    }
    deck
    {
        type            calculated;
        value           uniform 0;
    }
    frontAndBack
    {
        type            empty;
        value           nonuniform List<scalar> 0();
    }
    defaultFaces
    {
        type            empty;
        value           nonuniform List<scalar> 0();
    }
}


// ************************************************************************* //
