/*--------------------------------*- C++ -*----------------------------------*\
  =========                 |
  \\      /  F ield         | OpenFOAM: The Open Source CFD Toolbox
   \\    /   O peration     | Website:  https://openfoam.org
    \\  /    A nd           | Version:  8
     \\/     M anipulation  |
\*---------------------------------------------------------------------------*/
FoamFile
{
    version     2.0;
    format      ascii;
    class       volScalarField;
    location    "0.038";
    object      p;
}
// * * * * * * * * * * * * * * * * * * * * * * * * * * * * * * * * * * * * * //

dimensions      [0 2 -2 0 0 0 0];

internalField   nonuniform List<scalar> 
656
(
1.35119e-06
-0.235408
1.72836
-0.786613
0.189104
1.731
-1.15098
-1.55277
2.05447
1.70669
1.76634
-0.438437
0.386117
1.74749
2.03401
2.25862
1.63686
1.58758
2.26785
2.39098
1.80254
1.82161
1.78684
1.81819
-0.0677085
0.616167
1.77417
2.01679
2.24992
1.84425
1.86705
2.55677
2.39588
2.38603
2.55455
2.69072
2.15711
2.17321
2.13781
1.78268
1.85363
0.280601
0.818506
1.80925
2.00649
2.24292
2.18744
2.19999
2.86165
2.69152
2.55898
2.38184
2.55222
2.6895
2.86213
3.02916
2.16221
2.17659
2.18815
2.12096
2.14655
1.82893
2.00039
2.23568
2.19843
2.20725
3.02803
2.85975
2.69198
3.34665
2.37734
2.54935
2.68716
2.861
3.02896
2.18361
2.19369
2.19552
2.19505
1.98929
2.22538
2.19434
2.1938
3.6135
3.34239
3.02429
2.85739
3.34713
3.56347
4.81772
2.36917
2.54696
2.68321
2.86124
3.03024
2.09422
2.08968
2.091
2.09316
2.09503
2.09639
5.39515
5.07867
3.65467
3.33022
3.01899
3.35322
3.52873
4.58693
5.00455
2.11927
2.10304
2.09472
2.08837
2.08224
2.0768
3.46419
5.83381
5.30488
3.68605
3.31359
3.39851
2.13989
2.12757
2.11643
2.10717
2.09899
2.09181
3.53822
3.54942
6.25286
5.51874
3.70348
3.53278
2.22823
2.21363
2.2011
2.19077
2.1817
2.17381
3.18991
3.54104
3.65156
6.69767
5.77426
3.19374
2.32838
2.31595
2.30395
2.2937
2.28486
2.27741
3.12348
3.1881
3.53854
3.76328
7.1935
3.13421
3.07568
2.4101
2.41079
2.40466
2.39345
2.38195
2.37226
3.06718
3.11352
3.18609
3.52865
3.85145
3.07081
2.47401
2.50357
2.49705
2.48034
3.06594
3.05847
3.10429
3.18194
3.51435
3.07126
3.18648
2.3223
2.31054
3.0846
3.06866
3.06006
3.05109
3.0944
3.17586
3.15656
3.19086
3.21317
3.09274
3.0838
3.0654
3.05523
3.04414
3.08492
3.13601
3.15819
3.19535
3.21437
3.33621
3.09782
3.09248
3.08269
3.06307
3.05098
3.03785
3.1231
3.13603
3.15881
3.19841
3.22645
3.3828
3.10028
3.09815
3.09264
3.0822
3.06121
3.04728
3.11546
3.12263
3.13564
3.15867
3.20023
3.23717
3.09855
3.10051
3.09855
3.09291
3.08199
3.05965
3.11118
3.11474
3.12191
3.13492
3.15827
3.2011
3.10081
3.09827
3.10067
3.09898
3.0933
3.08185
3.11371
3.11082
3.114
3.12116
3.13413
3.15787
3.10325
3.10055
3.09817
3.10077
3.0994
3.09365
3.10713
3.10997
3.11401
3.11053
3.11335
3.12041
3.13349
3.10311
3.10027
3.09813
3.10084
3.0998
3.10721
3.11032
3.11415
3.11037
3.11276
3.11981
3.10297
3.10002
3.09811
3.10091
3.10729
3.11065
3.11421
3.11027
3.11221
3.10285
3.0998
3.0981
3.10736
3.11094
3.11424
3.11019
3.10273
3.09959
3.10743
3.11121
3.11427
3.10263
3.10748
3.11145
0.611979
0.920993
2.1215
2.05081
1.83045
1.80141
1.83282
1.36924
1.47461
1.26351
1.80865
1.85038
2.14557
2.14438
2.16632
2.16238
2.10654
2.08107
2.0137
1.95919
1.74501
1.56636
1.91245
1.84315
1.99308
1.99124
1.88207
2.10711
2.10895
2.1419
2.15703
2.16417
2.12712
2.08206
2.09268
2.00141
1.94358
2.13243
2.22566
2.11411
2.36213
2.27289
2.13704
2.07628
4.47046
4.70465
3.32798
2.55037
2.45659
3.17535
3.02382
2.68363
2.64684
2.96672
2.86677
2.81048
2.14303
2.11514
2.13033
2.17331
2.22646
2.21905
2.20966
2.20995
2.26334
2.16401
2.45129
2.39424
2.28286
2.29878
3.96953
3.53593
3.45112
3.98531
3.79715
3.42593
3.27996
3.31218
3.17059
2.62177
2.52834
3.08444
2.97743
2.8897
2.81643
2.74411
2.14717
2.16581
2.19282
2.25141
2.27749
2.34548
2.36993
2.56693
2.41852
2.36538
2.65414
2.48504
2.42421
3.6703
3.54008
3.4897
3.5277
3.44846
3.3706
3.229
3.17502
3.05293
2.96197
2.88021
2.74066
2.70174
2.23768
2.25365
2.27762
2.36842
2.3868
2.43792
2.47556
2.58913
2.541
2.80957
2.73408
2.59737
2.54199
3.18474
3.31912
3.32988
3.36046
3.28016
3.20727
3.11569
3.03275
2.89265
2.97897
2.91334
2.33895
2.55319
2.38031
2.39272
2.44127
2.45403
2.51906
2.85313
2.69288
2.73584
2.88338
2.59826
2.70707
2.68127
2.88332
3.1288
3.1536
3.00083
2.9665
3.08474
3.03062
3.19371
3.24067
3.21813
3.00989
2.98434
3.17456
3.02843
3.0429
2.42908
2.62122
2.5375
2.59596
2.4782
2.48105
2.51332
2.74775
2.81587
2.86924
2.92091
2.67974
2.75437
2.71024
2.91834
2.97928
3.03605
3.03209
3.09641
3.14306
3.12343
3.06772
3.06523
3.07311
3.06107
3.08258
3.12822
3.05134
3.0755
3.03786
3.07659
3.0769
3.09168
3.07374
3.06721
3.07198
2.56211
2.45618
2.52727
2.63997
2.6591
2.53405
2.54645
2.63278
2.94447
2.79878
2.83932
2.67874
2.79927
2.98256
2.96403
3.04084
3.06957
3.09616
3.13901
3.1435
3.20084
3.22474
3.22518
3.1958
3.16778
3.18783
3.14182
3.20116
3.1806
3.18382
3.14311
3.11758
3.10691
3.05683
3.0986
3.10094
3.1262
3.09658
3.07114
3.06131
3.067
3.06401
3.06769
3.09342
3.23634
2.45327
2.33931
2.42091
2.56689
2.59563
2.67213
2.84135
2.82987
2.86835
3.10946
3.00014
3.0085
3.26803
3.16202
3.1399
3.30203
3.27646
3.36427
3.16407
3.13312
3.1641
3.15257
3.156
3.08114
3.08266
3.13137
3.10748
3.11314
3.08857
3.06248
3.09258
3.09839
3.08739
3.0908
3.10207
3.37541
3.18336
3.06652
3.02368
3.02701
2.98068
2.78017
3.02524
3.31866
3.09125
3.091
3.14503
3.13137
3.13807
3.12781
3.13683
3.0933
3.09133
3.12612
3.11443
3.10194
3.09169
3.1028
3.08912
3.53755
3.09752
3.09745
3.09723
3.09827
3.09926
3.10009
3.12643
3.1139
3.12501
3.12282
3.12411
3.098
3.10506
3.10019
3.11284
3.11505
3.09915
3.10169
3.09998
3.10028
3.09925
3.10006
3.11723
3.11428
3.11572
3.11614
3.11571
3.10204
3.10453
3.10786
3.10929
3.11246
3.11138
3.1016
3.10274
3.10096
3.10156
3.11195
3.11187
3.11003
3.10503
3.10925
3.10684
3.11295
3.11165
3.10339
3.10486
3.10699
3.10953
3.10912
)
;

boundaryField
{
    movingWall
    {
        type            zeroGradient;
    }
    fixedWalls
    {
        type            zeroGradient;
    }
    frontAndBack
    {
        type            empty;
    }
    defaultFaces
    {
        type            empty;
    }
}


// ************************************************************************* //
