/*--------------------------------*- C++ -*----------------------------------*\
  =========                 |
  \\      /  F ield         | OpenFOAM: The Open Source CFD Toolbox
   \\    /   O peration     | Website:  https://openfoam.org
    \\  /    A nd           | Version:  8
     \\/     M anipulation  |
\*---------------------------------------------------------------------------*/
FoamFile
{
    version     2.0;
    format      ascii;
    class       surfaceScalarField;
    location    "0.08";
    object      phi;
}
// * * * * * * * * * * * * * * * * * * * * * * * * * * * * * * * * * * * * * //

dimensions      [0 3 -1 0 0 0 0];

internalField   nonuniform List<scalar> 
1107
(
0.000315988
-0.000643388
0.000633494
-0.000306094
0.000616968
-0.00030098
-2.96871e-05
0.000646655
0.000304962
0.000538556
-0.000106654
-0.000736865
-0.000968717
0.000630292
-9.76567e-05
0.000701464
0.000286064
-5.36017e-05
-1.49161e-05
-3.72724e-05
0.000683927
-3.3051e-05
1.43466e-05
-8.79494e-05
0.000180751
-0.000148833
-6.49697e-05
0.000300272
-0.000856385
-0.00126768
0.000599238
-0.000207466
0.000740101
0.000760967
-9.67758e-05
4.17076e-05
0.000814912
-9.5652e-05
3.58087e-06
-4.28358e-05
-1.13353e-05
0.000725635
0.000853069
2.99216e-05
-6.80787e-05
6.44731e-05
-0.000126751
-8.65552e-05
2.51489e-05
-4.86252e-05
0.000227394
-0.000140758
-0.000213387
0.000277847
-0.000115422
0.000296552
-0.00087509
-0.00151061
0.000539473
-0.000366498
0.00075827
0.000828766
-0.000185442
0.00089923
-0.000166116
5.2156e-06
-2.29025e-05
-6.11973e-06
-2.2293e-05
0.00086505
1.03117e-05
0.000755557
0.000946175
-0.000115024
0.000963477
-3.95951e-05
0.000951862
-2.38973e-05
3.55128e-05
3.54042e-05
-7.27549e-05
-4.92045e-05
1.3622e-05
-2.6843e-05
-8.23994e-05
-0.000131114
0.000322166
-0.000215173
-0.000320381
0.000397171
-0.000190427
0.000306686
-0.000784606
0.000459871
-0.00166379
-0.000570356
0.000743332
0.000880866
-0.000308038
0.000968445
-0.000253695
2.99796e-06
-1.22785e-05
-3.12176e-06
8.81593e-05
0.000916904
-5.32021e-05
0.000853472
-1.23192e-05
0.000765868
0.00102611
-0.000172693
0.00105048
-6.39651e-05
0.00103965
4.63461e-05
0.00099944
0.000128371
-0.000118508
0.000932832
0.000185116
5.74524e-05
-0.000104205
-3.56469e-05
2.76046e-05
-1.93567e-05
1.0414e-05
-9.65241e-06
-0.000129769
-0.000216517
-6.19163e-05
-0.000172058
0.000691201
-0.000801686
0.000902306
-0.000467012
0.0010109
-0.000362293
2.20818e-06
-4.07266e-06
-9.13588e-07
0.000865655
-6.72595e-05
0.000823941
-2.36708e-05
0.000753549
0.000822861
-0.000147402
0.000257373
0.00107959
-0.000241382
0.0011107
-9.50699e-05
0.00110239
5.46554e-05
0.00105829
0.000172472
0.000974515
0.000268889
4.56508e-05
-3.06059e-05
-7.69612e-05
2.4441e-05
-1.44371e-05
1.14678e-05
-6.38353e-06
4.27929e-06
-2.46385e-06
0.000877238
-0.000653049
0.00100527
-0.000490324
8.82552e-07
-6.75929e-07
-3.10357e-08
0.000334143
0.000670018
-0.0001813
0.00079061
-7.23569e-05
0.000785616
-2.89351e-05
0.000729878
0.000827244
0.000404644
0.000622682
0.000538704
0.000388299
-0.00129507
0.00152945
0.00108447
-0.000320586
0.00112435
-0.000134944
0.00112317
5.58366e-05
0.00107777
0.000217873
0.000975232
0.000371423
-3.58708e-05
-5.57966e-05
6.10614e-05
-1.92677e-05
-3.10402e-05
-9.09209e-06
-1.65591e-05
-3.3798e-06
-8.17613e-06
-6.70577e-07
-3.38515e-06
-7.01612e-07
0.000987999
0.000345411
-0.000945111
0.000371511
-0.000996559
0.000688051
-7.87401e-05
0.000739102
-2.58426e-05
0.000700943
0.000793485
0.000586391
0.000547568
0.000784621
0.000411897
0.00166512
0.000483364
0.000916531
-5.78824e-05
-9.54246e-05
9.75105e-05
-3.1331e-05
-5.75917e-05
-1.47863e-05
-3.31038e-05
-5.47328e-06
-1.74891e-05
-1.09568e-06
-7.76275e-06
-1.7973e-06
0.000101445
0.000300667
-5.67012e-05
0.000227767
-0.000801367
0.000357808
-0.000666317
0.000680878
-2.05162e-05
0.0006751
0.00041591
0.0001689
-4.46245e-05
-0.00012534
7.45397e-05
-2.45271e-05
-7.7689e-05
-1.18011e-05
-4.58298e-05
-4.48909e-06
-2.48011e-05
-9.73166e-07
-1.12787e-05
-2.77046e-06
0.00024647
0.000202976
-0.000148779
0.000201336
-3.02699e-05
0.000136232
-0.00057979
0.000342994
-0.000328433
0.000654584
0.000297744
0.000364636
-1.47602e-05
-0.000134215
2.3635e-05
-8.36415e-06
-8.40851e-05
-4.13926e-06
-5.00547e-05
-1.66035e-06
-2.728e-05
-4.05095e-07
-1.25339e-05
-3.17556e-06
0.000150016
0.000136505
-8.3545e-05
0.000129101
-7.65443e-05
0.00012099
-1.50283e-05
7.00078e-05
-0.000306804
0.000326151
0.000201945
0.000245815
1.39936e-05
-0.000122562
-2.56461e-05
7.11086e-06
-7.72023e-05
3.16858e-06
-4.61124e-05
1.11789e-06
-2.52293e-05
1.79589e-07
-1.15956e-05
-2.99597e-06
0.000129937
7.89269e-05
-7.23588e-05
8.59985e-05
-4.04426e-05
7.42001e-05
-2.97543e-05
5.93506e-05
-4.37106e-06
1.93473e-05
0.000120013
0.000211868
-8.92953e-05
6.0011e-05
0.000149298
1.62182e-05
-3.57568e-05
-0.000103024
7.57607e-06
-6.85602e-05
3.23852e-06
-4.17749e-05
1.16862e-06
-2.31594e-05
2.25003e-07
-1.0652e-05
-2.77097e-06
3.85152e-05
-4.88836e-05
4.8643e-05
-3.50034e-05
4.90636e-05
-1.53061e-05
3.54301e-05
-5.83381e-06
1.49763e-05
-5.23155e-05
2.40123e-05
8.83143e-05
-3.18889e-05
5.77133e-05
-6.75993e-05
-1.25596e-05
-4.24888e-05
-2.81557e-06
-2.0396e-05
-5.58653e-06
1.45227e-05
-2.83231e-05
2.31383e-05
-2.33789e-05
2.72521e-05
-1.31918e-05
2.3205e-05
-3.08104e-06
9.14246e-06
4.93288e-06
-2.58481e-05
4.49275e-05
-2.07554e-06
7.07248e-06
7.25608e-06
-1.2253e-05
-1.29803e-05
5.60435e-05
-6.34593e-05
-1.85668e-05
-1.93293e-06
-8.23136e-06
1.50972e-05
2.33182e-06
-1.36572e-05
8.22042e-06
-1.34052e-05
1.2658e-05
-8.78484e-06
1.27292e-05
-2.71593e-06
6.06142e-06
1.56689e-06
4.38416e-06
-8.0266e-06
-4.98524e-07
3.47061e-06
4.10039e-06
-1.88957e-06
8.48106e-06
-1.68623e-05
1.02708e-05
-3.10696e-06
-3.36087e-07
1.51011e-06
-1.79558e-06
-4.10397e-06
8.96909e-07
-6.3337e-06
4.24589e-06
-4.99311e-06
5.79545e-06
-1.85113e-06
3.34549e-06
3.51159e-06
1.70834e-06
-3.65303e-06
1.67807e-06
2.20755e-06
1.17908e-07
1.46312e-06
-7.5358e-07
3.04875e-06
6.18589e-06
-2.68411e-06
4.81492e-06
-2.38947e-05
2.17638e-05
-2.1773e-06
2.17417e-06
-3.10382e-06
-2.24068e-06
1.09018e-07
-1.41859e-06
-1.78847e-06
2.36145e-07
-2.32395e-06
1.84532e-06
-1.04298e-06
1.49436e-06
3.85021e-06
-3.38452e-07
-1.71043e-10
2.66436e-06
7.22043e-07
1.33932e-06
9.8614e-07
2.42355e-07
4.67188e-07
-2.01025e-07
5.65661e-07
-5.8331e-07
5.39822e-06
-1.21569e-06
1.7433e-06
-2.70491e-06
-1.40694e-06
1.34042e-06
-1.48268e-06
1.7311e-07
-9.40916e-07
-6.11406e-07
3.52242e-09
-4.82151e-07
4.51384e-07
2.70925e-06
-2.27813e-06
3.41909e-06
2.65911e-06
-3.33211e-07
1.80169e-06
2.5967e-07
8.8368e-07
3.44815e-07
1.82782e-07
8.33803e-08
-1.76488e-08
-1.68901e-06
-9.52898e-07
1.42623e-06
-6.61683e-07
9.9804e-07
-8.42765e-07
7.00507e-07
-8.74133e-07
1.06327e-07
-4.96849e-07
-1.11035e-07
-3.07669e-08
1.50422e-06
-2.03655e-06
3.24158e-06
1.72756e-06
-1.34659e-06
1.68527e-06
-2.16787e-07
1.07582e-06
6.75248e-08
4.6251e-07
6.50867e-08
6.57313e-08
-2.47321e-06
-1.39769e-06
2.18188e-06
-1.04747e-06
-5.6711e-07
-3.37206e-07
4.92481e-07
-4.55486e-07
2.81861e-07
-4.23663e-07
3.31405e-08
-1.41802e-07
2.15756e-06
1.27829e-06
-1.93164e-06
8.36471e-07
-1.14546e-06
1.01802e-06
-6.79344e-07
9.59323e-07
-1.00286e-07
5.24408e-07
5.62607e-09
1.30818e-07
-2.93818e-06
-7.5367e-07
1.21864e-06
-1.63524e-06
-8.09923e-07
-6.10718e-07
-2.93599e-07
-1.52736e-07
1.8973e-07
-2.04107e-07
6.23051e-08
-1.08662e-07
-2.83678e-06
1.91607e-07
-2.93001e-07
1.29719e-06
-1.97641e-06
1.35281e-06
7.61944e-07
4.32231e-07
-5.59676e-07
5.44477e-07
-2.64498e-07
4.50538e-07
-2.64161e-08
1.36444e-07
-1.96106e-06
-4.27851e-07
-1.01447e-06
-4.06173e-07
-3.25801e-07
-1.20534e-07
-5.35903e-08
3.92128e-08
-4.63569e-08
-1.88537e-06
1.15908e-07
7.64622e-07
7.9922e-07
3.94954e-07
1.99164e-07
-2.14364e-07
2.42137e-07
-5.60983e-08
1.10028e-07
-1.22961e-06
-2.12711e-07
-5.72165e-07
-1.5981e-07
-1.46228e-07
-2.78971e-08
-7.14404e-09
-1.17505e-06
6.13445e-08
3.88795e-07
4.3196e-07
1.62157e-07
7.16286e-08
-4.38558e-08
5.39293e-08
-7.00395e-07
-8.44819e-08
-2.70206e-07
-3.58316e-08
-3.50413e-08
-6.65638e-07
2.65873e-08
1.55117e-07
1.96122e-07
3.76629e-08
1.0073e-08
-3.34921e-07
-1.97672e-08
-7.08728e-08
-3.15675e-07
7.34123e-09
3.55633e-08
4.77358e-08
-9.06401e-08
-8.32991e-08
0.000597177
-0.00138178
-0.00106661
0.000323399
-0.000539916
0.000860692
-0.000537292
0.000540311
0.00130424
-0.000763926
0.00111381
-0.000267972
0.00157007
-0.00183804
0.000503455
-0.000298231
-0.00139491
0.000630983
0.000139433
-0.000311491
-0.000400483
4.44257e-05
-0.000121387
-0.000267065
0.000331851
-0.000732334
0.00117716
-0.000845312
0.00063987
-0.000755039
0.00207405
-0.00144306
0.000236006
0.00130968
-0.00107367
0.00101145
0.000358398
0.00101926
-0.0017743
-0.000423806
-6.03254e-05
0.000230334
-0.00029066
-3.67308e-05
-0.000769065
-6.73804e-05
-0.000701684
0.00137395
-0.00144133
0.000528633
-0.00124566
0.00142815
-0.00185195
0.000354476
0.000887049
-0.000532573
-0.00124545
0.000755123
-0.00137919
0.00105861
-0.000624069
0.000990099
-0.00223576
-0.000861855
0.000861464
0.000803657
0.001778
-0.000412949
0.000999341
-0.00149413
0.00135918
-0.000435521
-0.00116237
0.000749417
-0.000790943
-0.00132531
0.00138114
3.3878e-05
-0.00129358
0.000502632
-0.0010757
0.000305439
-0.000193149
0.000132844
-0.000325993
-0.000568841
0.000281258
-0.000850099
-0.00116007
0.000202714
-0.00136278
-0.00203305
0.00114366
-0.00200551
-0.000611082
-1.2987e-05
-0.000667313
0.000231792
-0.0006803
-2.44934e-05
-0.00200855
-0.00203
-0.000901715
0.00170537
-0.000117094
0.000882247
0.000281901
0.00149609
0.00198727
0.00166499
-2.67619e-05
0.000909009
-0.00101697
0.000990211
-0.000267556
-0.000587108
0.000620986
-0.000355316
-0.000971507
0.000703951
-0.000468875
-0.000798016
0.000329142
-0.000492577
0.000128409
-0.000251453
8.12159e-05
-0.000332669
-0.000768883
3.49801e-05
-0.000803863
-0.0013278
-0.000350883
-0.000976918
-0.00235944
0.000884688
-0.00124
0.000204388
-0.00182562
-0.00142584
0.00018584
0.000920232
-0.00274585
-0.00143921
0.000538731
0.00144854
0.00144774
-0.00100916
0.0013738
0.00065583
0.00210437
9.88017e-05
0.00134894
0.00108901
4.40043e-05
0.00104501
0.000747955
0.00021779
0.000530165
0.000546932
0.000675341
-0.000750503
-0.000309034
1.00514e-05
-0.000319085
-0.000793811
-0.000349427
-0.000444384
-0.00132635
-0.000424798
-0.000901548
-0.001864
0.00201387
-0.00182803
-0.000731975
0.00173276
-0.00248326
-9.52725e-05
0.00128856
-0.00202053
-0.000575443
-0.000617171
0.000862986
0.000756628
-0.00121311
0.00196974
0.000891259
0.0022402
0.00140612
0.000834082
0.00245112
0.00298129
-0.000632501
0.00205928
-0.00142678
0.00311577
-0.000134477
-0.000344732
0.000565038
-0.00114048
-9.40149e-05
-0.000250717
-0.000538399
-0.000119137
-0.000419262
-0.00102068
-0.000455647
0.00182446
0.00023482
-0.00172919
-0.000291347
-0.00073341
0.00096823
-0.000977283
-0.000163198
0.000648002
-0.000939349
-0.000329281
-0.00117898
0.000445574
-0.000325367
0.000537236
0.000537619
2.80538e-05
-0.000605833
0.000577779
-0.00115093
-0.000122759
0.000349263
-0.000226504
-0.000728592
-0.000703098
0.00124072
0.00126664
0.00210073
-0.000341416
-0.000809515
-0.00176819
0.001217
0.000883721
0.00108253
-0.000685667
-0.000286473
0.000394872
-0.000558069
-0.000676762
0.000221114
-0.00028189
-0.000125807
-0.000160666
-0.000545069
-0.000323955
-0.00126102
0.000321672
-0.000292791
-0.000608661
0.00031587
-0.000163087
-0.000503033
-5.50359e-05
0.000832315
-0.000510642
-0.000676731
0.000513644
-9.89516e-05
0.00036911
-1.98472e-05
0.000270158
-0.00021964
0.000199793
1.72173e-05
0.000144681
-0.000161898
-0.000202422
-0.000428926
-0.000259301
-0.000169625
-0.000113018
0.000262316
0.000424217
-0.000149297
0.000573514
0.00109142
0.000317383
-0.000576684
-0.000411209
-0.00122072
0.000468754
0.000622666
-0.000666807
-0.000553916
0.00135247
-2.15626e-05
0.000109877
0.000240753
0.000113871
-0.000274537
-1.0847e-05
-0.000466334
0.000184444
-0.00052137
-0.000100944
-0.000173592
-0.000424899
-0.000240455
0.000483815
2.98292e-05
-0.000799684
0.000289042
-0.000532011
1.06411e-05
-0.000242969
-0.000300928
0.000330758
-0.000346556
4.56279e-05
-7.63982e-05
-0.000238823
0.000162425
-3.90307e-05
-0.000132049
9.30187e-05
1.26314e-05
5.50587e-06
2.43873e-05
-2.98931e-05
1.27619e-05
-2.40504e-05
4.84377e-05
6.98233e-05
-9.38737e-05
8.24547e-05
-4.69405e-05
-4.69332e-05
-0.000208839
-2.42622e-05
-5.63091e-06
-7.11955e-05
-1.78839e-05
-0.000102305
-0.000106533
-0.000271931
-0.000104205
-0.000167726
-0.000680889
-9.42915e-05
0.000335045
0.000479223
0.00110189
-0.000443736
-0.000237153
0.000997652
0.000104237
1.87257e-05
2.62018e-05
0.000128603
4.65969e-05
8.20058e-05
0.000381642
5.40444e-05
-0.000227637
1.35548e-05
-7.32801e-05
-0.000154357
-0.000313735
-0.000303094
-0.000234938
-6.8156e-05
-0.000477907
-0.000147149
0.000192013
-2.95885e-05
-0.000237641
9.04921e-05
5.34882e-05
2.89665e-05
0.000146507
0.000116918
4.09997e-05
7.43796e-06
6.99662e-05
1.77088e-05
-4.9159e-05
-2.20365e-05
-0.000155692
-2.31028e-05
5.21888e-06
-4.51393e-05
-2.80773e-06
1.52475e-05
-1.5031e-07
4.14493e-05
-0.000103315
-5.23774e-05
-0.000271041
-0.000148737
-0.000122304
-0.00038589
0.000342299
3.93428e-05
0.000446536
6.06467e-05
9.45258e-06
3.19967e-05
9.14583e-05
0.000130801
9.71282e-05
-2.71621e-05
0.000214047
-0.000236383
8.2026e-05
-0.000304539
-1.85668e-05
-5.39822e-06
-8.07125e-06
7.92095e-06
-6.56114e-06
-4.08101e-05
-4.32919e-06
-9.31875e-05
-1.27272e-05
9.91951e-06
-1.70564e-05
6.26646e-06
1.14616e-05
-3.54068e-06
4.34583e-05
-7.53089e-05
-1.78786e-05
-0.000197613
-0.000136966
3.34877e-05
9.97065e-06
0.000164289
2.73225e-05
-8.42257e-06
4.88189e-06
5.09348e-06
-8.1973e-06
-1.46767e-06
-9.89024e-06
-7.68144e-07
-7.42916e-06
-3.47306e-06
-3.03794e-05
1.3323e-05
-4.8258e-05
-1.8154e-06
8.08186e-06
1.15076e-05
8.08167e-06
1.31565e-05
-8.27459e-06
2.31271e-05
3.0517e-05
-7.38991e-06
-5.78395e-05
9.58147e-06
-4.50994e-07
-9.43924e-06
-8.72558e-06
-2.52259e-06
-4.90657e-06
-1.19618e-05
-2.04684e-06
-6.95341e-06
2.8321e-06
8.67545e-06
1.24136e-05
-4.25735e-06
7.67644e-06
3.82432e-06
1.24998e-05
-2.58037e-06
-6.14522e-06
-9.97029e-06
-1.1279e-05
1.30869e-06
1.13459e-06
8.31038e-07
6.8454e-06
4.07261e-06
-8.19423e-06
-3.76761e-06
-1.43395e-05
-4.77153e-06
-8.53914e-06
4.98758e-07
6.34663e-06
1.29985e-05
1.41331e-05
-1.30069e-05
-1.33252e-06
1.16982e-05
2.43486e-06
2.14096e-06
8.48759e-06
-7.3205e-06
-8.65303e-06
-8.94603e-06
6.51118e-06
)
;

boundaryField
{
    movingWall
    {
        type            calculated;
        value           uniform 0;
    }
    fixedWalls
    {
        type            calculated;
        value           uniform 0;
    }
    frontAndBack
    {
        type            empty;
        value           nonuniform List<scalar> 0();
    }
    defaultFaces
    {
        type            empty;
        value           nonuniform List<scalar> 0();
    }
}


// ************************************************************************* //
