/*--------------------------------*- C++ -*----------------------------------*\
  =========                 |
  \\      /  F ield         | OpenFOAM: The Open Source CFD Toolbox
   \\    /   O peration     | Website:  https://openfoam.org
    \\  /    A nd           | Version:  8
     \\/     M anipulation  |
\*---------------------------------------------------------------------------*/
FoamFile
{
    version     2.0;
    format      ascii;
    class       volVectorField;
    location    "0.08";
    object      U;
}
// * * * * * * * * * * * * * * * * * * * * * * * * * * * * * * * * * * * * * //

dimensions      [0 1 -1 0 0 0 0];

internalField   nonuniform List<vector> 
656
(
(0.743372 0.0565316 -9.65465e-25)
(0.927889 0.0140691 1.86666e-24)
(0.954788 -0.00127375 0)
(-0.0910749 0.118994 2.40002e-23)
(0.556742 0.0977245 1.12098e-23)
(0.841242 0.000939745 0)
(-0.0571798 0.0672276 -4.93901e-23)
(-0.0145962 0.018846 9.85104e-24)
(0.968227 -0.000150838 0)
(-0.000504599 0.138601 -2.37829e-24)
(-0.00304957 0.193131 -7.83495e-23)
(-0.117738 0.172053 0)
(0.376006 0.139834 1.00526e-23)
(0.715019 0.00930685 0)
(0.890989 0.00127448 -1.70667e-22)
(0.906566 0.000583091 4.77898e-23)
(0.00104045 0.0823433 9.70506e-24)
(0.00137427 0.0267217 0)
(0.971852 -7.63393e-05 -3.43357e-23)
(0.913661 0.000298538 -1.43718e-22)
(-0.0123884 0.0928734 7.71105e-23)
(-0.00523407 0.0628722 0)
(-0.0239222 0.125115 1.33362e-24)
(-0.00789614 0.242543 1.53982e-22)
(-0.136115 0.223437 -1.67657e-22)
(0.210343 0.18042 -2.26587e-23)
(0.577674 0.0245875 0)
(0.8007 0.0063769 2.66449e-22)
(0.829493 0.00303217 -8.91623e-23)
(-0.00144234 0.0356645 0)
(-0.000151564 0.0114448 0)
(0.916985 0.000158344 5.13466e-23)
(0.973373 -4.69489e-05 -3.66607e-23)
(0.842959 0.00161736 1.95816e-22)
(0.849423 0.000810415 -5.18089e-23)
(0.854029 6.34543e-05 -1.08889e-22)
(-0.00677975 0.0608906 -1.05381e-22)
(-0.00280708 0.0409243 1.7071e-23)
(-0.0137926 0.0825099 -1.88325e-22)
(-0.0408483 0.158564 -1.577e-22)
(-0.01671 0.28282 1.66501e-22)
(-0.143742 0.269547 -4.77709e-24)
(0.068649 0.217917 4.55154e-22)
(0.433183 0.0474137 0)
(0.696558 0.0162322 0)
(0.739381 0.00802637 -3.6982e-22)
(-0.00082163 0.023028 -5.40253e-24)
(-0.000128818 0.007323 0)
(0.854941 -0.000883156 1.20144e-22)
(0.919452 2.84442e-05 -2.78104e-23)
(0.974007 -2.02086e-05 4.92918e-24)
(0.759769 0.00435514 0)
(0.769762 0.00218532 0)
(0.77684 0.000151917 -1.06666e-22)
(0.778385 -0.00237207 4.59706e-22)
(0.763624 -0.00604312 0)
(-0.0103745 0.0366043 2.00131e-22)
(-0.00502146 0.0257398 2.95145e-22)
(-0.0020282 0.0165172 -2.87514e-22)
(-0.0250269 0.104803 -1.85263e-22)
(-0.0193443 0.0489369 5.84787e-22)
(0.28681 0.079672 -1.32799e-22)
(0.57847 0.0319867 1.75137e-22)
(0.6352 0.01658 -5.20767e-22)
(-0.000553538 0.00884748 4.53702e-23)
(-6.70896e-05 0.00256181 6.09051e-23)
(0.844859 -0.00224241 -2.5466e-22)
(0.919999 -0.000146379 8.54503e-23)
(0.974687 1.29024e-05 5.47828e-24)
(0.726766 -0.0151978 -1.16791e-23)
(0.662691 0.00911891 0)
(0.676454 0.00466422 1.93316e-22)
(0.686382 0.000386204 2.04132e-22)
(0.688966 -0.00481309 -8.82332e-22)
(0.669707 -0.0125429 2.27279e-22)
(-0.00839884 0.013935 8.88422e-22)
(-0.00405366 0.00913818 -6.83447e-24)
(-0.00182772 0.00550519 0)
(-0.000643615 0.00295307 1.05771e-22)
(0.447786 0.0558279 0)
(0.516951 0.0303678 6.66113e-22)
(-8.94486e-05 0.00127334 -1.00135e-22)
(5.53252e-05 0.000241395 -3.08628e-23)
(0.604785 -0.0240904 4.71814e-22)
(0.820258 -0.0059258 1.49694e-22)
(0.914483 -0.00037493 0)
(0.97503 4.19904e-05 -5.28357e-23)
(0.61997 -0.0302308 -2.88772e-22)
(0.468207 -0.047238 7.26193e-22)
(0.251478 -0.190757 -8.79081e-22)
(0.550823 0.0170798 0)
(0.568147 0.00874817 4.66271e-23)
(0.581235 0.000992162 -1.45194e-22)
(0.585535 -0.00871522 5.11886e-22)
(0.562574 -0.0231805 -8.69612e-22)
(-0.0147912 0.00626422 3.73776e-22)
(-0.00924723 0.00306672 -3.98854e-22)
(-0.0053723 0.00139792 -1.97735e-22)
(-0.0027965 0.000480319 3.91349e-22)
(-0.00116585 4.38425e-05 4.71301e-23)
(-0.000203194 -6.2062e-05 -2.84976e-23)
(-0.136729 -0.250241 5.90066e-23)
(0.411943 -0.147966 -6.13837e-23)
(0.732778 -0.00901636 -7.95846e-22)
(0.901185 -0.00112447 0)
(0.973746 0.000109575 0)
(0.499718 -0.053948 5.52147e-22)
(0.32551 -0.0810139 -2.7733e-22)
(0.106282 -0.230035 1.02582e-22)
(-0.141409 -0.298197 1.38428e-21)
(-0.0465806 0.0112551 0)
(-0.0340211 0.00583955 1.86864e-22)
(-0.0235915 0.00285793 -6.59977e-22)
(-0.0149879 0.00114532 1.84041e-22)
(-0.00792716 0.000287615 -4.38527e-23)
(-0.00212804 2.17929e-05 -2.72268e-23)
(-0.00754413 -0.289028 0)
(-0.120665 -0.194926 0)
(0.582913 -0.103403 4.88166e-22)
(0.850386 -0.000878685 -3.99584e-23)
(0.970606 0.00020329 -1.0304e-22)
(-0.0155575 -0.332917 -1.64648e-21)
(-0.0760016 0.0100105 0)
(-0.0568624 0.0055275 1.93151e-22)
(-0.0403703 0.00276357 -1.41149e-24)
(-0.0262672 0.00117178 9.54889e-23)
(-0.0142712 0.00036038 -4.48735e-23)
(-0.00411642 7.18034e-05 0)
(-0.0276221 -0.164272 -5.51166e-22)
(-0.00296285 -0.233227 0)
(-0.094997 -0.136206 5.08316e-22)
(0.75789 -0.0597746 0)
(0.956554 0.00135216 7.64117e-23)
(-0.0466783 -0.205092 0)
(-0.0980842 0.00828959 0)
(-0.0741664 0.00460889 1.20078e-22)
(-0.0531751 0.00234375 -3.48153e-22)
(-0.0349417 0.00102809 1.12647e-22)
(-0.0192397 0.00034541 5.03485e-23)
(-0.00578431 8.89852e-05 -1.68739e-23)
(-0.015655 -0.119024 2.82625e-22)
(-0.0145373 -0.12335 0)
(-0.000248223 -0.169216 -4.45518e-22)
(-0.0605237 -0.0776122 4.30418e-22)
(0.931395 -0.0147218 0)
(-0.0284336 -0.14859 0)
(-0.107004 0.00724183 1.53155e-22)
(-0.0810001 0.00408753 -1.47863e-22)
(-0.0581641 0.00207789 1.43074e-22)
(-0.0382908 0.000905965 -2.73888e-22)
(-0.021155 0.000304638 3.76656e-22)
(-0.00650419 7.8617e-05 -5.02187e-23)
(-0.0133571 -0.0678574 2.43769e-22)
(-0.00771822 -0.0890961 -5.22016e-22)
(-0.0059635 -0.0840653 1.52074e-22)
(0.00181254 -0.100771 -4.6198e-22)
(-0.014189 -0.0214027 1.30993e-23)
(-0.0241146 -0.0868491 0)
(-0.015461 -0.0452134 -5.49847e-23)
(-0.107962 0.00780849 -1.88583e-22)
(-0.0816232 0.00492868 7.60122e-22)
(-0.0586933 0.00264429 -7.25767e-22)
(-0.0387749 0.00113988 0)
(-0.0215133 0.000351533 0)
(-0.0067122 7.27355e-05 -5.50902e-24)
(-0.00849408 -0.0350802 1.17253e-22)
(-0.00666776 -0.0497912 3.44438e-24)
(-0.00302974 -0.0605419 3.97954e-22)
(-0.00125804 -0.0475661 -1.49542e-22)
(0.00233743 -0.0310266 0)
(-0.00873799 -0.0196294 8.91156e-22)
(-0.0632752 0.00409125 8.29104e-22)
(-0.0414407 0.00257059 -8.57309e-22)
(-0.0227751 0.000908291 0)
(-0.0070081 0.0001579 -7.76629e-24)
(-0.00480631 -0.0146282 -2.36315e-22)
(-0.00418787 -0.0254837 -9.16753e-23)
(-0.00273021 -0.0332919 1.89004e-22)
(-0.000643017 -0.0342503 -1.29325e-22)
(0.000182379 -0.0143649 4.94292e-23)
(-0.00447407 -0.00526409 0)
(-0.00270576 0.00320039 -1.02406e-21)
(-0.0505261 0.00117993 0)
(-0.0176841 0.000393795 -2.71409e-23)
(-0.00152187 0.00080388 0)
(-0.00238129 -0.00358792 -2.4056e-22)
(-0.00234502 -0.0102332 -4.59276e-22)
(-0.0017213 -0.0168623 -6.24875e-23)
(-0.000724375 -0.0186267 1.27155e-22)
(7.65222e-05 -0.0106532 -4.96195e-23)
(-0.00108005 -0.000901972 2.0881e-21)
(-0.00130612 0.00154759 2.17906e-21)
(-0.00310763 0.00369332 7.02069e-23)
(-0.000132281 0.00198893 -4.81421e-22)
(-0.00074906 0.00104802 -9.82393e-25)
(-0.00111829 -0.00225121 1.24587e-22)
(-0.000958311 -0.00653637 3.71986e-22)
(-0.000483989 -0.00935109 7.62148e-24)
(-6.56822e-05 -0.0058391 -2.27909e-23)
(-0.000147315 -0.00257514 -1.88348e-24)
(-0.000453216 -0.00141135 -1.74693e-21)
(-0.000547621 0.000678665 -5.26918e-22)
(-0.00136131 0.0015785 0)
(-0.00319359 0.00914327 1.51721e-21)
(0.000389123 0.00150963 -2.58748e-22)
(-4.00661e-06 0.00176456 2.56504e-22)
(-0.000314454 0.00105864 1.28437e-22)
(-0.000440177 -0.00126601 0)
(-0.00027211 -0.00350585 -1.2192e-22)
(-6.47726e-05 -0.00293389 1.71268e-23)
(0.000229818 -0.00282363 8.27433e-22)
(1.30281e-05 -0.00241809 3.3375e-22)
(-0.000162144 -0.00146215 1.96693e-22)
(-0.000173888 0.000193148 5.36031e-23)
(-0.000334916 0.000545692 -6.14602e-23)
(-0.000459792 0.00212006 1.0924e-21)
(0.000310168 0.000534636 1.08136e-21)
(0.000248335 0.00126902 -4.0476e-22)
(2.98047e-05 0.00143239 -2.63975e-22)
(-0.000107165 0.000883671 -1.28486e-22)
(-0.000115833 -0.000584131 0)
(-3.96738e-05 -0.00106216 -1.12742e-23)
(0.000527918 -0.00205823 0)
(0.000185018 -0.00240407 -2.86303e-22)
(4.72011e-05 -0.0020086 -9.865e-22)
(-3.76882e-05 -0.00121445 3.21489e-22)
(-2.21796e-05 -2.84648e-05 -3.58208e-22)
(-1.2497e-05 1.19157e-05 9.6559e-24)
(0.000531931 0.000192004 -4.69797e-22)
(0.000171475 0.000398828 7.16204e-22)
(0.000139486 0.000980455 -6.92981e-22)
(2.7633e-05 0.00103582 1.32346e-22)
(-1.7266e-05 0.000583838 0)
(-1.10002e-05 -0.000141967 1.11475e-23)
(0.000388834 -0.00069864 0)
(0.000316745 -0.00169588 5.50364e-22)
(0.000115028 -0.00187498 7.16439e-22)
(3.78199e-05 -0.00146567 9.39677e-22)
(8.23889e-06 -0.000791177 -3.33799e-22)
(9.77969e-06 -5.50684e-05 -2.20474e-23)
(0.0012051 0.000277234 -5.60812e-22)
(0.000378325 0.000104403 0)
(8.36883e-05 0.000273243 5.14328e-22)
(6.48564e-05 0.000678511 0)
(1.68346e-05 0.000614384 0)
(6.22687e-06 0.000211489 0)
(0.00071855 -0.000234802 6.27185e-22)
(0.000209844 -0.000524423 -5.69271e-22)
(0.000168836 -0.00128743 -5.60027e-22)
(5.82701e-05 -0.00130829 -4.18077e-22)
(2.38479e-05 -0.000872026 -4.34758e-22)
(1.31869e-05 -0.000279319 1.31222e-23)
(0.00168551 0.000145621 0)
(0.00096098 0.000159142 1.40554e-22)
(0.000249718 5.15388e-05 0)
(3.23321e-05 0.000167245 1.98717e-27)
(2.19651e-05 0.000385136 0)
(8.67053e-06 0.000196617 -8.98034e-23)
(0.00183371 -2.66903e-05 0)
(0.00156379 -0.000258188 -5.66058e-22)
(0.000522074 -0.000131892 -1.57989e-22)
(9.94083e-05 -0.000360045 2.91849e-22)
(7.56563e-05 -0.000877267 -4.14964e-22)
(2.45348e-05 -0.000749935 -1.31463e-22)
(1.2292e-05 -0.000280595 9.15684e-23)
(0.0013531 8.23388e-05 -1.88764e-23)
(0.00071532 8.24551e-05 -2.10201e-22)
(0.000149248 2.00302e-05 0)
(6.31608e-06 8.29946e-05 -1.0821e-22)
(5.5161e-06 0.000112615 9.05925e-23)
(0.00147031 -1.8033e-05 2.09891e-24)
(0.00124697 -0.000151839 6.35706e-22)
(0.00035246 -6.6022e-05 -4.7228e-27)
(3.77709e-05 -0.000221118 1.34912e-25)
(2.46123e-05 -0.000490431 -2.65275e-22)
(9.49734e-06 -0.000226806 8.36336e-23)
(0.0010175 4.25494e-05 1.4857e-22)
(0.000483046 3.63696e-05 1.02542e-22)
(7.34032e-05 3.85766e-06 -1.26143e-22)
(-1.22091e-06 1.91357e-05 2.30053e-23)
(0.00110559 -1.07201e-05 2.0944e-24)
(0.000931045 -8.12578e-05 -1.40607e-22)
(0.000215804 -2.61317e-05 4.54168e-22)
(7.22384e-06 -0.000110352 -2.12769e-22)
(6.01043e-06 -0.000139063 3.4033e-26)
(0.00069594 1.89709e-05 0)
(0.000271319 1.19801e-05 1.13807e-22)
(1.73643e-05 -1.1025e-06 7.96668e-23)
(0.000756701 -5.78625e-06 0)
(0.000631386 -3.70892e-05 -2.057e-22)
(0.000108905 -5.34161e-06 3.95909e-22)
(-1.46338e-06 -2.55762e-05 4.39588e-23)
(0.000398228 6.50523e-06 -9.70974e-25)
(8.26617e-05 2.82835e-06 -1.43009e-22)
(0.000433521 -2.79596e-06 9.69712e-25)
(0.000356459 -1.29628e-05 -1.14033e-22)
(2.67305e-05 1.18668e-06 1.12934e-22)
(0.00012894 1.65451e-06 4.33797e-23)
(0.000140649 -1.23293e-06 0)
(0.000109477 -3.58773e-06 -1.09967e-23)
(-0.142805 0.304015 2.22384e-21)
(-0.0269626 0.258916 5.09922e-22)
(-0.0419225 0.128297 0)
(-0.0753956 0.189539 2.78623e-21)
(-0.0629118 0.19421 -2.94436e-21)
(-0.0730219 0.268242 0)
(-0.0373496 0.311078 0)
(-0.0980451 0.353175 -1.02569e-21)
(-0.0849301 0.314173 0)
(-0.0388408 0.266567 -1.88531e-21)
(0.152159 0.126701 4.23772e-21)
(-0.0955073 0.278837 0)
(-0.03381 0.0636957 -3.65698e-22)
(-0.0560702 0.10525 0)
(-0.0162072 0.0192657 -3.81809e-21)
(-0.0385987 0.046983 3.90722e-21)
(-0.0831657 0.121715 -2.27027e-21)
(-0.114795 0.159415 0)
(-0.0954014 0.203483 0)
(-0.119101 0.240239 6.18363e-22)
(-0.10878 0.295516 0)
(-0.0974964 0.289536 1.95869e-21)
(-0.0152743 0.194479 2.36968e-21)
(0.0946772 0.155501 -5.71835e-21)
(0.302808 0.0912264 1.1234e-21)
(-0.149953 0.235269 -5.90025e-22)
(-0.140543 0.252469 0)
(-0.0215699 0.0120702 -3.15874e-21)
(-0.0491875 0.0286521 8.65327e-22)
(-0.0607814 0.0521562 7.20347e-22)
(-0.0913819 0.081873 2.30837e-21)
(-0.121538 0.0806728 -4.44499e-21)
(-0.167505 0.115468 -3.93327e-21)
(-0.159415 0.156947 -3.00645e-21)
(-0.184491 0.185495 5.63125e-21)
(-0.130935 0.208745 -1.64175e-21)
(-0.0600029 0.184082 -1.71406e-21)
(0.0433085 0.128477 0)
(0.387487 0.0504152 -5.74685e-21)
(0.190367 0.106436 0)
(0.423922 0.0298128 0)
(0.243697 0.0593221 4.83684e-21)
(-0.206809 0.172879 0)
(-0.178849 0.179869 0)
(-0.0108482 -0.277364 6.03709e-21)
(-0.146115 -0.330369 0)
(0.386539 -0.0835106 0)
(0.436598 0.0148326 -1.97023e-22)
(0.273592 0.0341735 0)
(0.269515 -0.0944398 0)
(0.456524 -0.0376437 1.1832e-21)
(0.458422 0.00179081 3.69632e-21)
(0.296573 0.00855154 0)
(0.320013 -0.0442473 0)
(0.473847 -0.015263 0)
(0.325088 -0.0149198 -3.75314e-21)
(-0.0639562 0.0225517 1.14953e-21)
(-0.0974189 0.0360226 -1.44531e-21)
(-0.120521 0.0485926 4.75468e-21)
(-0.173508 0.0548062 0)
(-0.202302 0.0851142 0)
(-0.231691 0.0954721 -3.1048e-21)
(-0.249596 0.120084 -2.36309e-21)
(-0.152319 0.139202 0)
(0.0674775 0.0804172 3.34717e-21)
(-0.0352866 0.118033 0)
(0.151944 0.0435636 0)
(0.00479353 0.0682049 -3.61974e-21)
(-0.267032 0.106388 7.84728e-21)
(-0.228673 0.113311 -2.31887e-21)
(-0.0112119 -0.264235 -3.40716e-21)
(0.172351 -0.137729 7.67052e-21)
(0.14721 -0.156982 -6.00212e-21)
(-0.114828 -0.387005 1.70474e-21)
(-0.0771453 -0.329035 -3.71049e-21)
(-0.036175 -0.360384 2.43751e-22)
(0.0477225 -0.183752 -6.36435e-21)
(0.0511296 -0.153932 2.08615e-21)
(0.149723 -0.11015 3.22715e-21)
(0.133996 0.0100553 0)
(0.0258836 0.0381246 0)
(0.0865065 -0.0943328 -3.55658e-21)
(0.189483 -0.0572675 0)
(0.101088 -0.0463001 -3.31619e-21)
(0.200529 -0.0211019 3.02412e-21)
(0.0615283 -0.00977678 4.60934e-21)
(-0.0973007 0.0161601 1.65292e-21)
(-0.141108 0.0248621 0)
(-0.16821 0.0343265 0)
(-0.213581 0.0401069 3.28341e-21)
(-0.245117 0.0588361 0)
(-0.274293 0.0598888 8.26242e-21)
(-0.294491 0.0759746 -7.06127e-21)
(-0.108261 0.054267 0)
(-0.132028 0.0690167 -5.67658e-21)
(-0.222719 0.0874048 1.15629e-20)
(-0.195125 0.0400539 0)
(-0.292501 0.0752926 -7.47358e-21)
(-0.306169 0.0691368 -3.98624e-21)
(-0.0857002 -0.315045 0)
(-0.0705435 -0.248573 7.72745e-21)
(-0.0719281 -0.243751 0)
(-0.0639339 -0.323046 -5.27585e-22)
(-0.0899612 -0.32603 4.14361e-22)
(-0.102167 -0.242417 -7.93624e-21)
(-0.0603449 -0.188504 -7.29073e-21)
(-0.0903667 -0.162638 9.69495e-21)
(-0.0371835 -0.116156 2.98967e-21)
(-0.10365 -0.0834642 -3.91714e-21)
(-0.0500392 -0.0527866 0)
(-0.0772271 -0.0178754 -3.18619e-21)
(-0.172131 0.0108929 0)
(-0.123471 0.0131838 0)
(-0.167778 0.0198117 -1.28101e-21)
(-0.198092 0.0256503 -5.01981e-21)
(-0.232517 0.0320175 4.3049e-21)
(-0.261243 0.0426969 -1.53212e-21)
(-0.279703 0.044862 -1.96661e-21)
(-0.307508 0.0567904 6.22749e-21)
(-0.277592 0.0468764 -6.94645e-21)
(-0.301049 0.0619472 8.46948e-21)
(-0.264019 0.0155225 0)
(-0.298746 0.0397546 -1.19024e-21)
(-0.321162 0.0618778 0)
(-0.314356 0.0565617 0)
(-0.0467888 -0.17429 -1.23694e-20)
(-0.0894356 -0.248992 4.26681e-21)
(-0.109882 -0.258988 5.15499e-21)
(-0.121755 -0.288639 -7.1046e-22)
(-0.13773 -0.259303 6.55441e-22)
(-0.172236 -0.210024 -7.46635e-21)
(-0.174973 -0.170582 0)
(-0.195622 -0.112956 -9.32943e-21)
(-0.281272 0.0178906 -4.39168e-21)
(-0.237523 -0.0819591 6.78737e-21)
(-0.273983 -0.0184073 2.80128e-21)
(-0.135493 0.0115879 4.51754e-21)
(-0.294663 0.0530448 2.69734e-21)
(-0.173482 0.0179231 -3.22748e-21)
(-0.198933 0.0232808 -2.79435e-21)
(-0.226291 0.0312867 -6.05197e-21)
(-0.261502 0.039737 1.35423e-21)
(-0.270892 0.0439408 -3.43183e-21)
(-0.294271 0.046018 -2.69921e-21)
(-0.318232 0.0607659 6.7278e-22)
(-0.313221 0.0515484 1.23265e-21)
(-0.274832 0.0591582 4.81691e-21)
(-0.291145 0.0568398 1.99653e-21)
(-0.30195 0.0645187 -1.27921e-21)
(-0.294112 0.0611431 -1.91857e-21)
(-0.242405 0.0645875 -6.67712e-21)
(-0.0389567 -0.10508 0)
(-0.0625011 -0.165983 8.27744e-21)
(-0.183065 0.0661209 0)
(-0.221445 0.0555599 4.37741e-21)
(-0.120771 0.0615351 8.47729e-21)
(-0.14657 0.0581673 -5.59776e-21)
(-0.086044 -0.181442 0)
(-0.125148 -0.221306 -4.90037e-21)
(-0.16228 -0.198654 1.5002e-20)
(-0.219422 0.0286106 -5.83721e-21)
(-0.245517 0.00874264 4.6204e-21)
(-0.179571 -0.157304 -1.06991e-20)
(-0.230489 -0.0769385 1.13788e-22)
(-0.222381 -0.0475236 -9.42586e-21)
(-0.135736 0.0117706 0)
(-0.266239 0.0527961 0)
(-0.245166 0.0395947 2.59671e-22)
(-0.25075 0.0463417 -3.54416e-22)
(-0.169205 0.0200986 -5.02249e-21)
(-0.197274 0.0263312 5.34143e-21)
(-0.215696 0.0314404 4.63402e-21)
(-0.284832 0.0701658 1.83082e-21)
(-0.276866 0.0697461 -4.16907e-22)
(-0.247382 0.0774269 3.63316e-21)
(-0.228225 0.0764768 1.32583e-21)
(-0.259221 0.0572842 -5.47573e-21)
(-0.264829 0.0718964 1.99904e-23)
(-0.271594 0.0638654 4.67547e-21)
(-0.201409 0.082111 2.29948e-21)
(-0.176498 0.080425 -7.50234e-21)
(-0.119851 0.0731929 2.88289e-21)
(-0.145057 0.0806204 2.3815e-21)
(-0.0957044 0.0709136 -3.36804e-21)
(-0.0575621 0.0524418 0)
(-0.0759365 0.0589772 2.79832e-21)
(-0.0918658 0.0547499 -2.40034e-22)
(-0.0834226 0.0470359 0)
(-0.0249315 -0.0547183 -4.19628e-21)
(-0.0490748 -0.0950107 4.10557e-21)
(-0.0595049 -0.102585 2.88711e-21)
(-0.0951213 -0.138291 0)
(-0.107702 0.0317515 1.0204e-20)
(-0.141134 0.0342267 0)
(-0.168893 0.018887 5.66236e-21)
(-0.121305 -0.116496 1.30633e-22)
(-0.152637 -0.0268243 1.53358e-21)
(-0.151433 -0.124324 -4.2194e-21)
(-0.179976 -0.0561345 8.46574e-21)
(-0.0139523 -0.0251653 -4.96204e-22)
(-0.0255721 -0.0430832 0)
(-0.126 0.0107811 0)
(-0.0850554 0.0038398 -5.14553e-22)
(-0.102853 0.00502751 5.18699e-22)
(-0.223801 0.044175 -3.00819e-21)
(-0.234478 0.0542607 2.64529e-21)
(-0.150073 0.0166033 0)
(-0.184902 0.0256327 -2.45618e-21)
(-0.201139 0.0351536 2.95874e-21)
(-0.199201 0.0864292 1.24116e-21)
(-0.239276 0.0767365 -2.0177e-21)
(-0.232758 0.0817368 -2.56043e-21)
(-0.218726 0.0602176 -3.40901e-21)
(-0.219067 0.0716418 6.75999e-22)
(-0.176337 0.0842993 0)
(-0.148082 0.0843841 0)
(-0.13458 0.0828097 0)
(-0.107076 0.0793789 -2.97557e-21)
(-0.0874841 0.0727846 -1.67581e-21)
(-0.0674354 0.0661571 3.98957e-21)
(-0.0505226 0.0542405 0)
(-0.00780792 0.0145301 0)
(-0.0050001 0.00961243 -6.67876e-22)
(-0.0142641 0.0259823 3.59745e-21)
(-0.0228599 0.0350512 -3.15359e-21)
(-0.0363429 0.0471441 0)
(-0.0258668 0.0329066 -5.85683e-21)
(-0.0393722 0.0403121 3.75479e-23)
(-0.0107519 0.0154345 0)
(-0.0146969 0.0201775 -4.59985e-21)
(-0.0049321 0.00587207 0)
(-0.0416673 0.0354717 1.35503e-23)
(-0.0597435 0.0401208 2.05753e-23)
(-0.0589232 0.0304345 3.5559e-21)
(-0.0924745 0.0259512 -4.32545e-21)
(-0.036379 -0.0479432 8.81292e-21)
(-0.060455 -0.0669783 -1.85481e-20)
(-0.0882006 -0.0672126 3.95111e-21)
(-0.0877692 0.00901489 -2.28004e-21)
(-0.0965948 -0.0379646 8.37686e-21)
(-0.117171 -0.0226102 -5.88531e-21)
(-0.0068994 -0.00708544 0)
(-0.0130806 -0.0154593 0)
(-0.0161959 -0.0167639 -3.64655e-21)
(-0.0323206 -0.0283275 -5.33373e-21)
(-0.00421449 0.00680688 5.65153e-22)
(-0.1178 0.0104119 1.25358e-21)
(-0.0697775 0.000824089 0)
(-0.0874968 0.00282359 -1.09678e-21)
(-0.146695 0.0292948 1.49047e-21)
(-0.173549 0.0375325 -4.45783e-21)
(-0.189325 0.0550453 -8.10637e-23)
(-0.162309 0.067846 4.04892e-21)
(-0.181559 0.0761215 -4.75264e-21)
(-0.169057 0.0815024 3.23333e-21)
(-0.0990715 0.0791409 -3.93071e-21)
(-0.128477 0.0781532 6.07468e-23)
(-0.125912 0.0828358 1.11158e-21)
(-0.0371302 0.0531423 4.04605e-21)
(-0.0566192 0.064531 -4.42137e-23)
(-0.0786172 0.0718087 1.95872e-21)
(-0.0111588 0.0273587 1.76764e-21)
(-0.0273553 0.0448909 -2.14114e-21)
(-0.00631006 0.0177591 -1.58879e-21)
(-0.0165686 0.0185385 5.23522e-21)
(-0.0262055 0.023989 0)
(-0.00504028 0.00498472 4.11263e-21)
(-0.00739739 0.00750698 -7.26836e-21)
(-0.00222733 0.000334448 0)
(-0.00222369 0.000331204 0)
(-0.00450526 -0.00215492 -1.1554e-21)
(-0.0267799 0.0194244 5.2423e-21)
(-0.0413351 0.0217604 -1.58181e-23)
(-0.0412648 0.0142457 -1.0782e-20)
(-0.0632461 0.0075745 1.0884e-20)
(-0.0389556 -0.017934 3.80771e-21)
(-0.0543238 -0.0178028 -3.09013e-21)
(-0.0479314 -0.00261584 -3.8081e-21)
(-0.006547 -0.00306606 7.17178e-22)
(-0.013096 -0.00712691 2.03319e-21)
(-0.021443 -0.00661903 1.40881e-21)
(-0.00507067 0.0134517 -3.0532e-21)
(-0.0292671 0.0495604 0)
(-0.0616441 0.0639613 0)
(-0.0931533 0.0360253 3.94698e-21)
(-0.108836 0.0553745 -2.76841e-21)
(-0.101071 0.0672032 0)
(-0.0222623 0.00259971 3.06214e-23)
(-0.0626317 0.0148124 0)
(-0.0100254 0.030957 -1.03652e-22)
(-0.000829079 0.00176108 -6.08664e-22)
(-0.000217429 0.00204826 2.99376e-21)
(-0.00929397 0.00687166 7.49976e-21)
(-0.0147078 0.0105705 0)
(-0.00154188 -0.000792328 -3.39872e-21)
(-0.00344496 0.000626278 -1.07878e-20)
(-0.000489188 -0.00230126 5.95605e-21)
(-0.00139574 0.00147349 4.21849e-22)
(-0.00537927 -0.000676674 0)
(-0.0158979 0.00597492 0)
(-0.0257719 0.00784325 0)
(-0.0282688 0.000492546 0)
(-0.00745241 -0.000585031 4.81293e-21)
(-0.0162919 -0.00291897 -4.11252e-21)
(-0.0185727 0.000574379 0)
(-0.00132106 0.00993834 0)
(-0.000409798 0.00166552 2.7225e-21)
(0.000580013 0.00166788 -6.82893e-21)
(0.000651683 0.00195403 1.18869e-20)
(0.000635311 0.00178134 -7.18397e-21)
(0.000874671 0.00122621 -2.33877e-21)
(0.000468661 0.000635445 0)
(-0.00314168 -8.85839e-05 3.51874e-21)
(-0.0066929 0.00129204 0)
(0.000156608 -0.00293399 0)
(-0.000223242 -0.00243883 0)
(0.000225416 -0.00302187 -1.29477e-21)
(-0.000777918 0.00109864 2.23582e-21)
(-0.00308759 0.000834375 0)
(-0.00238761 0.000434748 6.7685e-21)
(-0.00463191 0.000682615 1.79024e-21)
(-0.00598478 0.00148014 -6.75078e-21)
(0.00116002 0.00146286 0)
(0.000773256 0.0013015 5.27913e-21)
(0.0012409 0.00107003 8.56215e-21)
(0.00148968 0.00124975 -9.71162e-21)
(0.000673468 0.000345475 -1.74315e-22)
(0.00121908 0.000655525 7.23279e-21)
(0.000782052 -0.00231866 1.45299e-21)
(0.000204449 -0.00132533 -1.08956e-21)
(0.000750186 -0.002296 -8.36623e-21)
(0.000954007 -0.00268543 1.14318e-20)
(0.00119849 -0.0025409 0)
(0.00133473 0.000952997 -5.358e-21)
(0.000533569 0.000832116 -7.84285e-21)
(0.00171977 -5.47173e-06 1.1628e-20)
(0.0015874 -0.00102054 0)
(0.00107252 -0.00147817 0)
(0.000583528 -0.000819888 4.46027e-21)
(0.00197045 0.000841556 3.35733e-21)
(0.00209746 0.000794666 -5.95496e-21)
(0.00144409 0.000458038 -1.30425e-22)
(0.00190927 0.000597298 1.78957e-24)
(0.00157988 -0.0013434 0)
(0.00194953 -0.00163199 1.9505e-21)
(0.00220234 -0.00110356 -1.68503e-21)
(0.00255679 0.000271548 -4.16449e-24)
(0.00246019 -0.000550865 7.99862e-22)
(0.00247557 -0.000120385 6.32241e-21)
(0.000882403 -0.000391529 -5.91227e-21)
(0.00160493 -0.000761022 0)
(0.00201912 0.000250955 -8.83113e-21)
(0.00244969 0.000199194 4.21039e-21)
(0.00220522 -3.67292e-05 4.48369e-21)
(0.00189708 -0.000437458 0)
(0.00231322 -0.000458378 -4.91228e-21)
)
;

boundaryField
{
    movingWall
    {
        type            fixedValue;
        value           uniform (1 0 0);
    }
    fixedWalls
    {
        type            noSlip;
    }
    frontAndBack
    {
        type            empty;
    }
    defaultFaces
    {
        type            empty;
    }
}


// ************************************************************************* //
