/*--------------------------------*- C++ -*----------------------------------*\
  =========                 |
  \\      /  F ield         | OpenFOAM: The Open Source CFD Toolbox
   \\    /   O peration     | Website:  https://openfoam.org
    \\  /    A nd           | Version:  8
     \\/     M anipulation  |
\*---------------------------------------------------------------------------*/
FoamFile
{
    version     2.0;
    format      ascii;
    class       surfaceScalarField;
    location    "0.039";
    object      phi;
}
// * * * * * * * * * * * * * * * * * * * * * * * * * * * * * * * * * * * * * //

dimensions      [0 3 -1 0 0 0 0];

internalField   nonuniform List<scalar> 
1107
(
0.000315987
-0.000643385
0.000633494
-0.000306096
0.000616968
-0.000300981
-2.96838e-05
0.000646652
0.000304966
0.000538557
-0.000106656
-0.000736867
-0.000968706
0.000630288
-9.7639e-05
0.000701449
0.000286064
-5.36034e-05
-1.49167e-05
-3.7264e-05
0.000683916
-3.3059e-05
1.43496e-05
-8.79466e-05
0.000180753
-0.000148825
-6.49869e-05
0.000300276
-0.000856391
-0.00126765
0.000599225
-0.000207415
0.000740064
0.000760919
-9.67346e-05
4.1694e-05
0.000814812
-9.5587e-05
3.58135e-06
-4.28351e-05
-1.13353e-05
0.00072561
0.000852907
2.99047e-05
-6.79996e-05
6.44761e-05
-0.000126757
-8.65437e-05
2.515e-05
-4.86205e-05
0.000227374
-0.000140733
-0.000213398
0.000277842
-0.000115455
0.000296553
-0.000875102
-0.00151054
0.000539438
-0.000366384
0.000758194
0.000828658
-0.000185329
0.000899013
-0.000165941
5.21584e-06
-2.2901e-05
-6.11947e-06
-2.22297e-05
0.000864839
1.02979e-05
0.000755514
0.000945827
-0.000114813
0.000963023
-3.94266e-05
0.000951377
-2.39149e-05
3.55618e-05
3.53968e-05
-7.27394e-05
-4.92012e-05
1.36193e-05
-2.68429e-05
-8.23872e-05
-0.000131085
0.00032212
-0.00021512
-0.000320399
0.00039715
-0.000190484
0.000306673
-0.000784626
0.000459791
-0.00166366
-0.000570133
0.000743186
0.000880661
-0.000307796
0.000968046
-0.000253326
2.99739e-06
-1.22791e-05
-3.12208e-06
8.80771e-05
0.000916469
-5.31696e-05
0.000853247
-1.23227e-05
0.000765812
0.00102548
-0.000172251
0.00104967
-6.36094e-05
0.00103878
4.64524e-05
0.000998647
0.000128206
-0.00011832
0.000932238
0.000184729
5.74378e-05
-0.000104175
-3.56504e-05
2.75984e-05
-1.93618e-05
1.04119e-05
-9.65641e-06
-0.000129736
-0.000216468
-6.19104e-05
-0.000172001
0.000690944
-0.000801285
0.000901949
-0.000466559
0.00101023
-0.000361612
2.20782e-06
-4.07497e-06
-9.14255e-07
0.000865336
-6.71869e-05
0.000823741
-2.36633e-05
0.00075349
0.000822491
-0.000147198
0.000256945
0.00107855
-0.000240569
0.00110936
-9.44139e-05
0.00110095
5.48569e-05
0.00105697
0.000172184
0.000973507
0.000268195
4.56435e-05
-3.06108e-05
-7.69432e-05
2.44389e-05
-1.44457e-05
1.14677e-05
-6.39057e-06
4.27958e-06
-2.46833e-06
0.000876657
-0.000652273
0.00100422
-0.000489171
8.82704e-07
-6.78088e-07
-3.15521e-08
0.000333816
0.000669824
-0.000181149
0.000790418
-7.22795e-05
0.000785473
-2.8919e-05
0.000729827
0.000826593
0.000403859
0.00062232
0.00053809
0.000388129
-0.00129484
0.00152903
0.00108286
-0.000319213
0.00112228
-0.000133837
0.00112095
5.6191e-05
0.00107572
0.000217415
0.000973626
0.000370288
-3.58597e-05
-5.5779e-05
6.1028e-05
-1.92657e-05
-3.10397e-05
-9.09277e-06
-1.65635e-05
-3.38061e-06
-8.18048e-06
-6.70839e-07
-3.38785e-06
-7.02394e-07
0.000988399
0.000345058
-0.000945329
0.000371435
-0.000996454
0.000687955
-7.86858e-05
0.000739019
-2.58259e-05
0.000700908
0.000792406
0.000585078
0.000546925
0.000783571
0.00041154
0.00166442
0.00048274
0.000917199
-5.77895e-05
-9.5323e-05
9.73334e-05
-3.12863e-05
-5.75428e-05
-1.47675e-05
-3.30824e-05
-5.46708e-06
-1.74809e-05
-1.09462e-06
-7.76031e-06
-1.79702e-06
0.000102087
0.000300025
-5.70538e-05
0.000227577
-0.000801471
0.000357779
-0.000666278
0.000680839
-2.05056e-05
0.000675082
0.000414864
0.000169964
-4.44454e-05
-0.000125098
7.422e-05
-2.44347e-05
-7.75535e-05
-1.17592e-05
-4.57579e-05
-4.47416e-06
-2.47659e-05
-9.70276e-07
-1.12642e-05
-2.76729e-06
0.000246954
0.000202118
-0.000149047
0.000200961
-3.04382e-05
0.000136137
-0.00057983
0.000342986
-0.000328425
0.000654576
0.000296384
0.000365434
-1.4578e-05
-0.000133837
2.33177e-05
-8.26771e-06
-8.38638e-05
-4.09445e-06
-4.99311e-05
-1.64386e-06
-2.72165e-05
-4.01697e-07
-1.25064e-05
-3.16899e-06
0.000150071
0.00013563
-8.35834e-05
0.000128588
-7.66734e-05
0.000120789
-1.50903e-05
6.99681e-05
-0.000306812
0.000326151
0.00020058
0.000245874
1.41084e-05
-0.00012211
-2.5836e-05
7.17394e-06
-7.69293e-05
3.19898e-06
-4.59561e-05
1.12941e-06
-2.51469e-05
1.82108e-07
-1.15591e-05
-2.98688e-06
0.000129479
7.82654e-05
-7.21139e-05
8.54694e-05
-4.04651e-05
7.39202e-05
-2.98041e-05
5.92615e-05
-4.38364e-06
1.93391e-05
0.00011898
0.00021108
-8.85684e-05
5.94792e-05
0.000148069
1.63019e-05
-3.58628e-05
-0.000102549
7.62398e-06
-6.82514e-05
3.26168e-06
-4.15938e-05
1.17686e-06
-2.30621e-05
2.26702e-07
-1.06089e-05
-2.76018e-06
3.81862e-05
-4.84892e-05
4.82441e-05
-3.48886e-05
4.87713e-05
-1.53162e-05
3.53021e-05
-5.84469e-06
1.49554e-05
-5.16911e-05
2.39155e-05
8.72549e-05
-3.16712e-05
5.73058e-05
-6.72284e-05
-1.24763e-05
-4.2257e-05
-2.79769e-06
-2.02875e-05
-5.55787e-06
1.44811e-05
-2.79861e-05
2.29465e-05
-2.31915e-05
2.70323e-05
-1.31496e-05
2.30699e-05
-3.08405e-06
9.11075e-06
5.10708e-06
-2.54825e-05
4.42909e-05
-2.11064e-06
6.93964e-06
7.19623e-06
-1.20252e-05
-1.28893e-05
5.56395e-05
-6.30377e-05
-1.84471e-05
-1.67599e-06
-8.14738e-06
1.49305e-05
2.46364e-06
-1.3465e-05
8.20628e-06
-1.32459e-05
1.25556e-05
-8.7148e-06
1.26278e-05
-2.70753e-06
6.0267e-06
1.44068e-06
4.26494e-06
-7.81626e-06
-5.32163e-07
3.40308e-06
4.06874e-06
-1.87795e-06
8.3787e-06
-1.66609e-05
1.01601e-05
-2.89589e-06
-4.34729e-07
1.65462e-06
-1.61971e-06
-4.06402e-06
9.87101e-07
-6.2458e-06
4.24337e-06
-4.93372e-06
5.74949e-06
-1.83645e-06
3.31917e-06
3.32879e-06
1.646e-06
-3.53412e-06
1.58755e-06
2.14523e-06
9.20249e-08
1.4331e-06
-7.50357e-07
3.01151e-06
6.11756e-06
-2.65436e-06
4.76304e-06
-2.3647e-05
2.15383e-05
-2.04926e-06
2.03093e-06
-2.87756e-06
-2.10298e-06
4.85365e-08
-1.30566e-06
-1.77127e-06
2.90782e-07
-2.29322e-06
1.84628e-06
-1.03051e-06
1.48272e-06
3.66338e-06
-3.25682e-07
-8.90814e-09
2.54159e-06
6.91955e-07
1.27996e-06
9.57298e-07
2.2594e-07
4.56805e-07
-2.01149e-07
5.58304e-07
-5.76355e-07
5.33942e-06
-1.15057e-06
1.64725e-06
-2.54594e-06
-1.33094e-06
1.25891e-06
-1.39879e-06
1.4167e-07
-8.75835e-07
-6.04652e-07
2.82822e-08
-4.7523e-07
4.52207e-07
2.58256e-06
-2.17463e-06
3.25545e-06
2.53865e-06
-3.2271e-07
1.72492e-06
2.46995e-07
8.48853e-07
3.34387e-07
1.74288e-07
8.13675e-08
-1.80519e-08
-1.59398e-06
-8.97211e-07
1.34063e-06
-6.29523e-07
9.45847e-07
-8.00323e-07
6.60449e-07
-8.27693e-07
9.35285e-08
-4.6575e-07
-1.10622e-07
-2.30219e-08
1.4366e-06
-1.94466e-06
3.09062e-06
1.65167e-06
-1.28763e-06
1.61255e-06
-2.1034e-07
1.03239e-06
6.3465e-08
4.45648e-07
6.30278e-08
6.33161e-08
-2.32876e-06
-1.31454e-06
2.04932e-06
-9.91767e-07
-5.34955e-07
-3.22215e-07
4.67743e-07
-4.33844e-07
2.66601e-07
-4.02349e-07
3.01286e-08
-1.33644e-07
2.05157e-06
1.21135e-06
-1.82632e-06
8.02078e-07
-1.09507e-06
9.75323e-07
-6.50392e-07
9.19428e-07
-9.73818e-08
5.04096e-07
5.01824e-09
1.26343e-07
-2.76869e-06
-7.13753e-07
1.15369e-06
-1.54358e-06
-7.62729e-07
-5.79716e-07
-2.7745e-07
-1.46605e-07
1.80506e-07
-1.94894e-07
5.9147e-08
-1.03514e-07
-2.6825e-06
1.66935e-07
-2.53124e-07
1.21486e-06
-1.8458e-06
1.28981e-06
7.23607e-07
4.1581e-07
-5.35556e-07
5.22496e-07
-2.53458e-07
4.32356e-07
-2.56421e-08
1.31361e-07
-1.85194e-06
-4.05391e-07
-9.59495e-07
-3.82948e-07
-3.0994e-07
-1.14112e-07
-5.17521e-08
3.73672e-08
-4.43659e-08
-1.78691e-06
1.01901e-07
7.17758e-07
7.63613e-07
3.75805e-07
1.92246e-07
-2.05305e-07
2.32709e-07
-5.38106e-08
1.05719e-07
-1.16324e-06
-2.01649e-07
-5.42051e-07
-1.50835e-07
-1.39391e-07
-2.64715e-08
-6.99722e-09
-1.11571e-06
5.43789e-08
3.65656e-07
4.13467e-07
1.54584e-07
6.94488e-08
-4.20463e-08
5.19074e-08
-6.63571e-07
-8.01288e-08
-2.56354e-07
-3.38705e-08
-3.34683e-08
-6.32995e-07
2.38033e-08
1.46128e-07
1.88045e-07
3.59863e-08
9.86064e-09
-3.17723e-07
-1.87601e-08
-6.73384e-08
-3.00594e-07
6.67424e-09
3.35782e-08
4.58468e-08
-8.60988e-08
-7.94248e-08
0.000597104
-0.00138173
-0.00106655
0.000323181
-0.000539649
0.000860417
-0.000537236
0.000540018
0.00130408
-0.00076406
0.00111359
-0.000268136
0.00156968
-0.00183782
0.000503131
-0.000298154
-0.00139417
0.000630112
0.000139339
-0.000311339
-0.000400311
4.44273e-05
-0.00012137
-0.000266912
0.000331279
-0.00073159
0.00117627
-0.000844992
0.000639035
-0.000755137
0.00207293
-0.00144281
0.000235105
0.00130859
-0.00107349
0.00101044
0.000358166
0.00101774
-0.00177288
-0.00042507
-6.03424e-05
0.000230151
-0.000290493
-3.67611e-05
-0.000768351
-6.77267e-05
-0.000700625
0.00137156
-0.00143929
0.000526572
-0.00124631
0.00142528
-0.00185035
0.000351794
0.000885276
-0.000533482
-0.00124344
0.00075427
-0.00137571
0.0010565
-0.000621441
0.000985464
-0.00223177
-0.000864888
0.000860248
0.000804171
0.00177745
-0.000411472
0.000996551
-0.0014885
0.00135466
-0.000432
-0.00115842
0.000746952
-0.000788136
-0.00131967
0.00137587
3.49864e-05
-0.00128875
0.000500614
-0.00107133
0.000304531
-0.00019316
0.000132368
-0.000325528
-0.000568257
0.000279766
-0.000848023
-0.00115952
0.000199259
-0.00135878
-0.00203251
0.00113723
-0.00200212
-0.00060375
-1.76909e-05
-0.000660028
0.000228028
-0.000677719
-3.04887e-05
-0.00200202
-0.00203261
-0.000898605
0.00170278
-0.000115034
0.000881517
0.000283762
0.00149369
0.00198654
0.00166365
-2.13943e-05
0.000902911
-0.0010085
0.000987107
-0.000261549
-0.000575372
0.000610359
-0.000347344
-0.000961711
0.000700162
-0.000461097
-0.000789247
0.00032815
-0.000484716
0.000125643
-0.000251308
8.05774e-05
-0.000331885
-0.000767446
3.36401e-05
-0.000801086
-0.00132514
-0.000352805
-0.000972339
-0.00235483
0.000892237
-0.00123958
0.000214517
-0.00181809
-0.00143298
0.000193397
0.000923205
-0.0027413
-0.00143162
0.000544061
0.00144248
0.00144697
-0.00100541
0.00137084
0.000658239
0.00210072
0.000106201
0.00134077
0.00109331
5.37866e-05
0.00103952
0.000753948
0.000231581
0.000522367
0.000559732
0.000685375
-0.000747604
-0.000308567
9.41687e-06
-0.000317984
-0.000791669
-0.000349562
-0.000442107
-0.0013219
-0.000425324
-0.000896577
-0.00185695
0.00201678
-0.00182339
-0.000724512
0.00173385
-0.00248145
-8.95362e-05
0.00128658
-0.0020111
-0.000570363
-0.000613111
0.000858985
0.000757733
-0.00120443
0.00196217
0.000896283
0.00223705
0.00141468
0.000822375
0.0024542
0.00297657
-0.000633829
0.00205199
-0.00141816
0.00311528
-0.000138717
-0.00034382
0.000563561
-0.00113392
-9.42814e-05
-0.000249539
-0.000536388
-0.000119491
-0.000416897
-0.00101607
-0.000452507
0.00181479
0.000237199
-0.00172525
-0.000285844
-0.000726618
0.000963817
-0.000972626
-0.000161297
0.000646499
-0.000932342
-0.000326127
-0.00116993
0.000443308
-0.000322129
0.000533209
0.000536856
2.63604e-05
-0.000599706
0.000573346
-0.00114357
-0.0001221
0.000345969
-0.000223869
-0.000721806
-0.000694852
0.00123171
0.00126731
0.00208969
-0.000341425
-0.000802141
-0.00175958
0.00121476
0.000874935
0.00107604
-0.000683546
-0.000285402
0.000393335
-0.000554633
-0.000673163
0.000220655
-0.000279827
-0.000125666
-0.000159736
-0.000542563
-0.000321907
-0.0012532
0.000320857
-0.000289382
-0.000603928
0.000314546
-0.00016062
-0.00050084
-5.37925e-05
0.000826967
-0.000506111
-0.000670583
0.000509963
-9.72371e-05
0.000365339
-1.93696e-05
0.000268102
-0.000217299
0.00019793
1.69485e-05
0.000143165
-0.000160114
-0.000200351
-0.00042422
-0.000256451
-0.00016777
-0.000111627
0.000259696
0.000421581
-0.00014639
0.000567971
0.00108532
0.000313706
-0.000570156
-0.000408101
-0.00121024
0.000469558
0.00061576
-0.000660946
-0.000549295
0.00134449
-2.16396e-05
0.000108894
0.000238057
0.000113495
-0.00027323
-1.09457e-05
-0.000463714
0.000183887
-0.000517507
-0.000100723
-0.000172507
-0.000422631
-0.000238743
0.000479489
3.04733e-05
-0.000794036
0.000287925
-0.000528566
1.10593e-05
-0.000240641
-0.000297928
0.000328402
-0.000343475
4.55467e-05
-7.53731e-05
-0.000236411
0.000161038
-3.84813e-05
-0.000130638
9.21564e-05
1.25273e-05
5.39586e-06
2.41558e-05
-2.95516e-05
1.25921e-05
-2.3761e-05
4.79168e-05
6.90678e-05
-9.28288e-05
8.15952e-05
-4.6312e-05
-4.65168e-05
-0.000206425
-2.38462e-05
-5.70536e-06
-7.03631e-05
-1.77306e-05
-0.000100901
-0.000105525
-0.00026867
-0.000102712
-0.000165958
-0.000672869
-9.3219e-05
0.000331276
0.000474752
0.00109051
-0.000438311
-0.000234558
0.000987606
0.000102906
1.79353e-05
2.63556e-05
0.00012683
4.53655e-05
8.14643e-05
0.000376641
5.3846e-05
-0.000226353
1.33824e-05
-7.31114e-05
-0.000153242
-0.000311855
-0.000300796
-0.000233421
-6.73742e-05
-0.000474062
-0.000145661
0.000190138
-2.91e-05
-0.000235685
9.0024e-05
5.28765e-05
2.87187e-05
0.000145033
0.000115933
4.05475e-05
7.36929e-06
6.92662e-05
1.75294e-05
-4.83149e-05
-2.20482e-05
-0.00015384
-2.25353e-05
4.80473e-06
-4.45835e-05
-3.01154e-06
1.45916e-05
3.38846e-07
4.09472e-05
-0.000101435
-5.2405e-05
-0.000267393
-0.000146097
-0.000121295
-0.000380655
0.000337105
3.95358e-05
0.000440011
5.93564e-05
8.41061e-06
3.25365e-05
8.98749e-05
0.000129411
9.61439e-05
-2.68777e-05
0.000212077
-0.000234727
8.14849e-05
-0.000302101
-1.84471e-05
-5.33941e-06
-7.68713e-06
8.02598e-06
-6.0325e-06
-3.95769e-05
-5.00656e-06
-9.19819e-05
-1.23694e-05
9.3579e-06
-1.7376e-05
5.82377e-06
1.05538e-05
-2.52778e-06
4.30903e-05
-7.31035e-05
-1.88784e-05
-0.000194399
-0.000135042
3.22538e-05
1.08365e-05
0.000161665
2.66222e-05
-7.7227e-06
5.19495e-06
4.78577e-06
-7.66331e-06
-1.24673e-06
-8.96944e-06
-7.26889e-07
-6.93642e-06
-3.27281e-06
-2.96379e-05
1.22618e-05
-4.85162e-05
-1.82463e-06
7.6484e-06
1.04372e-05
7.63953e-06
1.2585e-05
-7.39003e-06
2.34215e-05
3.06181e-05
-7.19667e-06
-5.72404e-05
8.72414e-06
-2.5957e-07
-8.70987e-06
-7.6496e-06
-2.35419e-06
-4.58223e-06
-1.1064e-05
-1.93217e-06
-6.5144e-06
2.35264e-06
8.08458e-06
1.10768e-05
-4.02397e-06
7.27944e-06
3.61556e-06
1.17002e-05
-1.86452e-06
-5.78509e-06
-9.0612e-06
-1.01439e-05
1.08269e-06
9.32896e-07
7.85864e-07
6.49358e-06
3.87649e-06
-7.53153e-06
-3.53252e-06
-1.33166e-05
-4.46507e-06
-7.9976e-06
5.15068e-07
5.97851e-06
1.22152e-05
1.31481e-05
-1.20215e-05
-1.29514e-06
1.09388e-05
2.20931e-06
2.05016e-06
8.02867e-06
-6.84389e-06
-8.13904e-06
-8.39216e-06
6.18287e-06
)
;

boundaryField
{
    movingWall
    {
        type            calculated;
        value           uniform 0;
    }
    fixedWalls
    {
        type            calculated;
        value           uniform 0;
    }
    frontAndBack
    {
        type            empty;
        value           nonuniform List<scalar> 0();
    }
    defaultFaces
    {
        type            empty;
        value           nonuniform List<scalar> 0();
    }
}


// ************************************************************************* //
