/*--------------------------------*- C++ -*----------------------------------*\
  =========                 |
  \\      /  F ield         | OpenFOAM: The Open Source CFD Toolbox
   \\    /   O peration     | Website:  https://openfoam.org
    \\  /    A nd           | Version:  8
     \\/     M anipulation  |
\*---------------------------------------------------------------------------*/
FoamFile
{
    version     2.0;
    format      ascii;
    class       volScalarField;
    location    "0.483";
    object      p;
}
// * * * * * * * * * * * * * * * * * * * * * * * * * * * * * * * * * * * * * //

dimensions      [0 2 -2 0 0 0 0];

internalField   nonuniform List<scalar> 
656
(
-3.73381e-08
-0.235416
1.7286
-0.786698
0.189109
1.73124
-1.15105
-1.55284
2.05501
1.70641
1.76605
-0.438537
0.38613
1.74772
2.03452
2.25922
1.63659
1.58732
2.26849
2.39141
1.8021
1.82117
1.78639
1.8179
-0.0678282
0.616182
1.77439
2.01727
2.25045
1.84381
1.86661
2.55674
2.39638
2.38639
2.55445
2.69
2.15652
2.17262
2.13722
1.78223
1.85333
0.280469
0.818514
1.80945
2.00693
2.24339
2.18685
2.19941
2.86031
2.69083
2.55899
2.38212
2.55205
2.68875
2.8608
3.02748
2.16145
2.17583
2.18738
2.12037
2.14578
1.82908
2.00077
2.23606
2.19766
2.20648
3.0263
2.8584
2.69132
3.3449
2.37751
2.54909
2.68636
2.85969
3.02735
2.18269
2.19276
2.19458
2.1941
1.9896
2.22567
2.19339
2.19284
3.61244
3.3406
3.0225
2.85602
3.34544
3.56245
4.81659
2.36921
2.54658
2.68237
2.85994
3.02869
2.09323
2.08869
2.09002
2.0922
2.09408
2.09544
5.39498
5.07754
3.65358
3.32839
3.01715
3.35158
3.52783
4.58586
5.00428
2.11804
2.1018
2.09348
2.08715
2.08102
2.07558
3.46394
5.83363
5.30378
3.68492
3.31172
3.39808
2.13832
2.12598
2.11482
2.10556
2.09737
2.09019
3.53792
3.5492
6.25266
5.51764
3.70232
3.53239
2.22629
2.21164
2.19907
2.18872
2.17963
2.17171
3.18936
3.54078
3.65148
6.69746
5.77317
3.19318
2.32619
2.31366
2.3016
2.2913
2.28241
2.27492
3.12262
3.18754
3.53833
3.76317
7.19328
3.13343
3.07482
2.40766
2.40828
2.40206
2.39075
2.37916
2.3694
3.06622
3.1126
3.18554
3.52849
3.85139
3.07009
2.47127
2.50096
2.49429
2.4774
3.06512
3.05741
3.10332
3.1814
3.51424
3.07077
3.18827
2.31753
2.30543
3.08445
3.06812
3.05917
3.04996
3.09339
3.17533
3.15792
3.19274
3.21536
3.09291
3.08365
3.06481
3.05427
3.04293
3.08388
3.13691
3.15958
3.1973
3.21657
3.33994
3.09804
3.09265
3.08252
3.06244
3.04996
3.03659
3.12373
3.13692
3.16022
3.20041
3.22882
3.38703
3.10058
3.0984
3.09283
3.08204
3.06056
3.0462
3.11592
3.12324
3.13652
3.16007
3.20226
3.23968
3.09868
3.10082
3.09882
3.09311
3.08183
3.05897
3.11154
3.11516
3.1225
3.13578
3.15967
3.20315
3.10102
3.0984
3.10099
3.09927
3.09352
3.08169
3.11426
3.11116
3.1144
3.12173
3.13496
3.15927
3.10351
3.10074
3.0983
3.10109
3.09971
3.0939
3.10751
3.11041
3.11457
3.11086
3.11372
3.12096
3.13431
3.10336
3.10045
3.09826
3.10116
3.10013
3.10759
3.11078
3.1147
3.1107
3.11311
3.12034
3.10321
3.10019
3.09824
3.10123
3.10768
3.11112
3.11476
3.1106
3.11254
3.10308
3.09995
3.09823
3.10776
3.11142
3.11479
3.11052
3.10296
3.09974
3.10782
3.1117
3.11482
3.10286
3.10788
3.11196
0.611871
0.921024
2.1209
2.0503
1.83001
1.80102
1.83257
1.36903
1.47457
1.26355
1.80882
1.85002
2.14477
2.14368
2.1654
2.16155
2.10571
2.08035
2.01316
1.95876
1.74479
1.56626
1.91248
1.84332
1.9934
1.99089
1.88165
2.10611
2.1079
2.14098
2.15623
2.16323
2.12633
2.08119
2.09202
2.00125
1.94344
2.13243
2.22601
2.11443
2.36214
2.27296
2.13648
2.07567
4.46955
4.70426
3.32629
2.5499
2.45667
3.17345
3.02226
2.68281
2.64617
2.96511
2.86549
2.80924
2.14181
2.11385
2.12913
2.17197
2.22534
2.21784
2.20869
2.20969
2.26271
2.16366
2.45114
2.39419
2.28198
2.29787
3.96839
3.53519
3.45027
3.98475
3.79613
3.42527
3.28036
3.3099
3.16903
2.62049
2.52744
3.08312
2.97606
2.88833
2.81515
2.74294
2.14559
2.16416
2.19142
2.24983
2.27614
2.34396
2.36879
2.56627
2.41773
2.36461
2.65327
2.48408
2.42295
3.66959
3.53954
3.48914
3.52739
3.44772
3.36962
3.22758
3.17437
3.05133
2.9604
2.87873
2.73928
2.70053
2.23574
2.25165
2.27586
2.36653
2.38522
2.4363
2.47433
2.58763
2.53955
2.80856
2.73289
2.59623
2.54054
3.18401
3.31863
3.3291
3.35971
3.27918
3.20678
3.11484
3.03134
2.89167
2.97754
2.91226
2.33681
2.55175
2.37799
2.39062
2.43918
2.45232
2.51734
2.85221
2.69172
2.73481
2.88255
2.59699
2.70575
2.67983
2.88288
3.128
3.15297
3.00083
2.96645
3.08549
3.03097
3.19324
3.24013
3.21769
3.00976
2.98404
3.17392
3.02777
3.04244
2.42673
2.61959
2.5356
2.59431
2.47578
2.47889
2.51111
2.74683
2.81498
2.86856
2.92058
2.67819
2.75335
2.70902
2.91801
2.97932
3.03653
3.03243
3.09737
3.14436
3.12459
3.06826
3.06563
3.07228
3.05993
3.08175
3.12733
3.05154
3.07593
3.03793
3.07594
3.07691
3.09098
3.0734
3.06651
3.07112
2.55989
2.45316
2.52472
2.63811
2.65747
2.53147
2.54414
2.63083
2.94428
2.79782
2.83858
2.6771
2.79814
2.98254
2.96402
3.0415
3.07033
3.09724
3.1404
3.14497
3.2029
3.22709
3.22752
3.1978
3.16945
3.18971
3.14318
3.20325
3.18237
3.18558
3.14438
3.11851
3.10761
3.05706
3.09835
3.10035
3.1257
3.09696
3.07061
3.06113
3.06645
3.06332
3.06714
3.09311
3.23884
2.44954
2.33448
2.41663
2.56381
2.5929
2.67013
2.84039
2.82917
2.86793
3.11053
3.00033
3.00884
3.27084
3.16379
3.14122
3.3053
3.27941
3.36823
3.16559
3.13422
3.16565
3.15394
3.15739
3.08086
3.08245
3.13238
3.1082
3.1138
3.08887
3.06201
3.09259
3.09859
3.0873
3.09074
3.10224
3.37952
3.18474
3.06706
3.02379
3.02726
2.98072
2.77729
3.02485
3.32126
3.09143
3.09109
3.14635
3.13238
3.13898
3.12844
3.1378
3.09343
3.09131
3.12695
3.11506
3.10228
3.09168
3.10297
3.08922
3.54247
3.09772
3.09765
3.09744
3.09849
3.09951
3.10038
3.12718
3.11438
3.1257
3.12353
3.1248
3.09823
3.1054
3.10044
3.11336
3.11556
3.09938
3.10184
3.10023
3.10049
3.09944
3.10026
3.11777
3.11478
3.11621
3.11662
3.11623
3.10236
3.10477
3.10815
3.10973
3.11286
3.11174
3.10187
3.10302
3.1012
3.10178
3.11239
3.11227
3.11041
3.10534
3.10967
3.10719
3.11345
3.11211
3.10366
3.10516
3.10736
3.10992
3.10956
)
;

boundaryField
{
    movingWall
    {
        type            zeroGradient;
    }
    fixedWalls
    {
        type            zeroGradient;
    }
    frontAndBack
    {
        type            empty;
    }
    defaultFaces
    {
        type            empty;
    }
}


// ************************************************************************* //
