/*--------------------------------*- C++ -*----------------------------------*\
  =========                 |
  \\      /  F ield         | OpenFOAM: The Open Source CFD Toolbox
   \\    /   O peration     | Website:  https://openfoam.org
    \\  /    A nd           | Version:  8
     \\/     M anipulation  |
\*---------------------------------------------------------------------------*/
FoamFile
{
    version     2.0;
    format      ascii;
    class       volVectorField;
    location    "0.016";
    object      U;
}
// * * * * * * * * * * * * * * * * * * * * * * * * * * * * * * * * * * * * * //

dimensions      [0 1 -1 0 0 0 0];

internalField   nonuniform List<vector> 
656
(
(0.743378 0.0565328 -9.65941e-25)
(0.927901 0.014078 1.86565e-24)
(0.954609 -0.00127165 0)
(-0.0910921 0.118956 2.38344e-23)
(0.556685 0.0976775 1.11978e-23)
(0.840553 0.000906139 0)
(-0.0571741 0.067242 -4.95732e-23)
(-0.0145885 0.0188596 9.80398e-24)
(0.96772 -0.000158509 0)
(-0.000554251 0.137916 -2.39382e-24)
(-0.0031721 0.191996 -7.88885e-23)
(-0.117802 0.171877 0)
(0.375803 0.139676 1.00481e-23)
(0.713679 0.00914762 0)
(0.889222 0.00121079 -1.70079e-22)
(0.903449 0.000502515 4.78002e-23)
(0.00102642 0.0819953 1.00783e-23)
(0.00137444 0.0266266 0)
(0.970909 -9.19583e-05 -3.43272e-23)
(0.909248 0.000220498 -1.44e-22)
(-0.0124193 0.0911047 7.76401e-23)
(-0.00524742 0.0617479 0)
(-0.0239806 0.122545 1.34291e-24)
(-0.00815641 0.240811 1.55737e-22)
(-0.136252 0.222994 -1.69204e-22)
(0.209879 0.180036 -2.26407e-23)
(0.575515 0.0241705 0)
(0.79743 0.00614361 2.65654e-22)
(0.823838 0.00277065 -8.89745e-23)
(-0.00144609 0.035061 0)
(-0.000151884 0.0112613 0)
(0.911538 0.000106437 5.16953e-23)
(0.972 -6.40852e-05 -3.68012e-23)
(0.835024 0.00137501 1.96271e-22)
(0.839656 0.000646134 -5.21607e-23)
(0.84352 3.26103e-05 -1.10127e-22)
(-0.00667817 0.0593853 -1.06117e-22)
(-0.00276597 0.0399765 1.71783e-23)
(-0.0135848 0.0803015 -1.89679e-22)
(-0.0409487 0.155001 -1.58747e-22)
(-0.0172088 0.2803 1.67606e-22)
(-0.144034 0.268659 -5.19589e-24)
(0.0677774 0.217076 4.55067e-22)
(0.43002 0.0465288 0)
(0.691527 0.0156594 0)
(0.730833 0.00740519 -3.69812e-22)
(-0.000810589 0.0225234 -5.43603e-24)
(-0.000127731 0.00717115 0)
(0.844961 -0.000764048 1.22003e-22)
(0.913591 2.1327e-05 -2.81762e-23)
(0.972288 -3.132e-05 4.97284e-24)
(0.747858 0.00378738 0)
(0.755109 0.00179632 0)
(0.761052 6.79984e-05 -1.07902e-22)
(0.763325 -0.0021095 4.66328e-22)
(0.751034 -0.00547787 0)
(-0.0101168 0.0355369 2.01829e-22)
(-0.00490134 0.0250767 2.97349e-22)
(-0.00198385 0.0161385 -2.89811e-22)
(-0.0246357 0.10171 -1.86643e-22)
(-0.0188241 0.0473025 5.89155e-22)
(0.282474 0.0779285 -1.32804e-22)
(0.571436 0.0308133 1.75035e-22)
(0.623467 0.0153232 -5.21313e-22)
(-0.00054528 0.00866622 4.5812e-23)
(-6.87294e-05 0.00251592 6.13961e-23)
(0.83658 -0.00199927 -2.58631e-22)
(0.914461 -0.000104542 8.66809e-23)
(0.972833 1.26053e-05 5.57223e-24)
(0.718039 -0.0144866 -1.12405e-23)
(0.64646 0.00797517 0)
(0.656478 0.00387766 1.94888e-22)
(0.66483 0.000197732 2.06475e-22)
(0.668308 -0.0043142 -8.94945e-22)
(0.6523 -0.0114286 2.30779e-22)
(-0.00816025 0.0136466 8.96546e-22)
(-0.00394773 0.0090469 -6.07351e-24)
(-0.00178121 0.00551515 0)
(-0.000629742 0.0030001 1.06683e-22)
(0.438595 0.0536538 0)
(0.50193 0.0280954 6.66708e-22)
(-8.95952e-05 0.00131718 -1.00999e-22)
(5.24336e-05 0.000258281 -3.11286e-23)
(0.599894 -0.0234436 4.77691e-22)
(0.814629 -0.00563868 1.51475e-22)
(0.909937 -0.000299018 0)
(0.973299 5.23022e-05 -5.36103e-23)
(0.607677 -0.028771 -2.92749e-22)
(0.461175 -0.0458956 7.33081e-22)
(0.249271 -0.189996 -8.87292e-22)
(0.530218 0.0149791 0)
(0.54274 0.00729405 4.72026e-23)
(0.553775 0.000625725 -1.4694e-22)
(0.55906 -0.00784432 5.19021e-22)
(0.54009 -0.0211791 -8.82917e-22)
(-0.0145078 0.00603466 3.78184e-22)
(-0.0091897 0.00298252 -4.03032e-22)
(-0.00542283 0.00136902 -1.99719e-22)
(-0.00287821 0.000475532 3.95876e-22)
(-0.00123175 4.82317e-05 4.76616e-23)
(-0.000226218 -5.73882e-05 -2.8819e-23)
(-0.137414 -0.24819 5.92602e-23)
(0.410592 -0.147626 -6.18469e-23)
(0.729698 -0.00877052 -8.04513e-22)
(0.898163 -0.00104888 0)
(0.972361 0.000123914 0)
(0.483541 -0.0512636 5.58874e-22)
(0.316105 -0.0783629 -2.81393e-22)
(0.102978 -0.228449 1.03435e-22)
(-0.142787 -0.295038 1.39261e-21)
(-0.0447497 0.0105657 0)
(-0.0328647 0.00552602 1.89578e-22)
(-0.0229086 0.00272244 -6.6963e-22)
(-0.0146235 0.00110229 1.86717e-22)
(-0.00776837 0.000286663 -4.44894e-23)
(-0.00209568 2.84452e-05 -2.76228e-23)
(-0.00837696 -0.282317 0)
(-0.120995 -0.193686 0)
(0.582179 -0.103293 4.92467e-22)
(0.848784 -0.000828537 -4.04108e-23)
(0.969734 0.000209525 -1.04452e-22)
(-0.0171903 -0.323989 -1.65697e-21)
(-0.0715482 0.00905143 0)
(-0.0537422 0.00503721 1.96582e-22)
(-0.038296 0.00253724 -1.72147e-24)
(-0.0250006 0.00108786 9.73208e-23)
(-0.013624 0.000343024 -4.57449e-23)
(-0.00394263 7.37901e-05 0)
(-0.0279596 -0.154619 -5.55647e-22)
(-0.00333953 -0.228478 0)
(-0.095114 -0.135538 5.10542e-22)
(0.757571 -0.0597715 0)
(0.95613 0.00134839 7.75165e-23)
(-0.0472635 -0.192363 0)
(-0.0908588 0.00722566 0)
(-0.0689438 0.00404587 1.22416e-22)
(-0.049591 0.00207451 -3.55095e-22)
(-0.0326811 0.000920368 1.14967e-22)
(-0.0180421 0.000318582 5.13262e-23)
(-0.00543946 8.82737e-05 -1.72301e-23)
(-0.015169 -0.109073 2.84534e-22)
(-0.0147295 -0.116443 0)
(-0.000412789 -0.166158 -4.47503e-22)
(-0.0605337 -0.0773191 4.32311e-22)
(0.931336 -0.014739 0)
(-0.0274616 -0.13552 0)
(-0.0978766 0.00609415 1.56076e-22)
(-0.0743125 0.0034749 -1.50742e-22)
(-0.0535132 0.00178186 1.45936e-22)
(-0.0353198 0.000787272 -2.79616e-22)
(-0.0195597 0.000273164 3.8458e-22)
(-0.00602892 7.55147e-05 -5.12876e-23)
(-0.0122283 -0.0604838 2.46131e-22)
(-0.00750513 -0.0819454 -5.271e-22)
(-0.00605355 -0.079551 1.53136e-22)
(0.00174642 -0.0991391 -4.63954e-22)
(-0.0141744 -0.0213466 1.31415e-23)
(-0.0219862 -0.077065 0)
(-0.0133016 -0.0408044 -5.55289e-23)
(-0.0975762 0.00647605 -1.92181e-22)
(-0.0739628 0.00415478 7.75046e-22)
(-0.0532992 0.00225412 -7.40012e-22)
(-0.0352794 0.000981674 0)
(-0.0196097 0.000308727 0)
(-0.0061306 6.73065e-05 -5.63335e-24)
(-0.00732863 -0.0318791 1.18446e-22)
(-0.00612205 -0.0445367 3.25747e-24)
(-0.00295306 -0.0558425 4.01821e-22)
(-0.00128734 -0.0451077 -1.50588e-22)
(0.0023282 -0.0305831 0)
(-0.00733127 -0.0192781 8.98699e-22)
(-0.0568403 0.00336132 8.44393e-22)
(-0.0373327 0.00217295 -8.73454e-22)
(-0.0205688 0.00078201 0)
(-0.0063498 0.000140342 -7.92811e-24)
(-0.00404647 -0.0145982 -2.38257e-22)
(-0.0036164 -0.0232913 -9.26156e-23)
(-0.00250989 -0.0298603 1.91163e-22)
(-0.000629147 -0.0316642 -1.30681e-22)
(0.000175255 -0.0136513 4.98319e-23)
(-0.00383731 -0.00727561 0)
(-0.00228177 0.00461371 -1.02089e-21)
(-0.0447615 0.000897324 0)
(-0.0157082 0.00032739 -2.76762e-23)
(-0.00154303 -0.00176769 0)
(-0.00205488 -0.00534023 -2.42026e-22)
(-0.00197703 -0.0103648 -4.63417e-22)
(-0.00148573 -0.015485 -6.31805e-23)
(-0.00066506 -0.0167428 1.28487e-22)
(7.33974e-05 -0.00987039 -5.00237e-23)
(-0.000993501 0.00134374 2.08709e-21)
(-0.00112136 0.00280277 2.17202e-21)
(-0.00259584 0.00412414 6.98944e-23)
(-0.000457843 3.92668e-05 -4.83381e-22)
(-0.000786913 -0.00107675 -6.12257e-25)
(-0.000971382 -0.00365106 1.25354e-22)
(-0.00080896 -0.00671228 3.75447e-22)
(-0.0004163 -0.00862207 7.71016e-24)
(-5.9136e-05 -0.00525891 -2.30588e-23)
(-0.000306211 -0.000189303 -1.32535e-24)
(-0.000435517 0.000450709 -1.74563e-21)
(-0.000479027 0.00167305 -5.25162e-22)
(-0.0011475 0.00201593 0)
(-0.00269376 0.00830647 1.49892e-21)
(1.80827e-06 0.0004206 -2.59729e-22)
(-0.000194943 0.000203628 2.57678e-22)
(-0.000347145 -0.000571194 1.28802e-22)
(-0.000385903 -0.00226816 0)
(-0.00023026 -0.00364754 -1.23075e-22)
(-5.44507e-05 -0.00271612 1.73288e-23)
(-3.55341e-05 -0.000839404 8.29672e-22)
(-9.1673e-05 -0.00049807 3.34425e-22)
(-0.000167312 -2.98324e-05 1.96756e-22)
(-0.000156377 0.000902095 5.34456e-23)
(-0.000285297 0.000847049 -6.10369e-23)
(-0.000388524 0.00198025 1.07907e-21)
(9.39048e-05 0.00020671 1.08553e-21)
(3.52974e-05 0.000426274 -4.06205e-22)
(-6.77676e-05 0.000269041 -2.65162e-22)
(-0.000126013 -0.000244947 -1.29055e-22)
(-0.000104168 -0.00117832 0)
(-3.38459e-05 -0.00112133 -1.13709e-23)
(0.000170779 -0.000853634 0)
(2.11193e-05 -0.000848179 -2.86881e-22)
(-1.44387e-05 -0.000570049 -9.87967e-22)
(-4.67483e-05 -0.00022006 3.21404e-22)
(-2.30777e-05 0.000391299 -3.56943e-22)
(-1.17291e-05 0.000132715 9.60511e-24)
(0.000205915 7.07439e-05 -4.71488e-22)
(6.54099e-05 0.00017815 7.18757e-22)
(3.34175e-05 0.000374438 -6.95442e-22)
(-1.72614e-05 0.000251519 1.32932e-22)
(-2.57752e-05 -6.55761e-05 0)
(-1.16067e-05 -0.000340719 1.12431e-23)
(0.000176571 -0.00034896 0)
(0.000120387 -0.000767872 5.52181e-22)
(2.56658e-05 -0.000733732 7.18375e-22)
(7.64809e-06 -0.000490117 9.41238e-22)
(9.50502e-07 -0.000217989 -3.33625e-22)
(6.64646e-06 8.42368e-05 -2.19753e-23)
(0.000389427 9.16466e-05 -5.63065e-22)
(0.000169219 4.15274e-05 0)
(3.64834e-05 0.000137151 5.16146e-22)
(2.05611e-05 0.000284064 0)
(1.6913e-06 0.000175836 0)
(2.56573e-06 3.77242e-06 0)
(0.000358601 -9.91592e-05 6.29034e-22)
(0.000104807 -0.000287992 -5.71035e-22)
(7.10276e-05 -0.000619218 -5.61875e-22)
(1.9333e-05 -0.000548696 -4.19226e-22)
(1.16334e-05 -0.000322823 -4.35528e-22)
(9.11678e-06 -9.68841e-05 1.30925e-23)
(0.000522376 5.6982e-05 0)
(0.000349076 5.67298e-05 1.41103e-22)
(0.000125399 2.13283e-05 0)
(1.58102e-05 9.27676e-05 2.15448e-27)
(9.8256e-06 0.000172983 0)
(5.07666e-06 6.4405e-05 -9.01174e-23)
(0.00061233 2.14401e-05 0)
(0.000643176 -6.96865e-05 -5.67726e-22)
(0.000284019 -6.08277e-05 -1.58301e-22)
(5.25366e-05 -0.000213395 2.92874e-22)
(3.4986e-05 -0.000441221 -4.16361e-22)
(1.24537e-05 -0.000330798 -1.31865e-22)
(8.12272e-06 -0.000112671 9.17367e-23)
(0.000464864 3.32695e-05 -1.89472e-23)
(0.000281374 3.07408e-05 -2.11025e-22)
(8.27115e-05 9.06134e-06 0)
(4.2588e-06 5.04819e-05 -1.08586e-22)
(4.20398e-06 5.41234e-05 9.09093e-23)
(0.000537323 9.59025e-06 2.10633e-24)
(0.000552429 -4.72231e-05 6.3756e-22)
(0.000206096 -3.17804e-05 -6.03691e-27)
(2.12535e-05 -0.000140121 1.23779e-25)
(1.35681e-05 -0.000255543 -2.6621e-22)
(6.62321e-06 -0.000104763 8.38889e-23)
(0.000375462 1.75955e-05 1.49145e-22)
(0.000201419 1.45769e-05 1.02953e-22)
(4.45021e-05 2.43426e-06 -1.26657e-22)
(3.22641e-07 1.30514e-05 2.30854e-23)
(0.000430427 3.94891e-06 2.10181e-24)
(0.000435415 -2.76721e-05 -1.4103e-22)
(0.000134462 -1.34679e-05 4.55457e-22)
(5.13925e-06 -7.44897e-05 -2.13412e-22)
(4.68048e-06 -7.50471e-05 3.43356e-26)
(0.000270663 8.16215e-06 0)
(0.000118403 5.46214e-06 1.14273e-22)
(1.17106e-05 8.1001e-08 7.99926e-23)
(0.000308712 9.29995e-07 0)
(0.000307734 -1.40703e-05 -2.06283e-22)
(7.19529e-05 -3.51049e-06 3.97124e-22)
(7.43938e-08 -1.86997e-05 4.41478e-23)
(0.000161356 3.00768e-06 -9.74416e-25)
(3.76749e-05 1.73143e-06 -1.43588e-22)
(0.000183442 -4.8538e-07 9.73149e-25)
(0.000179557 -5.9874e-06 -1.14358e-22)
(1.89287e-05 3.29965e-10 1.13281e-22)
(5.42736e-05 9.18573e-07 4.35515e-23)
(6.15645e-05 -6.74678e-07 0)
(5.69319e-05 -2.36563e-06 -1.10286e-23)
(-0.143551 0.30254 2.23692e-21)
(-0.0282827 0.257495 5.05407e-22)
(-0.0411718 0.12396 0)
(-0.0747077 0.182901 2.80506e-21)
(-0.0631031 0.189301 -2.96427e-21)
(-0.0744207 0.262162 0)
(-0.0384431 0.307418 0)
(-0.0998029 0.349849 -1.03346e-21)
(-0.0884324 0.309656 0)
(-0.0421969 0.263441 -1.88602e-21)
(0.146617 0.123737 4.23742e-21)
(-0.0972836 0.271101 0)
(-0.0327041 0.061186 -3.68735e-22)
(-0.0543604 0.100525 0)
(-0.0156333 0.0186729 -3.85357e-21)
(-0.0370537 0.04501 3.94342e-21)
(-0.0802927 0.115299 -2.29117e-21)
(-0.111653 0.150681 0)
(-0.0944072 0.195163 0)
(-0.119109 0.230378 6.21989e-22)
(-0.112852 0.287529 0)
(-0.10268 0.282956 1.96376e-21)
(-0.024316 0.187908 2.37868e-21)
(0.0862315 0.150814 -5.71776e-21)
(0.291428 0.0876329 1.12322e-21)
(-0.150383 0.223652 -5.93469e-22)
(-0.144953 0.241549 0)
(-0.0209325 0.0115253 -3.19652e-21)
(-0.0472336 0.0271745 8.75056e-22)
(-0.0580495 0.0494909 7.28521e-22)
(-0.0870904 0.0770717 2.32962e-21)
(-0.115274 0.0751501 -4.49891e-21)
(-0.159365 0.106483 -3.973e-21)
(-0.154358 0.146033 -3.03449e-21)
(-0.181463 0.172771 5.68587e-21)
(-0.138249 0.197251 -1.64911e-21)
(-0.0709383 0.17465 -1.71743e-21)
(0.026958 0.120593 0)
(0.369508 0.0469263 -5.76105e-21)
(0.174906 0.101085 0)
(0.399475 0.0263969 0)
(0.22062 0.0541981 4.84682e-21)
(-0.204069 0.158319 0)
(-0.183188 0.165734 0)
(-0.0151588 -0.274326 6.08815e-21)
(-0.148714 -0.326025 0)
(0.367046 -0.0794179 0)
(0.406004 0.0123071 -1.98736e-22)
(0.24233 0.0292685 0)
(0.24347 -0.0890069 0)
(0.429793 -0.0345875 1.20086e-21)
(0.425523 0.00121117 3.7436e-21)
(0.259773 0.00659669 0)
(0.286367 -0.0403875 0)
(0.442264 -0.0139079 0)
(0.287581 -0.0139466 -3.8012e-21)
(-0.0610656 0.0209875 1.16407e-21)
(-0.0921048 0.0332848 -1.46857e-21)
(-0.113671 0.0447345 4.81237e-21)
(-0.162311 0.04901 0)
(-0.190387 0.0761905 0)
(-0.217664 0.0843802 -3.14427e-21)
(-0.238517 0.106317 -2.38754e-21)
(-0.161755 0.125019 0)
(0.0438609 0.0722848 3.37018e-21)
(-0.0533025 0.106593 0)
(0.12003 0.0374871 0)
(-0.0203453 0.0594582 -3.64538e-21)
(-0.256234 0.0913638 7.93818e-21)
(-0.229463 0.0979713 -2.3441e-21)
(-0.0206934 -0.25752 -3.43424e-21)
(0.160447 -0.132293 7.75742e-21)
(0.130087 -0.149294 -6.06172e-21)
(-0.11984 -0.378334 1.71832e-21)
(-0.0866137 -0.319204 -3.74267e-21)
(-0.0395384 -0.349052 2.45826e-22)
(0.0276708 -0.173527 -6.44273e-21)
(0.0257284 -0.142764 2.1099e-21)
(0.121481 -0.102652 3.27037e-21)
(0.0954977 0.00671301 0)
(-0.00699784 0.0307241 0)
(0.0537588 -0.0854797 -3.60418e-21)
(0.153179 -0.052198 0)
(0.0631196 -0.0420326 -3.36233e-21)
(0.160876 -0.0200173 3.06606e-21)
(0.023579 -0.0108305 4.67186e-21)
(-0.0912399 0.0144828 1.67952e-21)
(-0.13122 0.0220439 0)
(-0.156152 0.0303053 0)
(-0.196638 0.0344171 3.33811e-21)
(-0.226339 0.0503609 0)
(-0.252286 0.0499813 8.37768e-21)
(-0.274144 0.0631376 -7.15068e-21)
(-0.130659 0.0442468 0)
(-0.148634 0.057397 -5.74005e-21)
(-0.226007 0.0722478 1.16889e-20)
(-0.206212 0.0311749 0)
(-0.28023 0.0605402 -7.55565e-21)
(-0.284744 0.0555879 -4.03639e-21)
(-0.0978712 -0.300869 0)
(-0.0867509 -0.234247 7.80196e-21)
(-0.0732067 -0.227643 0)
(-0.0687665 -0.307238 -5.31948e-22)
(-0.0974032 -0.307481 4.17793e-22)
(-0.118968 -0.223798 -8.01296e-21)
(-0.0827904 -0.172428 -7.37552e-21)
(-0.112414 -0.146328 9.81165e-21)
(-0.0655066 -0.103846 3.03641e-21)
(-0.129251 -0.0720512 -3.97276e-21)
(-0.0821938 -0.0466873 0)
(-0.106475 -0.0187885 -3.22945e-21)
(-0.187581 0.00519498 0)
(-0.11398 0.0114065 0)
(-0.153718 0.0168134 -1.30468e-21)
(-0.18122 0.0215764 -5.10377e-21)
(-0.210883 0.0264713 4.37821e-21)
(-0.237025 0.0351509 -1.55438e-21)
(-0.25262 0.036125 -1.99591e-21)
(-0.279908 0.0451643 6.30595e-21)
(-0.269943 0.0352697 -7.04638e-21)
(-0.286557 0.0476153 8.58797e-21)
(-0.258601 0.0106303 0)
(-0.28213 0.0297305 -1.20326e-21)
(-0.29323 0.0480924 0)
(-0.284548 0.044239 0)
(-0.0453479 -0.157908 -1.24851e-20)
(-0.0902279 -0.228569 4.3054e-21)
(-0.111326 -0.235224 5.20107e-21)
(-0.128594 -0.265709 -7.17614e-22)
(-0.148152 -0.236345 6.62063e-22)
(-0.177946 -0.185742 -7.52441e-21)
(-0.184054 -0.149392 0)
(-0.202432 -0.0968564 -9.45723e-21)
(-0.254338 0.0129367 -4.43466e-21)
(-0.232467 -0.0715444 6.88005e-21)
(-0.262597 -0.0175552 2.8287e-21)
(-0.123572 0.00963691 4.60136e-21)
(-0.263376 0.0422511 2.73581e-21)
(-0.156919 0.0147692 -3.2875e-21)
(-0.17962 0.0192486 -2.84244e-21)
(-0.202876 0.0257091 -6.15403e-21)
(-0.234501 0.0322463 1.37672e-21)
(-0.241835 0.0354142 -3.48049e-21)
(-0.263632 0.0363363 -2.72132e-21)
(-0.28694 0.0476637 6.80141e-22)
(-0.285433 0.039816 1.24613e-21)
(-0.24206 0.0475184 4.85644e-21)
(-0.258926 0.0457006 2.02031e-21)
(-0.268556 0.0514537 -1.2933e-21)
(-0.260995 0.0489542 -1.94106e-21)
(-0.210491 0.05339 -6.71413e-21)
(-0.0354174 -0.0927008 0)
(-0.0591571 -0.146889 8.35627e-21)
(-0.156278 0.0564861 0)
(-0.190794 0.0467395 4.4015e-21)
(-0.101734 0.0537494 8.48568e-21)
(-0.123736 0.050496 -5.60321e-21)
(-0.0810362 -0.158971 0)
(-0.122598 -0.195724 -4.94398e-21)
(-0.158486 -0.172486 1.51195e-20)
(-0.189293 0.0240341 -5.8631e-21)
(-0.215995 0.00681984 4.65013e-21)
(-0.167761 -0.135001 -1.07842e-20)
(-0.213609 -0.0656824 1.14755e-22)
(-0.198214 -0.0398064 -9.49043e-21)
(-0.122334 0.00965835 0)
(-0.235642 0.0430382 0)
(-0.217768 0.0322903 2.63354e-22)
(-0.221996 0.0379283 -3.59444e-22)
(-0.151385 0.0166517 -5.10975e-21)
(-0.176189 0.0217928 5.43396e-21)
(-0.191733 0.0258055 4.71193e-21)
(-0.251113 0.0570253 1.84781e-21)
(-0.243433 0.0568165 -4.19924e-22)
(-0.21569 0.0642664 3.65883e-21)
(-0.197732 0.0639248 1.33251e-21)
(-0.228365 0.0468995 -5.5356e-21)
(-0.232473 0.0592502 1.88346e-23)
(-0.239233 0.0521228 4.72675e-21)
(-0.173684 0.0694134 2.30894e-21)
(-0.15119 0.0686145 -7.52634e-21)
(-0.10166 0.0634615 2.887e-21)
(-0.123933 0.0692241 2.3881e-21)
(-0.081058 0.0618457 -3.36343e-21)
(-0.0483296 0.0467879 0)
(-0.0638046 0.0521464 2.79442e-21)
(-0.0769195 0.0484866 -2.40223e-22)
(-0.069407 0.0421943 0)
(-0.0213432 -0.0489668 -4.24012e-21)
(-0.043038 -0.0830802 4.14859e-21)
(-0.0519144 -0.0890059 2.91246e-21)
(-0.0851343 -0.119061 0)
(-0.0893756 0.0287981 1.02406e-20)
(-0.118298 0.0303494 0)
(-0.14267 0.0169646 5.68731e-21)
(-0.107184 -0.0987022 1.31664e-22)
(-0.12853 -0.0216176 1.54269e-21)
(-0.135207 -0.105648 -4.25313e-21)
(-0.15618 -0.0466091 8.53062e-21)
(-0.0116084 -0.0242803 -5.00352e-22)
(-0.021284 -0.0392012 0)
(-0.112415 0.00882846 0)
(-0.0762114 0.00298925 -5.24503e-22)
(-0.0919903 0.00393065 5.2873e-22)
(-0.197324 0.0365339 -3.04807e-21)
(-0.20611 0.0449174 2.67847e-21)
(-0.133173 0.0136783 0)
(-0.163779 0.0211532 -2.49738e-21)
(-0.177467 0.0291282 2.99817e-21)
(-0.172397 0.0731728 1.2464e-21)
(-0.208943 0.0640673 -2.03523e-21)
(-0.202643 0.0684435 -2.57833e-21)
(-0.191616 0.0504432 -3.45027e-21)
(-0.191296 0.0601478 6.82962e-22)
(-0.15253 0.0717033 0)
(-0.127577 0.0722088 0)
(-0.115315 0.0711787 0)
(-0.0915778 0.0686499 -2.97113e-21)
(-0.0743936 0.0633875 -1.66935e-21)
(-0.0572966 0.0578996 3.97942e-21)
(-0.04267 0.048076 0)
(-0.00651362 0.0140896 0)
(-0.00413217 0.00965662 -6.63714e-22)
(-0.0119714 0.0238832 3.57743e-21)
(-0.0192019 0.0318443 -3.13599e-21)
(-0.0306844 0.0420205 0)
(-0.0215931 0.0304537 -5.83842e-21)
(-0.0328405 0.0368285 3.08877e-23)
(-0.00897838 0.0155797 0)
(-0.0122809 0.019824 -4.58757e-21)
(-0.00411214 0.00726854 0)
(-0.0345481 0.0330006 1.02552e-23)
(-0.0494358 0.0367367 1.60055e-23)
(-0.0485305 0.0285718 3.55807e-21)
(-0.0762742 0.0241054 -4.34154e-21)
(-0.0300465 -0.0430828 8.8764e-21)
(-0.0504181 -0.0581473 -1.86874e-20)
(-0.0742375 -0.0570022 3.98034e-21)
(-0.0721133 0.00943423 -2.28765e-21)
(-0.0801566 -0.0319437 8.43249e-21)
(-0.0971164 -0.0178512 -5.92542e-21)
(-0.00589342 -0.0092081 0)
(-0.0109652 -0.0165564 0)
(-0.0135291 -0.0176681 -3.66898e-21)
(-0.0265879 -0.0268346 -5.36929e-21)
(-0.00348582 0.00706316 5.61559e-22)
(-0.104061 0.008586 1.28709e-21)
(-0.0618128 0.000454185 0)
(-0.0774418 0.00212208 -1.12623e-21)
(-0.128971 0.0247903 1.53351e-21)
(-0.152433 0.0316274 -4.53544e-21)
(-0.165781 0.0465726 -7.23256e-23)
(-0.141575 0.0579404 4.0816e-21)
(-0.158022 0.0646775 -4.78245e-21)
(-0.146743 0.0695083 3.25312e-21)
(-0.085095 0.0683973 -3.91752e-21)
(-0.111237 0.0671198 6.09082e-23)
(-0.108579 0.0711968 1.11043e-21)
(-0.031619 0.0467402 4.01372e-21)
(-0.0483312 0.0563827 -3.8692e-23)
(-0.0675452 0.0622566 1.95347e-21)
(-0.00942121 0.0245501 1.74711e-21)
(-0.0233137 0.0395746 -2.12152e-21)
(-0.0052908 0.0160755 -1.57035e-21)
(-0.0137994 0.0188904 5.22123e-21)
(-0.0217343 0.0236109 0)
(-0.00430551 0.00723552 4.10793e-21)
(-0.00626626 0.00965106 -7.26197e-21)
(-0.0020059 0.00287519 0)
(-0.00227455 -0.00254763 0)
(-0.00427206 -0.00518167 -1.16161e-21)
(-0.0222083 0.0198811 5.24659e-21)
(-0.0340709 0.0214543 -1.17599e-23)
(-0.0340338 0.0146624 -1.08065e-20)
(-0.0517611 0.00809054 1.0918e-20)
(-0.0320977 -0.0175602 3.83312e-21)
(-0.0444644 -0.0161706 -3.10934e-21)
(-0.0394231 -0.00185838 -3.82215e-21)
(-0.00609677 -0.0060533 7.21028e-22)
(-0.0113817 -0.00947313 2.04844e-21)
(-0.0182963 -0.00844533 1.41558e-21)
(-0.00424904 0.0122202 -3.01598e-21)
(-0.0252558 0.0430767 0)
(-0.0532543 0.0554436 0)
(-0.0813245 0.0310919 3.9553e-21)
(-0.0947807 0.0476629 -2.76506e-21)
(-0.0876336 0.0579219 0)
(-0.0194825 0.00226093 3.12254e-23)
(-0.0547355 0.0128178 0)
(-0.00866054 0.0269285 -1.02461e-22)
(-0.0014241 -0.00112288 -6.112e-22)
(-0.000697062 -0.0001929 3.00573e-21)
(-0.00799094 0.00956153 7.50168e-21)
(-0.0125313 0.012614 0)
(-0.00177953 0.00243802 -3.40145e-21)
(-0.00334904 0.00409878 -1.08027e-20)
(-0.000754522 0.000487122 5.96299e-21)
(-0.00208307 -0.00149735 4.23607e-22)
(-0.00549404 -0.00369579 0)
(-0.0138323 0.00824689 0)
(-0.0216792 0.00913213 0)
(-0.023871 0.00109657 0)
(-0.00768185 -0.00294839 4.83422e-21)
(-0.0146914 -0.00436173 -4.13072e-21)
(-0.0165727 0.00043381 0)
(-0.00114649 0.0086554 0)
(-0.00167637 -0.000820309 2.73312e-21)
(-6.75581e-05 0.000332282 -6.85491e-21)
(-0.000269305 0.000112847 1.19318e-20)
(-0.000588423 -0.000180709 -7.21174e-21)
(0.000129267 0.000283365 -2.34736e-21)
(0.000110183 0.000208849 0)
(-0.00348499 0.00317685 3.5257e-21)
(-0.00663989 0.00420766 0)
(-0.000466526 3.74396e-05 0)
(-0.00101814 0.000717157 0)
(-0.000185157 -0.000644329 -1.29801e-21)
(-0.0024347 -0.00091377 2.24453e-21)
(-0.0044993 -0.0011546 0)
(-0.00422683 0.000222778 6.79091e-21)
(-0.00552026 0.00262624 1.79526e-21)
(-0.00690088 0.00192528 -6.77245e-21)
(-0.000459925 -6.30679e-05 0)
(-0.0012461 -0.000188289 5.29894e-21)
(0.000202563 0.000146116 8.59479e-21)
(-5.37459e-05 6.50871e-05 -9.74896e-21)
(0.000220106 0.000101845 -1.75018e-22)
(0.000303299 0.000142878 7.26061e-21)
(-0.000683405 0.000298046 1.45714e-21)
(-0.00150191 0.000852769 -1.09267e-21)
(0.000182192 -0.000831852 -8.39199e-21)
(0.000131538 -0.000731133 1.14671e-20)
(1.12231e-06 -0.000394856 0)
(-0.00103797 0.000147008 -5.37827e-21)
(-0.00185116 0.000671661 -7.87165e-21)
(-0.000890011 0.000456563 1.16706e-20)
(-0.000710875 0.000414924 0)
(0.000377021 -0.000548993 0)
(0.000233497 -0.000364799 4.47426e-21)
(5.22222e-05 0.000123764 3.37023e-21)
(-0.00019084 0.000208792 -5.97668e-21)
(0.000375766 0.000113871 -1.31098e-22)
(0.000324505 0.000151901 1.61392e-24)
(0.000491266 -0.000363674 0)
(0.000415053 -0.000253092 1.95686e-21)
(0.00027301 8.6471e-05 -1.69053e-21)
(0.000233044 0.000170619 -2.93972e-24)
(0.000431969 5.37838e-05 8.02362e-22)
(1.82721e-05 0.000143146 6.34415e-21)
(0.000400391 -0.000140487 -5.93081e-21)
(0.000610599 -0.00021246 0)
(0.00051985 8.85005e-05 -8.86395e-21)
(0.000471776 0.00011848 4.2258e-21)
(0.000629551 5.40335e-05 4.49823e-21)
(0.000689378 -7.30441e-05 0)
(0.000599501 -3.08145e-06 -4.92809e-21)
)
;

boundaryField
{
    movingWall
    {
        type            fixedValue;
        value           uniform (1 0 0);
    }
    fixedWalls
    {
        type            noSlip;
    }
    frontAndBack
    {
        type            empty;
    }
    defaultFaces
    {
        type            empty;
    }
}


// ************************************************************************* //
