/*--------------------------------*- C++ -*----------------------------------*\
  =========                 |
  \\      /  F ield         | OpenFOAM: The Open Source CFD Toolbox
   \\    /   O peration     | Website:  https://openfoam.org
    \\  /    A nd           | Version:  8
     \\/     M anipulation  |
\*---------------------------------------------------------------------------*/
FoamFile
{
    version     2.0;
    format      ascii;
    class       surfaceScalarField;
    location    "14000";
    object      phi;
}
// * * * * * * * * * * * * * * * * * * * * * * * * * * * * * * * * * * * * * //

dimensions      [0 3 -1 0 0 0 0];

internalField   nonuniform List<scalar> 
6926
(
-1.05308
0.0710304
-0.652857
-0.575153
0.174931
-0.941648
0.0740222
-0.11292
-0.539937
0.0688486
-0.756921
-0.752278
-0.0144388
-0.635251
-0.0481789
0.234424
-1.05805
-0.0648818
0.0131677
-0.583536
0.177766
-0.717703
-0.644037
0.466534
-0.586708
0.133342
0.0251469
-0.66014
-0.828081
-0.244412
-0.409726
-0.067918
0.0526743
-0.568293
0.156253
-0.873956
-0.555702
-0.534205
0.000170967
-0.533755
0.257371
-0.680505
-0.165025
-0.767876
-0.57277
-0.794974
-0.217314
-0.210007
0.0233041
-0.38159
-0.191513
-0.574195
-0.122765
-0.751191
-0.896196
0.12969
-0.13117
-0.592823
0.119815
-0.423187
-0.812396
0.072386
-0.511072
0.000171641
-0.528536
-0.00504827
-0.53411
-0.0034932
-0.102483
-0.938837
-0.388219
0.252407
-0.436958
-0.563079
-0.0424531
-0.10126
-0.471843
-0.185245
-0.511715
0.0459093
-0.7971
-0.113066
-0.705418
0.225661
-1.06843
-0.00149962
0.0947435
-0.787325
-0.00262115
-0.533632
-0.788735
-0.00795576
-0.612508
0.000175524
-0.525005
-0.00335993
0.153228
-0.139929
-0.827722
-0.818035
-0.527905
-0.0112531
-0.534207
-0.0323656
-0.0383874
-0.648043
-0.523781
0.0443699
-0.420776
-0.236312
-0.886582
-0.834035
0.036935
0.000159863
-0.699401
-0.00617667
-0.867638
0.024869
-0.983456
0.0335762
-0.727567
-0.256032
-0.533914
-0.0107252
-0.522747
-0.753592
-0.13176
-0.14349
-0.759402
-0.849007
0.000186903
-0.528042
0.00321318
-0.519904
-0.0113607
-0.174014
-0.682409
-0.389418
-0.612318
-0.528253
-0.0172063
-0.534172
-0.0219738
-0.0363955
-0.567278
-0.89008
0.056045
-0.223853
-0.625794
0.143547
-0.0273553
0.275693
-0.391884
-0.332063
-0.558017
0.359358
-0.547874
-0.0835481
0.000177385
-0.61603
0.840962
-0.470747
-0.453763
-0.0328526
-0.958587
-0.0773626
-0.642654
-0.375951
0.0707693
-0.422385
-0.0980923
-0.533891
-0.0226718
-0.521967
-0.00891482
-0.513655
0.584358
-0.592635
-0.0690851
-0.425328
-0.512199
-0.437888
0.252504
-0.292857
-0.349065
0.0160357
-0.522933
0.461578
-0.659559
-0.0258718
-0.387626
0.000197173
-0.54668
0.0188241
-0.510652
-0.00603908
-0.51625
-0.0233644
-0.132559
-0.586245
-0.209274
-0.535603
-0.532877
-0.018502
-0.0516421
-0.53761
-0.301366
-0.0149852
0.288996
0.869893
-0.234842
0.300144
0.00805326
-0.053582
-0.346356
-0.284694
-0.0086182
-0.129034
-0.472422
-0.687051
-0.0295159
0.000198065
-0.586712
0.121513
-0.621776
-0.575133
0.242882
-0.991439
-0.0208529
-0.551031
-0.0688957
-0.544593
0.0134379
-0.533915
-0.0348675
-0.521696
-0.0225191
-0.508363
-0.00238066
-0.511076
0.191057
-0.68722
0.672159
-0.357304
-0.383941
-0.0403504
-0.461781
0.0515079
-0.440923
0.000841223
-0.472267
0.0787549
-0.504954
-0.466579
0.107163
-0.41371
0.000211951
-0.580621
0.0341385
-0.529824
0.0379968
-0.524825
0.00253595
-0.528242
-0.027999
0.0949349
-0.0988363
-0.531701
-0.542953
-0.542602
-0.0135093
0.359347
-0.406338
0.0320061
0.413501
-0.286752
-0.344298
-0.325623
-0.0893331
0.20807
-0.895121
-0.551104
0.00945719
0.000227812
-0.596397
-0.00644627
-0.605872
-0.641764
0.0601853
-0.748557
-0.000268519
-0.537325
-0.00140866
-0.543452
-0.0429896
-0.525793
-0.0408309
-0.503384
-0.0173795
-0.493364
0.0130065
-0.523855
-0.188884
-0.497496
-0.494069
0.0511251
-0.0133602
-0.478688
-0.509492
-0.0243448
-0.461282
0.034476
-0.540839
0.30676
-0.77359
0.00025107
0.00021321
-0.610629
0.0302202
-0.583766
0.0880805
-0.111286
-0.375542
-0.457051
-0.0686552
-0.552052
-0.0185494
0.00471986
0.00261635
-0.539037
-0.551742
0.360357
-0.328689
0.000337982
0.000267774
-0.635156
-0.0347655
-0.418413
0.000390444
-0.325917
-0.00317798
-0.30606
-0.236257
-0.640765
-0.133745
-0.761376
0.00536267
0.00027736
-0.602037
0.00296427
-0.603474
-0.633404
-0.00539636
-0.688372
-0.0441518
-0.536163
-0.038439
-0.549165
-0.0529973
-0.513627
-0.0641142
-0.456649
0.0143356
-0.494693
0.028231
-0.551808
0.0543074
-0.513901
-0.467533
0.00716947
-0.514045
0.00966145
-0.48118
0.0131544
-0.464775
-0.0280939
-0.551184
-0.624778
0.0143621
-0.62507
0.000543459
-0.628611
0.0750645
-0.363019
-0.205319
-0.65048
-0.590313
-0.0303937
0.00383111
0.00331993
-0.546188
-0.56646
-0.617999
-0.00680336
-0.605541
-0.0121198
-0.453631
0.000452252
-0.59075
-0.0144015
0.000514327
-0.457323
-0.0388527
-0.503464
-0.108637
-0.665873
-0.00799599
-0.75338
0.011774
0.000328061
-0.61414
-0.0325894
-0.559111
-0.623945
-0.0420482
-0.693768
-0.0531079
-0.536052
-0.0432463
-0.559027
-0.0973189
-0.480422
-0.368774
-0.0735401
0.0840416
-0.550504
0.0266138
-0.578094
-0.018017
-0.523978
-0.472396
-0.00509639
0.00681839
-0.482902
-0.515822
0.00921869
-0.467175
-0.0294158
-0.565015
-0.638209
0.0239609
-0.630363
-0.0073026
-0.668038
0.0926231
-0.76518
-0.0304525
0.00622515
0.00398142
-0.556395
-0.590629
-0.619335
-0.017832
-0.606077
-0.0253771
-0.574874
-0.015423
-0.590999
-0.0294795
-0.0118906
-0.562469
0.000578581
-0.496754
-0.0381544
-0.573947
-0.00804386
-0.665825
0.0780458
-0.831426
0.0925004
-0.707007
0.000367254
-0.0311261
-0.435484
-0.359096
-0.295974
-0.735816
-0.0733239
-0.560047
-0.0497558
-0.582595
0.332894
-0.617626
-0.221069
-0.157893
-0.549502
0.000387526
0.065667
-0.589557
-0.593879
0.0161519
-0.0156558
-0.537738
-0.478833
0.00295942
-0.5148
-0.0015832
-0.478359
-0.00292269
-0.465836
-0.0296298
-0.585141
-0.659719
0.0156421
-0.638116
-0.0289061
-0.691709
0.019152
0.00257498
-0.0149361
-0.544034
-0.618507
-0.613729
-0.0422194
-0.602414
-0.0366914
-0.570492
-0.0359301
-0.593475
-0.0384191
-0.0324985
-0.549884
-0.00215611
-0.559735
0.000635165
-0.535544
-0.00249438
-0.579496
0.0851709
-0.67295
-0.12691
-0.704516
0.492506
-0.395559
-0.25484
-0.302074
-0.665724
-0.366067
0.0226576
0.108155
-0.526371
-0.0830664
-0.698049
-0.059417
-0.606244
0.0557556
-0.607714
-0.527254
0.000409943
-0.600873
0.00738175
0.027473
-0.600878
0.00891417
-0.49067
-0.558453
0.0251905
-0.0333405
-0.470209
-0.504545
-0.0267963
-0.47238
-0.031594
-0.612964
0.0193085
-0.490353
0.414872
0.0561731
-0.69999
0.0239236
-0.625175
-0.103722
-0.0495365
-0.0104721
-0.484025
-0.648891
-0.600068
-0.0673264
-0.582229
-0.0545303
-0.555978
-0.0734271
-0.0246019
-0.596046
-0.0822996
-0.506177
-0.00588046
-0.54616
0.0103003
-0.5694
0.000694309
-0.538732
0.0367386
-0.531064
-0.532693
-0.292503
0.152247
0.0035378
-0.663141
-0.0224783
-0.682038
0.105472
-0.771196
0.562669
-0.709354
0.00179856
0.0448118
-0.572982
-0.525879
0.00042346
-0.0388868
-0.603407
-0.00156591
-0.643565
0.0299704
-0.610212
-0.601387
0.000923915
0.0137511
-0.607247
0.0116417
-0.601689
-0.505824
0.0617754
-0.0301366
-0.501848
-0.453242
-0.123233
-0.379284
-0.0680922
-0.546437
0.960472
-0.645463
-0.315008
-0.368036
0.541164
-0.153819
-0.562196
-0.296193
0.42627
-0.184481
0.173082
0.696716
0.319928
0.192337
0.292666
-0.0587328
-0.322825
-0.614442
-0.947793
-0.474946
-0.576568
-0.688684
0.146412
-0.553685
-0.189529
0.00326025
-0.581547
-0.605558
-0.0639154
-0.316085
-0.371772
-0.00292016
-0.509137
0.0193016
-0.555161
-0.42445
0.135484
0.0237261
-0.592432
0.000750172
-0.502744
-0.439731
0.0609133
-0.490552
-0.195067
0.100156
-0.782194
0.0632701
-0.453666
-0.721549
-0.0606444
-0.008988
-0.762208
-0.67353
-0.00521563
-0.0725227
-0.495243
-0.531538
0.000443415
-0.599163
-0.0018002
0.0201539
-0.593591
-0.168
-0.455412
0.02595
-0.62241
-0.604321
-0.00200193
0.0475964
-0.717378
-0.581461
-0.575677
-0.305454
-0.437185
-0.277253
1.01864
-0.0482192
0.373176
-0.504029
0.427086
-0.0704031
-0.551934
0.530858
-0.132742
-0.669086
-0.179041
-0.0184523
-0.703097
0.656844
-0.0177739
-0.657522
0.604484
0.0216252
-0.0438792
-0.58223
-0.0824132
0.77913
-0.410597
0.135584
0.46735
0.411032
0.0172173
0.397705
-0.0293513
-0.40193
-0.788189
-0.638693
0.208536
-0.430735
-0.397487
0.165328
-0.592802
0.0450643
-0.690527
-0.429444
0.179022
-0.174028
-0.0824007
0.23892
-0.472604
-0.457093
0.0359146
-0.52575
0.0453778
-0.576813
-0.364637
0.0603905
0.0287049
-0.620386
-0.442625
0.000793975
0.520224
-0.3621
-0.094854
-0.104287
0.682707
-0.0865081
-0.133059
0.595873
-0.00916271
-0.550786
0.574416
-0.00200537
0.0375095
-0.799718
-0.708544
0.142092
-0.261262
-0.376073
-0.389914
0.000467964
-0.598116
-0.000604267
-0.0101986
-0.595923
0.0799111
-0.647552
-0.812685
-0.611064
-0.013348
0.14187
-1.1365
-0.745045
0.984561
-0.10559
-0.188554
0.462202
-0.00174776
-0.611502
0.526926
-0.0481663
-0.727597
-0.0629464
-0.0407925
-0.660609
-0.743889
0.049548
-0.0582196
-0.573559
0.00271251
0.637805
-0.00300304
-0.637515
-0.498525
0.0137547
-0.00183402
0.45543
0.792884
0.329875
0.0793231
0.410295
0.0046269
0.434988
-0.00213707
-0.20739
-0.939585
-0.787043
0.277335
-0.509495
0.0405974
-0.588336
0.0950517
-0.546659
-0.260171
0.0745561
-0.366609
-0.0675902
-0.0821522
0.111776
-0.502228
-0.50333
0.056773
-0.537145
0.102098
-0.650206
-0.38304
0.000805884
0.013072
-0.632664
0.423706
-0.466708
-0.0518517
-0.0471903
-0.547127
-0.0526403
-0.0377619
0.566588
-0.00133428
0.637962
-0.00216215
0.116149
-0.915867
-0.853656
-0.0495996
-0.571663
0.766505
-0.66963
-0.0974261
0.000551464
0.000517744
-0.595948
-0.00169996
0.0012419
-0.597769
-0.243689
-0.426552
0.000610055
0.707355
-0.416078
-0.340877
0.0464549
-0.125529
-0.640701
-0.786951
-0.475078
-0.0433891
1.01381
0.84137
-0.0610597
-0.0747819
0.550938
-0.0257597
-0.633537
0.526806
0.0585644
-0.750204
0.0537207
0.640015
-0.639906
-0.00311265
-0.895642
0.151752
-0.697957
-0.197684
-0.567076
0.0622611
-0.269416
-0.366404
0.692615
0.100269
-0.00534206
0.00327782
-0.00335885
-0.637434
-0.432986
0.639951
0.145353
0.45385
0.0357679
0.442161
-0.00254642
0.580506
-0.0317044
-0.136961
-0.170051
-0.632572
-0.646669
0.123
-0.591897
0.0769512
-0.570235
0.0872034
-0.522087
-0.309243
0.000758882
-0.377489
0.000656063
-0.0673774
0.0745849
-0.509435
-0.513935
0.0737336
-0.508781
0.00130475
-0.638439
-0.635259
0.00340008
0.425137
-0.477158
0.000169833
0.00045753
-0.529565
-0.000233907
-0.00073915
0.637922
-0.00129455
0.639813
-0.00195957
0.223785
-1.13965
0.727297
-0.272302
-0.698684
-0.0174115
0.163616
-0.562283
-0.587833
-0.58882
-0.00661012
-0.590814
0.00254569
0.00496817
-0.604437
-0.699533
0.000679386
0.0561336
-0.646338
-0.6736
-0.283403
0.0894984
-0.538667
-0.224431
0.399852
-0.577112
-0.715927
0.896987
-0.0131858
-0.0388364
0.425006
0.510817
0.559343
0.454466
0.822653
-0.0260029
-0.00233277
0.544943
-0.0438968
-0.609178
0.526644
0.141099
-0.910894
0.355436
-0.63883
-0.00443456
0.473111
0.156672
-0.632896
-0.590842
-0.245649
-0.483699
-0.304828
0.0128603
-0.624914
-0.70754
0.218499
0.0326799
0.00365745
-0.00155164
-0.639539
-0.416468
0.542553
0.0566507
0.480881
-0.00295222
0.611598
-0.0336385
0.569845
-0.0566061
-0.0315725
-0.511502
-0.555242
-0.102572
0.0483238
-0.484419
0.0553627
-0.570309
0.0635111
-0.546543
0.0692791
-0.516781
-0.636071
0.00157146
-0.636544
0.00112902
-0.0685708
0.0673334
-0.508198
-0.508772
0.00939426
-0.51687
-0.636493
0.00145456
-0.63698
0.000893088
-0.637373
0.000563401
-0.63771
0.000102403
-0.00052675
0.639434
-0.00091528
0.421407
0.0497448
-0.390772
0.386645
0.1608
-0.191984
-0.947668
-0.0519133
-0.838754
-0.0417824
0.135336
-0.655836
-0.624647
-0.581786
-0.0292609
-0.533327
-0.0459133
0.0450145
-0.522208
-0.752134
0.000686888
-0.484452
-0.161206
0.323694
-0.76547
-0.675636
-0.424207
-0.475861
0.85995
0.012764
0.415482
0.405632
0.265075
0.575413
-0.508712
1.06806
0.456571
0.831368
-0.000401046
-0.0818582
0.534535
-0.0517884
-0.51931
0.526401
0.134008
0.130855
-0.294729
-0.634961
-0.00542076
-0.542927
-0.0944042
0.276526
-0.179184
-0.488114
0.519704
0.0555287
-0.433375
0.129315
-0.320853
0.0039081
0.0105195
-0.653967
-0.283245
0.540898
-0.00336593
0.62756
-0.0189147
0.640157
-0.10395
0.538643
-0.0607141
0.0663617
-0.59314
-0.00806446
-0.455113
-0.507943
-0.0389191
0.0200482
-0.465548
0.0390164
-0.545814
0.0533202
-0.530584
0.0615388
-0.510986
-0.636496
0.00157426
-0.636965
0.00159852
0.00968507
-0.509063
-0.00287132
-0.495642
-0.532364
0.0169484
-0.637537
0.00146453
-0.638186
0.00121237
-0.638844
0.000760486
6.27853e-05
0.412485
0.00800667
0.389094
0.0472957
-0.241369
0.140905
0.261265
0.221554
-0.186397
-0.0411858
-0.906483
-0.0344826
-0.845457
0.0117442
0.0683239
-0.735904
-0.642164
-0.376224
-0.311853
0.115616
-0.446826
-0.315354
0.0936334
-0.300488
-0.787351
0.000734485
-0.443282
-0.0404831
-0.102717
-0.373843
-0.0768791
-0.620267
-0.486378
-0.177651
1.04812
0.734723
0.333332
0.290065
-0.272849
0.388416
0.0702107
0.484929
0.133349
0.898635
0.820535
0.0364139
0.726612
0.0120647
0.525955
-0.0513425
-0.497911
0.52611
0.105809
-0.437326
0.0702701
-0.0054435
-0.618243
-0.00619914
0.29707
-0.104371
-0.371883
-0.527854
-0.0204933
-0.0989307
-0.483588
0.00401721
0.0483327
-0.706317
0.600082
-0.00365492
0.645974
-0.02178
0.625287
-0.00404454
0.508067
-0.0733744
0.520725
-0.0554834
-0.0934224
-0.538637
-0.00725241
-0.427813
-0.476179
-0.0256207
0.0096511
-0.449578
0.032116
-0.52461
0.0488657
-0.517911
-0.0168114
-0.497046
0.542547
-0.513807
-0.0271411
0.011757
0.0242079
-0.516322
-0.00451322
-0.46692
-0.477944
-0.0343984
-0.447588
-0.029144
0.424792
-0.0122447
-0.022035
0.390892
0.00620844
0.114819
-0.163825
0.189911
0.42338
0.225028
-0.167299
0.240985
-0.130313
0.0418676
-0.94835
0.0355844
-0.839174
-0.752517
0.000751029
-0.271671
0.0877026
-0.551936
-0.467908
0.101015
-0.454207
0.00999703
-0.413202
-0.430826
-0.0117211
0.00881851
-0.423145
0.0317427
-0.564308
-0.548058
-0.110582
0.789901
0.187905
0.587371
0.624716
0.110008
-0.468175
0.563637
0.23787
-0.0251287
0.483755
0.0814394
0.536839
-0.0511516
0.481611
-0.804699
0.715487
0.101277
0.0894349
0.52122
-0.046453
-0.509048
0.525769
0.0890872
-0.584187
0.145409
0.125856
-0.563208
-0.00670212
0.273614
-0.322502
-0.0554835
-0.565096
0.031042
-0.0593245
-0.41149
-0.484322
-0.0197595
-0.711341
0.200875
-0.195851
-0.069022
-0.355518
-0.00681472
0.608353
-0.00484689
0.530404
-0.0263817
0.50752
-0.0601695
-0.0490554
0.514792
-0.0347691
-0.529489
-0.00881776
-0.409344
-0.452881
-0.0229522
0.00632937
-0.432955
0.0306675
-0.506412
-0.0140576
-0.520665
-0.464141
-0.0374184
0.609105
-0.494711
-0.141535
0.104539
0.00420678
-0.366588
-0.457816
-0.071293
-0.434359
-0.0526011
0.416125
-0.0374774
-0.0402695
0.297586
0.132002
-0.159962
0.309249
0.0406232
0.21152
-0.146454
0.21605
-0.142364
0.230359
-0.0870577
0.193167
-1.14152
0.0429453
-0.688952
-0.710301
0.00072876
-0.426439
-0.00363625
-0.122847
0.0875764
-0.516666
-0.48974
0.0645734
-0.508784
0.00118791
-0.405571
-0.423944
-0.0109215
0.0516263
-0.528357
-0.5312
-0.0130471
0.759816
0.424796
-0.107343
0.472448
0.055607
0.557094
0.0369011
0.525341
0.599579
0.0251364
0.55599
0.117655
-0.277573
0.422324
0.0931197
0.0382731
0.526922
-0.00172713
0.487415
0.286285
-0.0822474
-0.026735
0.626314
-0.820419
0.729093
0.192603
0.126846
0.0480106
0.796662
0.51828
-0.0389637
-0.400053
0.525436
-0.0362953
0.622534
0.232415
0.36789
-0.684679
0.112881
-0.357947
-0.0238792
-0.500014
0.0467342
-0.00700859
-0.424241
-0.544982
-0.00638696
-0.00565097
-0.545107
-0.146386
-0.0416064
0.510831
0.547485
-0.0219276
0.534117
-0.0529788
-0.0521506
0.506773
-0.0378552
-0.514586
-0.0100857
-0.392929
-0.432299
0.025878
-0.0268754
-0.431958
-0.340158
-0.119777
0.00892893
-0.529398
-0.51809
-0.0399929
0.506742
-0.388753
-0.259524
-0.200004
0.633416
-0.318933
-0.367084
0.17337
-0.251054
0.511163
0.190197
0.151961
0.421278
-0.169135
0.21995
-0.150354
0.207915
-0.11992
-0.937461
-0.204056
0.305846
-0.731495
-0.263304
-0.405074
0.000619745
-0.425075
-0.000635256
-0.42439
-0.00319093
-0.0836666
0.0755861
-0.508585
-0.508833
-0.00262298
-0.504973
-0.417811
0.00131806
0.0558328
-0.508604
-0.513223
-0.87049
-0.066971
-0.88764
0.0171495
0.018534
0.633938
-0.00779675
0.535852
0.0546772
0.539318
0.036822
0.526792
0.552874
0.0282526
0.477436
0.0625417
0.387912
-0.00850662
0.040023
0.485172
0.407323
-0.00215614
-0.0497568
0.575896
0.684392
-0.0580777
0.746014
-0.0616222
0.906461
-0.160447
0.362532
-0.343711
0.945396
0.0392691
0.685139
0.452861
0.94511
0.131907
0.68329
-0.516012
0.504261
-0.029856
-0.0295396
0.525148
-0.193554
0.169377
0.748177
-0.518134
0.131001
-0.373101
0.00814498
-0.423193
0.0456871
0.545783
-0.0039495
-0.00571091
0.435861
-0.19206
-0.390188
-0.301283
0.219009
0.0471349
-0.0421456
0.499272
0.505815
0.560935
-0.0487463
-0.085533
0.539327
0.0313633
-0.520071
0.0241083
-0.447479
-0.395696
0.0147334
-0.0348087
-0.411883
-0.511256
-0.126611
0.0033801
-0.572771
0.47158
-0.557734
-0.23968
0.538528
-0.309737
-0.0385953
0.323405
0.25613
-0.144589
0.213826
-0.16301
0.207231
-0.14967
-0.839777
-0.0957737
-0.668837
0.000458773
-0.424755
0.000299318
-0.424659
-0.000365529
-0.422411
0.00140949
0.0122386
-0.0265664
-0.494257
-0.499217
-0.508327
0.00467262
0.034374
-0.516234
-0.500797
0.523465
-0.325293
0.164361
-0.848508
-0.0582405
-0.307893
0.0595931
0.566549
0.0523634
0.538165
0.049473
0.526667
0.0893548
0.47746
0.48538
0.0203095
0.432915
0.0175386
0.401399
-0.00258258
0.0315228
0.451493
0.467139
-0.0315164
-0.207906
0.725724
-0.104374
0.363607
-0.407557
0.209588
-0.127325
0.667539
-0.00343752
-0.599656
-0.151613
-0.092563
0.394545
0.682471
0.431326
0.416079
0.588438
0.154445
-0.0851494
0.685853
-0.521717
0.485481
0.00638027
-0.0261086
0.0297378
0.524885
0.486811
-0.0434761
-0.392375
0.100183
-0.367519
0.0401052
0.598805
-0.0418187
-0.202906
0.282829
-0.271983
-0.252481
0.234028
-0.321523
0.148158
-0.0990512
0.519333
-0.00848757
0.408708
0.575516
-0.0849354
0.0268915
-0.532229
0.0401958
-0.484294
-0.390309
-0.0453843
-0.0721984
-0.2943
0.671495
-0.541343
-0.369832
-0.0278869
0.24535
-0.47968
0.162259
-0.458251
0.469771
-0.252236
0.260113
-0.190876
0.216131
-0.171911
-0.764789
0.000178745
-0.424749
0.000453189
-0.424919
0.000559149
-0.424245
0.00146816
-0.527626
0.0207084
0.00412406
-0.0117465
-0.486635
-0.49042
0.0523961
-0.541738
-0.460147
-0.436388
0.292855
-0.822835
-0.000194639
-0.0794834
0.144266
0.523654
0.539429
0.0612388
0.5264
0.140194
0.475828
0.0746784
0.434305
0.446754
0.00647081
0.421925
-0.00298687
0.0168821
0.432028
0.42062
-0.00538264
0.297179
0.0190669
0.604567
0.0562194
-0.315518
0.0887186
-0.424692
-0.0181506
0.582165
0.0189638
-0.52364
-0.0526649
-0.0340377
0.241961
0.594955
0.572891
0.400101
0.33912
0.190864
0.524727
0.438072
0.0402514
-0.630726
0.378801
0.258305
-0.131949
0.479841
-0.144516
-0.072419
-0.0529406
0.525461
-0.339801
0.0724653
0.584487
-0.0507899
0.242694
0.0698096
-0.221892
0.212105
-0.262418
0.174923
-0.297166
0.105523
-0.660973
0.413099
0.197084
-0.226575
0.269712
-0.087579
-0.0175811
-0.560032
0.146238
-0.65842
-0.316269
-0.137008
-0.47356
0.247653
-0.455226
0.268312
-0.27822
0.193665
-0.383604
0.23342
-0.225543
0.219788
-0.194532
-0.424823
0.000252723
-0.425175
0.000709352
-0.425131
0.00144535
-0.557161
0.0310028
-0.0496437
-0.0710467
-0.365944
-0.519356
0.143597
-0.702917
-0.387596
-0.529218
-0.000761518
-0.424833
-0.000184777
-0.074542
0.525777
0.526125
0.16662
0.499974
0.181991
0.368516
0.0308719
0.420315
0.431761
-0.00336555
0.00502438
0.424017
0.430059
-0.00368086
0.453017
-0.00389057
0.513129
-0.0038929
-0.439105
-0.00139434
-0.455169
-0.00208724
0.535805
-0.00371215
-0.505079
-0.00275466
-0.00331147
0.238915
0.52484
0.525095
-0.203385
0.596163
-0.288918
0.516721
0.0419094
0.061575
0.418394
0.101698
-0.36528
0.479069
-0.189628
0.199509
0.515579
-0.358121
0.206038
-0.236653
0.18634
-0.257248
0.135005
-0.196076
0.251054
-0.245073
0.246081
-0.087305
0.358953
-0.13831
-0.558731
-0.024263
-0.386504
-0.128398
-0.369426
0.116004
-0.377566
0.228649
-0.273449
0.158331
-0.313287
0.217592
-0.223347
-0.425358
0.000435005
-0.425656
0.00123494
-0.556065
0.000349889
-0.0955152
-0.658025
-0.583868
-0.162849
-0.678377
-0.424764
-0.000830468
-0.425461
-8.1486e-05
0.179382
0.513364
0.515531
0.173888
0.508076
-0.00405211
0.403439
0.00595126
0.419388
0.421548
-0.000896864
0.421216
-0.00334907
0.421624
-0.00429812
0.422291
-0.00456016
-0.424525
-0.00163318
-0.424127
-0.00248572
0.422972
-0.00439318
-0.423597
-0.00328452
-0.00393617
0.208105
0.516499
0.529561
-0.250831
0.481714
-0.343872
0.277011
0.108771
0.136096
0.135959
0.444809
-0.127436
0.317142
-0.188443
0.198129
0.505894
-0.23295
0.202336
-0.227571
0.156662
-0.209341
0.227444
-0.216526
0.253266
-0.136052
0.278479
-0.213458
-0.473671
0.00441512
-0.274915
-0.0970579
-0.267953
0.0853599
-0.304595
0.192198
-0.248056
0.142197
-0.263286
-0.426013
0.000792032
-0.51476
-0.0400704
-0.105063
-0.715812
-0.688581
-0.492832
-0.399003
-0.425429
-0.000862813
-0.426236
0.000140755
0.179718
0.507534
0.506806
-0.017269
0.521293
-0.00482211
0.414213
0.419988
-0.00149694
0.420848
-0.00420952
0.421776
-0.00522593
0.422669
-0.00545344
-0.425206
-0.00185625
-0.424789
-0.00290192
0.423488
-0.00521175
-0.424207
-0.00386709
-0.00465512
0.212534
0.502093
0.491263
0.133704
0.483969
-0.398462
0.379796
0.182444
-0.115349
0.296438
0.0171264
-0.0030235
0.491791
-0.204125
0.178891
-0.183722
0.207041
-0.161077
0.23062
-0.12763
0.245032
7.48928e-05
-6.1191e-05
6.43197e-06
-2.01523e-05
-0.190801
-0.379927
0.00413133
-0.193686
-0.0748449
-0.188977
0.0716922
-0.23409
9.53061e-05
0.000135509
-0.000155935
-0.510883
-0.00308464
-0.401814
-0.326838
-0.119658
-0.246265
-0.349889
-0.275346
-0.337144
-0.225981
-0.363822
-0.426252
-0.000846937
-0.499432
-0.0113109
0.0244372
0.499495
0.514702
-0.0224165
0.538887
0.418383
-0.00566687
0.420583
-0.00640963
0.422081
-0.00672399
0.42316
-0.00653293
-0.42602
-0.00208802
-0.425552
-0.00336997
0.424104
-0.00615575
-0.424911
-0.00450808
-0.00546161
0.0692573
0.55571
0.568327
0.156846
0.509567
-0.0614313
0.325878
-0.086454
0.255263
-0.0258756
0.231744
0.362458
0.0351368
0.430778
-9.53787e-06
9.36172e-05
-0.000145284
-4.60614e-05
5.23575e-05
1.34637e-07
-0.154085
-0.300688
0.00312088
-0.125115
-0.0618788
-0.123977
1.01778e-05
0.000540307
-0.000455188
-2.49957e-05
0.000114436
0.00130402
0.00363808
-0.00493194
0.16447
-0.569368
-0.408633
-0.30314
-0.322095
-0.247649
-0.315476
-0.20715
-0.310756
-0.494358
-0.00592072
-0.477788
-0.102891
0.0432889
0.491343
0.535574
0.54282
-0.00959963
0.498823
0.0375875
0.451361
0.0407383
0.423186
0.0216419
-0.487128
-0.00931794
-0.451293
-0.0392052
0.413278
0.00375264
0.421769
-0.0139534
-0.0340314
0.315115
0.39744
0.100711
0.347424
-0.0221336
0.261557
0.256946
0.289914
0.0331717
0.0986368
0.23065
0.110111
0.353838
-1.36093e-05
-7.93672e-05
8.34369e-05
9.71576e-05
4.88087e-05
-0.000103995
0.000106538
-2.42904e-06
-0.132812
-0.229754
-1.38588e-06
0.000516697
-7.70763e-05
8.74975e-05
0.00163014
0.0008523
-0.00117845
0.000977146
0.00265953
-0.423041
-0.288732
-0.284006
-0.285739
-0.240816
-0.28181
-0.182706
-0.260863
-0.489685
0.00597591
-0.175496
-0.350436
0.106406
0.495049
0.63238
0.485379
0.184589
0.432053
0.0940646
0.406674
0.0470211
-0.550904
0.0519009
-0.43251
-0.157599
0.39705
0.0133765
0.401725
-0.0186291
-0.064816
0.176548
0.321604
0.0620947
0.263195
0.135663
0.21992
0.190651
0.27581
0.12803
0.238282
0.207109
0.274759
5.35239e-05
-0.000556346
0.00048921
8.94091e-05
-7.16134e-05
0.000137877
1.74442e-05
-0.00012581
0.000126673
-3.30529e-06
-0.00160443
-0.00480942
0.00646734
0.00188352
0.000714568
-0.000967964
-7.3148e-06
0.000446927
-9.8383e-05
6.00574e-05
0.0012351
0.000594317
0.000749675
0.00190254
-0.303869
-0.268868
-0.270014
-0.256541
-0.217
-0.247516
-0.16607
-0.313295
-0.51053
-0.402429
-0.0562011
0.42772
0.274438
0.416055
0.196254
0.394942
0.115178
0.378477
0.0634869
-0.296146
0.0732557
-0.179538
-0.364019
-0.0897261
0.368877
0.0229756
0.365378
-0.0151302
-0.0634568
0.125419
0.258279
0.170351
0.240219
0.15382
0.247409
0.182684
0.22595
0.237732
0.219711
6.21458e-05
-0.000529079
0.000125101
-5.88692e-05
0.000146588
-2.49007e-06
-0.000127936
0.00012867
-4.0635e-06
-0.00211743
-0.00093577
0.00144872
-0.00123098
-0.00351631
0.00217156
0.000932488
-0.00122056
0.00143493
0.000514735
-8.25582e-06
0.000356794
-0.000103854
3.59556e-05
0.000950647
0.000393314
0.000577352
0.00131692
-0.303851
-0.235031
-0.249878
-0.223663
-0.420059
-0.197087
-0.355287
-0.120973
-0.212814
-0.0692167
0.311498
0.200672
0.346315
0.161437
0.348398
0.113095
0.341978
0.0699064
-0.29124
-0.101112
-0.303098
-0.0778682
0.333107
0.0318469
0.322835
-0.00485859
-0.0437198
0.162831
0.231208
0.1822
0.20658
0.223651
0.17826
-0.00259692
-0.000956946
0.00143664
4.95308e-05
-0.000453533
0.000134631
-4.69322e-05
0.000139025
-1.28734e-05
-0.000120264
0.00011975
-3.59084e-06
-0.00159317
-0.000573562
-0.000955188
-0.00251162
0.00240517
0.000681867
-0.000915489
0.00166803
0.000699362
0.00109972
0.000365667
-7.06787e-06
0.00026
-0.000100528
1.61852e-05
0.000732018
0.000238629
0.00045052
0.000859334
-0.289876
-0.195033
-0.31411
-0.172853
-0.283403
-0.15168
-0.230475
-0.122145
0.268684
0.155639
0.29704
0.133081
0.306626
0.103509
0.305408
0.0711245
-0.242936
-0.0886505
-0.264762
-0.0560427
0.297548
0.0397067
0.28456
0.00812977
-0.023922
-0.00335951
-0.00179785
0.00256057
-0.00193131
-0.000618775
3.3184e-05
-0.000352104
0.000129345
-3.72933e-05
0.000123221
-1.63937e-05
-0.000105334
0.00010508
-3.38629e-06
-0.00120618
-0.000322576
-0.000749781
-0.00172866
0.00260695
0.000961111
-0.00116291
0.00185402
0.000495866
0.00129439
0.000504666
0.000849223
0.000248451
-5.04869e-06
0.000164505
-9.24042e-05
3.21528e-06
0.000568591
0.000120446
0.000352925
0.000501358
-0.00443951
-0.00304161
0.00412172
-0.0025089
-0.00122014
-0.00143353
-0.000391344
1.90503e-05
-0.000241847
0.000114406
-2.85524e-05
0.000100759
-1.21255e-05
-7.91772e-05
7.57907e-05
-0.000917467
-0.000154853
-0.000590291
-0.00111933
0.00256898
0.00014541
-0.000107447
0.00204713
0.000767983
0.00143349
0.000356778
0.00100292
0.000350947
0.000653843
0.000163288
-2.85407e-06
7.49334e-05
-7.5962e-05
0.000436947
3.62503e-05
0.000276915
0.000221589
-0.005743
-0.00497825
0.00628101
-0.00340477
-0.00214573
-0.00186104
-0.000792588
-0.00107337
-0.000235411
9.33285e-06
-0.000136842
9.10987e-05
-1.89632e-05
6.36652e-05
-0.000697464
-4.76226e-05
-0.000466634
-0.000643363
0.000829259
-0.00662298
0.00836268
0.00203489
0.000157659
0.00160953
0.000591904
0.0011129
0.000246794
0.00077949
0.000225181
0.000503837
9.6517e-05
-1.02862e-06
0.000325838
-1.29093e-05
-0.00780072
-0.0118301
0.0138883
-0.00458137
-0.00380206
-0.00256764
-0.00143901
-0.00137123
-0.000494613
-0.000795261
-0.000137603
2.39761e-06
-4.82049e-05
4.47019e-05
-0.000529382
1.52548e-05
-0.000364455
-0.00027651
-0.000244988
-0.00288118
0.00395539
0.000583722
-0.00517184
0.00161907
0.000148145
0.00127451
0.000430272
0.000862214
0.000164165
0.000600854
0.000127983
0.000374862
4.76479e-05
0.000207651
-0.00022056
-0.00668264
0.00453961
-0.00565524
-0.00650445
-0.00990575
-0.00360467
-0.00276721
-0.00191028
-0.000899961
-0.00100914
-0.000280574
-0.000592254
-7.47282e-05
-3.503e-06
-0.000385381
3.63523e-05
-0.000480486
-0.000165182
0.0004007
-0.000271569
-0.0020259
0.000392786
-0.00394559
0.00128787
0.000134786
0.00100594
0.000286398
0.000669966
9.51804e-05
0.000453949
4.86544e-05
0.000255298
-0.00628176
-0.00101976
0.000620119
-0.00559146
0.00363107
-0.00543709
-0.00806999
-0.00281633
-0.00186032
-0.00138594
-0.000523155
-0.000730356
-0.000142149
-0.000430304
-2.98004e-05
-0.000243661
0.000280013
-0.000466278
4.74988e-05
-6.17152e-05
-0.000414857
-2.19035e-05
-0.000278525
-0.00135458
0.000248956
-0.00290669
0.00102026
0.000120593
0.000787793
0.000168361
0.000504591
4.47093e-05
0.000303953
-0.00465462
0.00833662
-0.00996268
-0.00531575
-0.00129618
-0.00466223
0.00286677
-0.00451711
-0.00636691
-0.00216466
-0.00109148
-0.000978403
-0.000275228
-0.000519203
-5.28473e-05
-0.00027346
-0.000282045
0.000728854
-0.000913099
-0.000400546
3.31812e-05
-0.000351997
5.15466e-05
-0.000271018
-0.000834622
0.000139952
-0.0020265
0.000806484
0.000102083
0.000605591
6.7074e-05
0.000348662
-0.0029427
0.00703379
-0.00874886
-0.00386589
0.00688948
-0.00448329
-0.00148164
-0.00386406
0.00221672
-0.0037706
-0.00474829
-0.00160713
-0.000474009
-0.000668917
-0.000125674
-0.000326308
2.56705e-06
0.00100962
-0.00129423
-0.000237735
0.000566027
-0.000340765
2.19606e-05
-0.000294386
7.49062e-05
-0.000253152
-0.000441423
5.49614e-05
-0.00127517
0.000640998
6.69342e-05
0.000415736
-0.00145864
0.00434942
-0.00583516
-0.00236686
0.00553187
-0.00318447
0.00559637
-0.00379832
-0.00154785
-0.00319596
0.00168796
-0.00314481
-0.00319209
-0.00111743
-4.02155e-05
-0.000452009
0.000294649
0.00103434
-0.00132641
2.07904e-06
0.000769799
-0.000198809
0.000424038
-0.000288217
1.57811e-05
-0.000242796
6.44525e-05
-0.000227039
-0.000159301
-2.49409e-05
-0.000609433
0.00048267
-5.69806e-06
0.00490456
-0.00635811
-0.00119378
0.00317583
-0.00189371
0.00423314
-0.00263634
0.00443569
-0.00323865
-0.00154944
-0.00261841
0.00122039
-0.00261968
-0.00166475
-0.000492174
0.000486266
0.000761625
-0.00095322
0.000247403
0.000789012
1.66426e-06
0.000569331
-0.000165217
0.000301019
-0.000240338
1.34043e-05
-0.0001988
3.60584e-05
-0.00019054
6.43761e-06
-0.000126762
0.00140305
0.00474727
-0.00615645
-5.6197e-06
0.00371556
-0.000976262
0.00225814
-0.00150828
0.00310229
-0.00216112
0.00339077
-0.00283945
-0.00139546
-0.00208146
0.000768018
-0.00215664
0.000494508
6.77476e-06
-1.49845e-05
0.0004176
0.000591433
0.000206652
0.000584001
1.32459e-06
0.000402768
-0.000136574
0.000197138
-0.000198101
1.28221e-05
-0.00015938
4.70675e-06
-0.000120325
0.00278374
0.00405232
-0.0054336
0.00115504
0.00358674
-4.20872e-06
0.00274274
-0.000798678
0.00154791
-0.0012
0.00210752
-0.00177678
0.00238153
-0.00256108
-0.00099938
-0.00138877
0.000254662
-0.000212254
0.000452099
0.000423946
4.40288e-07
0.000354458
0.000443644
0.000171601
0.000413717
1.05562e-06
0.000265211
-0.000111436
0.000110274
-0.000157449
1.10314e-05
-0.000115618
0.00446981
0.00671935
-0.00840681
0.00224554
0.00296147
0.000943474
0.00263919
-3.18259e-06
0.00194626
-0.000650754
0.00100032
-0.000949258
0.0012315
-0.00143823
0.00134118
-0.00238787
-0.00079153
-0.00280474
0.00385109
0.000275889
-6.41838e-05
0.000358223
-3.3388e-06
0.000300177
0.00031506
0.000141847
0.000272827
8.37975e-07
0.000153029
-8.89689e-05
4.15396e-05
-0.000104587
0.00630675
0.00838175
-0.0102208
0.00371776
0.00524759
0.00179762
0.00210692
0.000770514
0.00186561
-2.45449e-06
0.00129474
-0.000531293
0.000584063
-0.000755402
0.000460275
-0.00104702
-0.0024781
-0.00643023
0.00811681
-0.000555972
-0.00197281
0.000278661
1.54112e-05
0.000299351
-2.50195e-06
0.000250627
0.000206359
0.00011602
0.00015748
6.70871e-07
6.35104e-05
-6.30472e-05
0.00671207
-0.000193978
-0.000208176
0.00533121
0.0067658
0.00308101
0.00396709
0.00144052
0.00143676
0.000629517
0.00123547
-2.10647e-06
0.000760058
-0.000426952
0.000258084
-0.000586739
-0.00253987
7.8824e-05
-1.68408e-05
-0.00196895
-0.0050172
-0.000374567
-0.00131958
0.000269187
4.5583e-05
0.000247005
1.02098e-06
0.00020688
0.000115606
9.26273e-05
6.53078e-05
4.62944e-07
0.00785438
0.00461091
-0.0057532
0.00563403
-0.000493874
0.00449613
0.00534602
0.00254563
0.00286262
0.00114131
0.000923022
0.000512361
0.000723828
-2.17446e-06
0.000326347
-0.000328671
-0.00232858
0.000984513
-0.00119562
-0.00199233
0.000102279
-0.00156629
-0.00382537
-0.000237469
-0.000812847
0.000250556
4.21459e-05
0.000201797
5.96032e-06
0.000164036
4.4335e-05
6.5771e-05
0.00573358
-0.0119761
0.0140964
0.0065487
0.00369343
0.00469139
-0.000681936
0.00378262
0.00410728
0.00210012
0.00192234
0.00090446
0.000528242
0.000410772
0.000315437
-2.31625e-06
-0.00208761
0.000680948
-0.000921741
-0.00179529
0.000787554
-0.00157163
0.000107623
-0.00124613
-0.00281665
-0.000134047
-0.000428406
0.000223452
2.06624e-05
0.000161429
8.39366e-06
0.000110106
0.00444503
-0.00492035
0.00620895
0.0045684
-0.00999605
0.00546039
0.00291894
0.00389944
-0.000795472
0.00319921
0.00298894
0.00171848
0.00113595
0.000708848
0.000225907
0.000313112
-0.00182694
0.000860643
-0.00112113
-0.00161048
0.000496214
-0.00138873
0.000604768
-0.00124318
0.000104733
-0.000986484
-0.0019639
-5.19927e-05
-0.000153139
0.000185756
-3.45368e-06
0.0001185
0.00339893
-0.00293358
0.00398016
0.00340831
-0.00376064
0.00361252
-0.00814844
0.00454067
0.00227639
0.00322693
-0.000793404
0.00270019
0.00198172
0.00137906
0.000511084
0.00053914
-0.00158938
0.000658276
-0.000895719
-0.0013913
0.000641563
-0.00124714
0.000354669
-0.00107594
0.000437587
-0.000980055
9.81494e-05
-0.000784728
-0.00123069
2.49113e-05
7.50548e-06
0.000115046
0.00260984
-0.001909
0.00269865
0.0025514
-0.00207625
0.00258193
-0.00273035
0.00281732
-0.00642548
0.00376709
0.0017116
0.00266695
-0.000721242
0.00232359
0.000992559
0.00105002
0.00124427
-3.14673e-05
0.00338802
-0.00460073
0.000895686
-0.00124067
-0.00120852
0.000475538
-0.0010717
0.000466235
-0.000967073
0.000245901
-0.000838
0.000295792
-0.000773168
8.63972e-05
-0.000618627
-0.000586633
0.000122552
0.00211583
-0.000988499
0.00148293
0.00194126
-0.00129865
0.00188948
-0.00138326
0.00191265
-0.00182617
0.00216596
-0.00482381
0.00314594
0.00120018
0.00215934
-0.000498594
0.00204276
-6.57083e-05
0.000593978
-0.000559693
0.000938963
-1.87821e-05
0.00246787
0.000626191
-0.000933427
0.000337276
-0.000827429
0.000326686
-0.000756085
0.000163921
-0.00064759
0.000170605
-0.000591474
5.89713e-05
-0.000464081
0.00163678
-0.00087618
0.00135546
0.00159559
-0.000642565
0.00144403
-0.000853131
0.0013977
-0.000867778
0.00139461
-0.00105636
0.00160529
-0.00328283
0.00264177
0.000663121
0.001544
-0.00490442
-7.46426e-05
0.00661601
-5.77346e-05
0.000172969
-0.000180859
3.09756e-05
0.000544244
0.000719998
-1.48178e-05
0.0017627
0.000412841
-0.000718577
0.000228472
-0.000636734
0.000207593
-0.000582143
9.8453e-05
-0.000489242
6.89094e-05
-0.000405109
0.00125121
-0.000531738
0.00121079
-0.000408974
0.00108002
-0.000535091
0.0010253
-0.000496723
0.000985524
-0.000438989
0.00110583
-0.00174662
0.00220712
-0.00358373
-6.94222e-05
3.14695e-05
-0.000556527
0.000450498
-6.77202e-05
6.09094e-05
-5.08217e-05
5.22153e-05
0.00015177
6.95202e-05
0.000459943
0.000557637
-1.24341e-05
0.00121751
0.000251948
-0.000558266
0.000149874
-0.000487932
0.000113808
-0.000436666
4.5851e-05
-0.0003362
1.79462e-05
-0.000142987
0.00015662
0.000147811
-0.000197471
0.000968038
-0.000289015
0.000919598
-0.000248299
0.000801679
-0.000312339
0.000748365
-0.000256949
0.000672747
-9.00932e-06
0.000460498
-0.00256036
-5.52948e-05
-8.51698e-05
-0.000540702
5.29397e-05
6.02258e-05
0.000102715
0.000118636
8.56588e-05
0.000361881
0.000434089
-1.09467e-05
0.000794374
0.000127986
-0.000431514
9.32983e-05
-0.000364773
4.24793e-05
-0.000290348
-0.000101961
-0.000126127
9.88406e-05
0.000760352
-0.000129649
0.000700472
-0.0001461
0.000598102
-0.000162997
0.00053206
-0.00011288
0.000451496
-0.00176277
-3.72046e-05
-0.000127826
-0.000468079
0.000110088
5.29149e-05
0.00012093
8.34145e-05
8.9619e-05
0.000261356
0.000341438
-1.00024e-05
0.000462942
3.82484e-05
-0.00031958
4.7903e-05
-0.000247869
-0.000150276
-0.000103602
5.87135e-05
0.00059883
-2.85825e-05
0.000529737
-7.62052e-05
0.000432229
-6.43119e-05
0.000338613
-0.00114233
-2.16011e-05
-0.000139737
-0.000365457
0.00013148
4.24113e-05
0.00012176
5.13388e-05
8.72297e-05
0.000164193
0.000267636
-9.25245e-06
0.000204561
-1.32418e-05
-0.000199965
-0.000161738
-8.15363e-05
2.85044e-05
0.000476055
2.43745e-05
0.000386304
-2.83813e-05
0.000274305
-0.000655432
-1.08393e-05
-0.000134849
-0.000252096
0.00013391
3.03224e-05
0.000112621
2.60578e-05
8.01055e-05
7.49247e-05
-0.000213206
-0.000153437
-6.28682e-05
9.03875e-06
0.000369333
4.03917e-05
0.000245922
-3.05728e-06
-0.000283043
-0.000120063
-0.000142691
0.000125002
1.80403e-05
9.94663e-05
6.82637e-06
6.62799e-05
8.64535e-06
-0.000137134
-4.56679e-05
-2.99473e-06
0.000286313
-9.5421e-05
-5.01546e-05
0.000109481
8.1431e-06
7.31064e-05
-0.000113567
-2.73949e-05
-6.97147e-06
-4.68835e-05
-3.27079e-06
8.12497e-05
-7.42782e-05
0.191863
-0.247346
-0.251732
0.164675
-0.0598698
-0.232561
0.172691
-0.0453836
-0.187178
0.157604
-0.202988
-0.0460329
-0.201313
-0.233211
-0.225192
-0.264408
0.144489
-0.0997338
-0.243992
0.144259
-0.0713009
-0.226628
0.155327
-0.0690238
-0.185745
0.116721
-0.033982
0.135608
-0.101626
-0.120844
0.0868621
-0.0289056
-0.0919385
-0.112622
0.0837165
-0.0367044
-0.0759178
-0.0457919
-0.139953
0.10717
-0.152962
-0.0277283
-0.175259
-0.167682
-0.0302413
-0.202969
-0.205501
-0.00407999
-0.221112
-0.207049
-0.212967
-0.0893024
0.052598
-0.0409569
-0.0483455
-0.264998
0.115329
-0.12051
-0.244104
0.123594
-0.0998457
-0.213113
0.113268
-0.0577864
-0.189419
0.131633
-0.0726975
-0.163227
0.0905298
-0.0560569
0.0795514
-0.0620775
0.141629
-0.126502
0.064424
-0.0396394
-0.112119
0.0724796
-0.0284025
-0.102672
0.0742698
-0.0500743
-0.024632
-0.12833
-0.126258
-0.0128376
-0.113421
-0.104776
-0.00264894
-0.102127
-0.0785667
-0.119524
-0.0181405
-0.149541
-0.146471
-0.0286622
-0.176839
-0.178204
0.00382902
-0.210878
-0.17301
0.0285518
-0.241519
-0.182327
-0.201414
-0.0798155
-0.0397082
0.0200031
-0.0998187
0.0484154
-0.0984897
0.0707228
-0.0223075
0.0911476
-0.0711445
0.0428021
-0.0556876
-0.262043
0.0901319
-0.146714
-0.239828
0.0931141
-0.116234
-0.212641
0.0964072
-0.0993734
-0.191954
0.0925806
-0.0603215
-0.168987
0.108665
-0.0784571
0.0631717
-0.0638345
0.127006
-0.137833
0.0739986
-0.0734092
-0.122851
0.0494421
-0.0503717
-0.0952122
0.0448405
-0.0209424
-0.0821931
0.0612506
-0.0114702
-0.048605
0.0371348
0.0525864
-0.0748939
0.00398143
0.00104358
-0.147514
-0.112377
0.0235949
-0.135972
-0.0785323
-0.118241
-0.0011559
-0.177048
-0.14867
0.0133146
-0.186324
-0.163733
0.0379813
-0.220308
-0.148343
0.248476
-0.17601
0.0470617
-0.173246
-0.0148997
-0.103341
-0.114718
-0.0110628
-0.103656
0.0755662
-0.086629
0.00442166
-0.0759259
0.001032
0.02209
-0.0777776
-0.0538359
0.0714366
-0.0670149
-0.00634103
-0.253487
0.0589541
-0.163355
-0.228927
0.0655718
-0.135812
-0.20467
0.0688576
-0.108263
-0.184613
0.0763506
-0.0920328
-0.160548
0.0685155
-0.051883
-0.141324
0.0894413
-0.0143181
0.120066
-0.0460676
0.105748
-0.116773
0.0707058
-0.0673313
-0.115516
0.048185
-0.0706757
-0.00942513
-0.0557626
0.0463374
-0.072536
0.0167734
-0.0354013
-0.0600825
0.0246813
-0.0561011
-0.0527446
0.0537766
0.00210817
-0.0548528
-0.00232446
-0.057162
0.0592701
0.0182877
-0.166958
-0.117684
-0.00297412
-0.11471
-0.106315
0.255918
-0.150395
0.0799071
0.0252297
-0.188963
-0.141728
0.0438494
-0.192192
-0.145113
0.225796
-0.145889
0.05255
-0.139642
0.264258
-0.129254
0.113864
0.0180444
-0.124359
-0.0856113
0.0289853
-0.114597
0.0244535
-0.0489822
0.0245286
-0.0327084
0.00320853
-0.0521907
0.101402
-0.0724171
0.0147734
0.0728435
-0.0580702
0.00582856
0.0768393
-0.0831803
0.0230034
0.0318495
-0.0645579
0.0559278
-0.0500993
-0.0272525
-0.248878
0.0255309
-0.189924
-0.223643
0.0337196
-0.158072
-0.196062
0.0379907
-0.127205
-0.172817
0.0456124
-0.0964666
0.153368
-0.0848522
0.056901
-0.161665
0.076813
-0.0722239
-0.138398
0.0661737
-0.0326496
0.109043
-0.038337
0.0763932
-0.100369
0.0620322
-0.0521843
-0.0799819
0.0277976
0.0771997
-0.0308623
-0.00278222
0.0540252
-0.0508167
0.0319683
0.022057
0.0564969
-0.0710022
0.0401399
-0.0542288
-0.0723576
0.0181288
-0.0476763
-0.0580955
0.055771
0.0011746
0.00809471
0.0388237
0.0176732
0.0399983
-0.0061094
-0.0191156
0.025225
0.0238966
-0.000571346
-0.0233253
0.0177872
0.0121366
-0.00335676
-0.00877982
-0.0162499
0.0156786
0.00269389
-0.0189439
-0.00740606
0.0100999
0.00473051
0.0115898
-0.153318
-0.103121
0.0387136
-0.141834
-0.0856458
0.229308
-0.115445
0.0834192
0.0329453
-0.178059
-0.120373
0.198448
-0.115029
0.0588058
-0.119253
0.251045
-0.0943825
0.121791
0.226956
-0.105165
0.111512
0.0407125
-0.126358
-0.0738842
-0.0874702
0.015053
0.0215257
-0.0954099
-0.0659445
0.0114484
-0.0305641
0.0354993
-0.0240509
-0.0366006
0.0554104
-0.0188099
0.0064216
-0.0430222
-0.0443951
0.00266776
-0.0672257
-0.0495229
0.00394857
-0.0534715
-0.0404466
0.070772
-0.05718
-0.013592
-0.0641263
0.0791792
0.00664571
0.021109
0.0721531
-0.0510441
0.0220538
0.0588917
-0.0368379
0.0316392
-0.0355865
-0.00193552
-0.0286286
-0.0252609
0.00067561
-0.000695751
0.00424284
-0.0295037
-0.014701
-0.0180578
-0.000737364
0.00380714
-0.00306977
-0.00951719
-0.000399329
-0.00911787
-0.0184572
-0.236574
-0.0114818
-0.211043
-0.219932
0.00888898
-0.186212
-0.198001
0.0117885
-0.16001
-0.187758
0.0277481
-0.142146
-0.15764
0.0154938
-0.100739
0.131116
-0.0543026
0.0303769
-0.1418
0.087497
-0.0756259
-0.107037
0.0314108
-0.0306435
0.0858927
-0.0544819
0.100904
-0.0388722
0.0702608
-0.0723356
0.0334633
-0.085208
0.0128724
-0.0574104
-0.0723156
0.0149052
0.0750978
-0.0349579
-0.0291812
0.0512382
0.0262292
0.0183448
0.0318119
-0.0501567
0.0445739
0.0340527
0.0171855
0.0517259
-0.0636763
0.0287185
-0.0455476
0.0603856
-0.0522909
0.014838
0.0288784
0.0228475
0.0688766
0.0165858
-0.000341707
0.0321536
-0.00176301
0.026988
-0.0337363
0.0333946
0.000870746
0.0261172
-0.0148165
0.0156872
0.0201193
-0.00233213
0.00530288
0.000277661
0.00039795
0.000121723
0.0167767
-0.00109812
0.0144445
-0.00109094
0.00148889
0.00271619
0.00744669
-0.0100964
0.00899831
-3.50055e-06
0.00745017
0.0348334
-0.155207
-0.107001
0.0330106
-0.140012
-0.0933477
0.196878
-0.0853656
0.0818485
0.188053
-0.106205
0.0688004
-0.0864062
0.240688
-0.061797
0.146305
0.2184
-0.0720947
0.113234
0.188542
-0.0753075
0.103176
0.0370175
-0.130365
0.10269
-0.0656726
0.00728012
0.0830769
-0.0757968
0.0171324
-0.0400477
-0.0788791
0.00308226
0.0275809
-0.0463908
0.0225757
-0.0466267
0.00801112
-0.0366398
-0.0386156
0.00575549
-0.0487776
-0.0406353
-0.00416997
-0.0446077
-0.0446165
0.0484555
-0.0885032
-0.0193839
-0.0252326
0.0233299
-0.0589164
0.0301416
-0.0495256
0.0665284
-0.018073
0.0529364
0.0595296
-0.0065932
0.0661753
0.0850706
-0.0188952
0.0340264
0.0648391
-0.0308126
0.0280011
-0.0309153
-0.00138239
-0.0352574
-0.0308861
-0.00549817
-0.0297592
-0.00047845
-0.000217295
-0.00354823
-0.000362576
-0.00609185
-0.0247943
0.0167357
-0.0228275
-0.00172147
0.00936916
-0.0110906
-0.000251288
-0.00329693
-0.21805
-0.0452361
-0.229532
-0.177288
-0.0568013
-0.222525
-0.215219
-0.0143123
-0.20633
-0.198801
-0.00752932
-0.187013
-0.178645
-0.00836774
-0.150897
-0.162409
0.0115125
-0.146916
-0.104337
0.134714
-0.01684
-0.0122016
-0.124833
0.107993
-0.0389407
-0.109674
0.0551922
-0.0394133
0.0358456
-0.0752589
-0.0744302
0.0354894
-0.019238
-0.0473232
0.0831688
0.0880453
-0.054582
0.0127865
0.0618811
-0.0490947
0.0145579
-0.0643859
0.00980389
-0.0515135
-0.0691471
0.0176336
-0.0542419
-0.0697034
0.0154615
-0.040985
-0.0272099
0.0443955
0.017364
0.0133532
0.0188004
0.0307172
0.0335645
0.010831
0.0564119
-0.0702514
0.0292664
-0.0554134
0.048444
0.00796789
0.0650298
0.00961639
0.0124529
0.0209417
0.0312533
-0.00397622
0.0249179
0.0227246
0.00339258
0.0187484
0.0162494
-0.000562237
0.019642
0.0132044
0.00124009
-0.0185073
0.0179451
-0.000333466
0.00115542
0.00861964
0.000378666
0.00985973
-0.00367363
0.00405229
0.00377652
-0.0484115
-0.0819539
0.0669833
-0.15339
-0.0730285
-0.12144
0.168917
-0.0657406
0.0627121
-0.0906776
0.0216741
-0.103628
0.231335
-0.0242933
0.169538
0.205305
-0.0357679
0.133211
0.178736
-0.0455256
0.103429
0.156305
-0.052876
0.0905642
0.219131
0.0114887
0.194838
-0.194077
0.205565
0.0509553
-0.17142
0.222375
0.0838428
0.092068
-0.0640748
-0.0279932
0.113742
0.0480694
-0.0308097
-0.0685927
-0.0199106
-0.0655105
-0.0538542
-0.0116563
-0.084664
0.0405201
-0.0460183
0.00190447
-0.0387308
0.0284367
-0.0536693
0.0161709
-0.0549018
0.0418008
-0.0617114
0.0670654
-0.0252647
0.0489925
-0.0333295
-0.0203398
0.0380655
-0.0689807
0.01146
-0.0447895
0.0584551
-0.00946265
0.0518619
0.0638647
-0.0120027
0.0449695
0.0605661
-0.0155965
0.0297535
-0.0392272
-0.0258931
-0.0201251
-0.00224923
-0.02751
-0.0270435
-0.00515527
-0.0223547
-0.0310484
0.000872108
-0.0279156
0.000246347
-0.000608914
-0.00305058
-0.000525463
0.0181998
-0.0173277
-0.00462772
0.00821727
-0.012845
-0.00287336
-0.00592393
-0.0875393
-0.0375757
-0.144341
-0.178612
-0.0439123
-0.192924
-0.114836
-0.0295051
-0.158748
-0.181754
-0.0111703
-0.189283
-0.167222
-0.0220613
-0.17559
-0.157956
-0.0176337
-0.146444
-0.129317
-0.0171266
-0.141519
-0.0335255
-0.0972068
0.0636812
-0.0960558
-0.00115104
-0.0605663
-0.0600074
-0.000558925
-0.0792454
0.00392335
-0.0504906
0.0544139
0.0663309
-0.051773
0.0158403
0.071792
-0.0619882
0.0226974
0.0594199
-0.0367225
0.0076469
0.0691685
-0.0515349
0.00718036
-0.0690153
0.0174804
-0.0535538
-0.0574126
0.0038588
-0.0281463
0.00110548
0.0301478
-0.0318226
0.0426536
0.0436951
-0.00104155
0.051663
-0.0593575
0.0312112
0.0382906
0.0133724
0.0479069
-0.0114505
0.022891
0.00202686
0.0530388
0.0129425
0.0066995
-0.0316909
0.0337178
0.015408
0.0025371
0.0221075
0.00831572
0.001544
0.0108528
0.00287384
0.00441784
0.136134
0.125423
0.219977
0.0147355
-0.136176
-0.0888926
0.162665
-0.0721013
0.0719878
-0.0641879
0.0299426
-0.118835
-0.0341323
0.194105
0.000732958
0.158337
0.173255
-0.014918
0.127729
0.154351
-0.026622
0.101475
0.128515
-0.0270395
0.0564135
0.179869
0.0256964
0.180602
-0.166149
0.191845
0.0562262
-0.147081
0.203307
0.072896
0.0542836
-0.0884159
0.0262903
0.0862313
-0.059941
0.00156723
-0.0512455
-0.0104659
-0.0629019
-0.0575181
-0.00538385
-0.0559509
0.0308125
-0.0511524
-0.0240892
-0.0442144
0.0396628
-0.0501288
0.0560446
-0.0163817
0.03078
0.0511255
-0.0203454
0.041663
0.0113901
-0.0561795
-0.0397623
0.0158357
-0.0550628
-0.0403438
0.0546203
-0.0129572
0.0426177
0.0592961
-0.0166783
0.0436998
-0.011363
-0.00961981
-0.0345945
-0.0301917
-0.000856749
-0.0398114
0.0411282
-0.0419849
0.0187734
-0.00914212
0.0143356
-0.0234777
-0.00299205
-3.62499e-05
-0.00596019
0.00787788
-0.0108699
-0.00496708
-0.00050715
-0.00445993
-0.033773
-0.0902041
-0.0713487
-0.0501944
-0.17956
-0.140399
-0.0361263
-0.0352224
-0.0656314
-0.137137
-0.0216104
-0.148308
-0.053355
-0.0122764
-0.0749655
-0.127713
-0.0205949
-0.149774
-0.123817
-0.0259571
-0.141451
-0.12114
-0.0203111
-0.138266
0.0498398
-0.0509909
-0.140277
0.00201099
-0.0765961
-0.0849217
0.00832555
-0.0350819
-0.0749192
0.0239283
-0.0754781
-0.0210642
-0.0612
0.0401357
-0.0453597
0.0483536
-0.0407067
0.00299396
-0.0541617
0.0174392
-0.0469813
0.0550954
-0.0376562
0.0143886
0.0557903
-0.0383099
0.00880899
-0.0567383
0.0184283
-0.0528795
-0.0216683
0.0442467
0.00879212
0.0432051
0.033034
0.0101711
0.0464065
-0.0495889
0.0279206
0.0554912
-0.00908476
0.0440407
-0.00554821
0.0293931
0.00432466
0.0381852
0.0204086
0.00169892
0.0247332
0.00972516
0.00112765
0.0114241
0.00344988
0.00457752
0.0957744
0.167421
0.221197
0.112378
0.108819
0.185274
0.153297
-0.0968833
0.0891087
-0.0297266
0.0824959
-0.112223
-0.00592
0.182513
-0.00191151
0.167595
0.148397
0.0191986
0.121775
0.135208
-0.0134337
0.108169
0.0112855
-0.153024
0.151112
0.0388212
-0.12869
0.167511
0.0746174
-0.114118
0.188736
0.0711555
0.077205
-0.0112726
-0.0659325
0.071285
0.011344
-0.0592764
0.00332546
-0.0479324
-0.0621801
0.0509074
-0.0434821
-0.00664677
-0.0488659
-0.0550551
0.00618907
-0.0517296
0.0438456
-0.0504924
-0.0126265
-0.021968
-0.0523887
0.0504217
-0.00657592
0.03404
0.0551801
-0.0211398
0.0348347
0.0594593
-0.0246245
0.0513578
0.00810158
0.0384007
0.0511368
-0.0624997
-0.0107929
-0.0415958
0.0565606
-0.0181599
0.0398823
-0.0226173
-0.0342324
-0.00557909
-0.0562003
-0.0381041
-0.00388073
-0.0436831
0.0190143
-0.022895
-0.00446327
0.00862627
-0.0130895
-0.00224367
0.00301121
-0.00525488
-0.0492207
-0.211643
-0.228781
-0.0245318
-0.115867
-0.0597543
-0.0352946
-0.193486
-0.151161
-0.0144049
-0.0453494
-0.0266813
-0.0653763
-0.00958917
-0.0859712
-0.0136302
-0.0130511
-0.0232194
-0.0866032
0.000631934
-0.11256
-0.0754085
-0.0371518
-0.0957196
-0.0861595
-0.00956006
-0.0841485
0.0766936
-0.0527653
0.0416118
-0.081338
-0.00281055
-0.0730124
-0.0314007
0.0744597
-0.034324
0.0216944
0.0406166
-0.026228
-0.0597096
0.0253856
-0.0494679
-0.0102417
0.0464739
-0.00585726
-0.0457099
0.00805366
-0.0369009
0.0450904
-0.0370368
0.0188624
0.0510919
-0.0326635
0.014191
-0.0507127
0.0180492
-0.0227921
-0.0315605
0.00876837
0.0378222
0.000363056
0.0479932
0.0389085
0.0340159
0.00489253
0.0284677
-0.00309277
0.0226132
0.00212004
0.0229762
0.00970279
0.00172127
0.0118228
0.00335696
0.00507823
-0.0153815
-0.232134
-0.227024
0.0699527
0.188326
0.237374
0.0926688
0.144705
0.201488
0.097671
0.103817
0.168826
0.121865
-0.11058
0.00964263
-0.0562901
0.0408281
-0.0971184
-0.0213522
0.133678
0.017434
0.152877
0.128528
0.0243482
0.115095
0.00451446
-0.125607
0.143041
0.0419039
-0.107763
0.149667
0.0809726
-0.0908959
0.171868
0.0779304
0.0436151
-0.0649675
0.0898583
-0.038951
0.0419259
-0.00980379
0.0725261
-0.0289111
0.0335752
-0.0490075
-0.00148491
-0.0428184
-0.0409365
-0.00188198
-0.0507402
0.0431001
-0.0445851
0.0456738
-0.00257356
0.039098
-0.033203
-0.0229975
-0.0747987
0.0601715
-0.0210732
0.0390319
0.0587612
-0.0197291
0.0341367
0.0633954
-0.0292586
0.0714969
0.0533369
0.0809995
-0.0276626
-0.0583822
-0.0164166
-0.0296732
-0.0140101
-0.0526706
-0.0182947
-0.00460015
-0.0323049
0.0105609
-0.015161
-0.0025285
0.00381824
-0.00634668
-0.016367
-0.210657
-0.209853
-0.0271275
-0.124034
-0.0724768
-0.0348268
-0.175026
-0.158861
-0.0107151
-0.0617617
-0.0237662
-0.0222939
-0.000925496
-0.0216619
-0.00296107
-0.0208052
-0.00388658
0.0109986
-0.0481505
-0.0237005
0.00203855
-0.0127019
-0.0423754
-0.00577505
-0.0519355
-0.0529753
0.00103979
-0.0557858
0.0547123
-0.0330179
0.0233116
-0.0460063
-0.00977953
-0.0226947
0.0457718
-0.0203863
0.0127539
0.0367797
-0.0179174
0.0309225
-0.0359062
0.01552
-0.0291789
-0.00672736
0.0394206
-0.00849813
-0.0342709
0.0163535
0.0390511
-0.0248601
0.00201434
-0.0241982
-0.0100727
-0.0221839
0.0363049
-0.0182557
0.0114448
-0.0281229
0.00986711
-0.0193545
0.0191771
-0.0222699
-0.000177369
0.0200242
0.00295198
0.0249168
0.00264685
0.00979587
0.00202696
0.0127479
0.00416274
0.00618969
0.0261688
-0.249832
-0.205965
0.00958055
-0.215546
-0.201077
0.0429862
0.204423
0.231312
0.0638743
0.167438
0.208579
0.0738983
0.134681
0.177715
-0.0714438
0.149374
0.106271
0.0104148
0.220793
0.214838
-0.0714539
0.0064861
-0.0198013
-0.051653
0.11692
-0.112406
0.107394
0.0356461
0.131742
0.0193367
-0.103556
0.139202
0.0461105
-0.0842053
0.130316
0.0876629
-0.0561306
0.143793
0.0932434
0.0633614
-0.0568755
0.0344503
0.0582189
-0.0237687
0.0329976
0.0252213
-0.0665728
0.0158325
0.0423376
-0.0442197
-0.00224746
0.0518259
-0.0359934
0.00760609
0.0318149
-0.0340626
0.0485553
-0.0167403
0.0459816
-0.0363856
0.0196451
0.0596938
-0.013712
0.0386207
-0.0414571
-0.0112139
-0.0578737
0.0656641
-0.0270431
0.0459349
0.072797
-0.0268618
0.0435384
0.067202
-0.0236636
-0.0395394
-0.0183344
-0.0248516
-0.00745328
-0.0360655
0.0111042
-0.0185575
-0.00405677
0.00378611
-0.00784281
-0.0129873
-0.188089
-0.188013
-0.0218048
-0.137056
-0.0835665
-0.0296019
-0.158412
-0.166658
-0.00906088
-0.0745056
-0.029866
-0.000395383
-0.00349118
0.00164314
0.000234072
-0.0301001
-0.00325715
0.015028
-0.020803
0.00232608
-0.000714423
0.00235753
0.00161165
0.011125
-0.0209045
-0.0225554
0.00175233
-0.0215156
-0.0191315
-0.00238403
-0.00800658
0.0310859
-0.018332
0.00839118
-0.0197824
-0.00112213
-0.0113912
0.0269705
-0.0114506
0.00863854
-0.0173796
0.00592899
0.0248943
-0.0085408
0.0163962
0.0208734
-0.00447726
0.0141461
-0.0032335
-0.0172064
0.00866559
-0.0101994
-0.00700697
-0.0202722
0.0271551
-0.0157104
0.00497127
-0.0151515
-0.00512064
-0.0101803
0.0204131
-0.010546
0.00470271
-0.0138569
0.00331093
-0.0140343
0.0113522
0.0013956
0.0139991
-3.52187e-05
0.00502678
0.00642238
0.0611096
-0.256142
-0.188722
0.0281787
-0.216901
-0.187367
0.008585
-0.195952
-0.179504
0.0279009
0.186937
0.195339
0.0392957
0.156043
0.173976
-0.0456226
0.138866
0.147144
-0.0408734
0.101522
0.133103
-0.0301061
0.236687
0.190687
-0.019278
0.209965
0.167659
-0.0664662
0.244726
0.17022
-0.0992833
0.254923
0.145443
-0.0573202
0.000444181
-0.108973
0.125999
-0.106662
0.0170252
0.0325397
0.0368576
0.102008
-0.082536
0.115076
0.0477796
-0.0807149
0.128494
0.0630784
0.099936
0.044543
0.0574651
-0.0392487
0.0837915
0.0607026
-0.0602586
-0.062948
0.0391792
-0.00224571
0.0554233
-0.0162441
0.030991
0.0244322
0.0562124
0.0202189
0.0425982
-0.0349922
0.00853555
0.0499879
-0.029769
0.0149955
0.0403559
-0.0318206
0.00397023
0.0482418
-0.0285968
0.0345298
0.0399969
-0.0360271
0.0114002
0.0523063
-0.0177763
0.025263
-0.0207618
-0.0153038
-0.0390962
0.0540484
-0.028785
0.0271867
0.0487831
-0.0215962
-0.0251195
-0.0139769
0.0103168
-0.0256208
-0.00824077
0.00372109
-0.0119619
-0.0150847
-0.164419
-0.173496
-0.0330336
-0.133624
-0.107539
-0.0252294
-0.148267
-0.158853
-0.00295224
-0.104587
-0.0330524
0.00278599
-0.00604314
0.00514349
0.000976628
-0.034029
-0.00506654
0.000447697
0.00130463
0.00205932
0.00302124
0.00212224
0.00508055
0.0100912
-0.0112133
0.00208459
-0.000977653
0.00228226
0.00571942
-0.00363486
-0.00333539
0.00235773
-0.00868568
-0.00252763
0.0200769
-0.0114383
0.0139905
-0.00806154
0.00255218
0.00771264
-0.0109461
-0.000348911
0.0114258
-0.00276025
0.00694855
0.0104308
-0.00348225
-0.000515381
-0.00570843
0.00294818
-0.00377865
-0.00192978
-0.0107856
-0.00536083
-0.00542481
-0.0104815
0.0136621
-0.00895939
0.00348182
-0.00699966
0.0113481
-0.00803712
0.00238866
0.00631493
-0.00627971
-0.00175741
-0.00738239
-0.157037
0.0748184
-0.247672
-0.181324
0.0586407
-0.239964
-0.15826
0.0440219
-0.202282
-0.15193
-0.159313
0.111168
-0.262847
-0.136504
0.14326
-0.265405
-0.119587
0.167224
-0.255874
-0.0981816
-0.125322
0.258403
0.129601
-0.143876
0.247385
0.114526
-0.174087
0.245212
0.0732979
-0.197632
0.237338
0.0475801
0.198809
-0.254851
-0.0570655
0.207948
-0.23187
-0.0469035
-0.214063
0.222193
0.0232756
-0.00967704
0.00645983
0.161199
0.162503
0.0236861
0.138816
0.156789
0.126881
-0.0253594
0.0876322
0.131429
-0.0532957
0.223516
0.156669
-0.0183025
0.174972
0.142896
-0.071486
0.216929
0.15203
-0.089656
0.219257
0.127273
0.110416
-0.0227834
0.104744
-0.087719
0.0444851
0.0273565
0.0317969
0.068139
0.0892621
-0.0754747
0.102831
0.0530195
0.121158
-0.0201296
0.109391
0.0636619
-0.0210697
0.0847314
0.0893458
0.060043
-0.0155581
-0.0421575
0.0399116
0.0178853
-0.049131
0.0328865
-0.00921954
0.0476359
-0.0147494
0.0247631
0.0228726
0.0491953
0.019426
0.0391964
-0.0242011
0.00737567
0.0409493
-0.0215234
0.016748
0.0410236
-0.0336483
0.00499659
-0.0371584
0.0193821
0.0414932
-0.0300931
0.00433463
0.0316708
-0.0266743
0.00157763
0.0412914
-0.0219092
0.0125067
-0.0166326
-0.00898872
-0.0306096
0.0349235
-0.0224171
-0.0133273
-0.0172821
0.00568092
-0.0146699
-0.00944539
-0.147592
-0.157712
-0.0430905
-0.0614964
-0.0478828
-0.110971
-0.0909732
-0.0285242
-0.129188
-0.139495
0.00489604
-0.0663924
-0.0291329
0.00246339
-0.00752995
0.00458562
0.00518715
-0.0343201
-0.0023428
-0.00924976
-0.0250703
-0.000596722
0.00518232
-0.00448383
0.00676606
0.0044728
-0.00700046
0.000837943
0.00211626
0.00464981
0.00447398
-0.00107417
0.00191209
0.00339981
-0.00694071
-5.97444e-05
-0.00438854
0.0038609
-0.00420982
-0.000527649
0.00371256
-0.00422796
-0.000497279
0.00577495
-0.0028268
-0.0022927
-0.00193529
-0.00221663
-0.000610177
0.000693892
-0.00262368
-0.00152273
-0.000824049
-0.00179963
-0.00624887
0.00889578
-0.00650714
0.00189612
-0.00435276
0.00660527
9.81205e-05
-0.0192237
-0.128368
-0.120575
-0.0387376
-0.139799
0.104297
-0.240801
-0.135668
0.0730013
-0.208669
-0.129281
-0.168019
0.115486
-0.235074
-0.125314
0.145338
-0.24352
-0.0897356
0.166909
-0.223974
-0.076611
-0.119063
0.23359
0.100194
-0.149382
0.22268
0.0842076
-0.176048
0.223628
0.0466323
-0.178688
0.201963
0.0449401
0.178847
-0.22575
-0.0451273
-0.206324
0.196647
-0.00436078
-0.0291031
-0.0064916
0.149388
0.132325
0.00125145
0.131073
0.132681
0.109897
-0.0325023
0.184532
0.142469
-0.0286816
0.171151
0.120706
-0.0526686
0.179941
0.131864
-0.101771
0.201964
0.0781705
0.0900307
0.0198665
0.00892737
0.0804183
0.0989581
-0.0740402
0.0584819
0.0287905
0.0379872
0.0714043
-0.0568814
0.0856717
0.0642769
0.102264
-0.0148934
0.0862975
0.069838
-0.00620122
0.0760391
0.0742171
-0.0536541
0.0444342
-0.0357688
0.0227128
-0.0473627
0.032613
-0.00292866
0.0372639
-0.00465109
0.0219966
0.0152669
0.0448692
0.0233455
0.0359668
-0.019219
0.00231838
0.0314313
-0.00808596
0.0122121
0.0307763
-0.0284583
0.00410213
0.027959
-0.0236245
0.00605019
0.0297947
-0.028217
0.00617004
0.0294694
-0.0253674
0.0012521
0.0264414
-0.0203914
0.00402443
0.0180635
-0.0140376
-0.000781422
-0.0245595
-0.103808
-0.153747
-0.0204093
-0.133338
-0.0133472
-0.077626
-0.0797396
-0.0403578
-0.099137
-0.117984
-0.119546
-0.0277982
-0.0519414
-0.0370479
0.00175035
-0.00409316
0.00693266
-0.00992168
-0.0271263
-0.00445686
0.000363721
0.0177424
-0.027664
-0.00732791
-0.0117848
-0.00332843
-0.00845634
-0.00271365
0.00736343
0.00421901
-0.0002324
0.000172637
0.0016797
0.00197592
0.00538751
0.00537573
-0.00176389
0.0034436
0.00361183
-9.29925e-05
0.000265619
-0.000620654
0.000440677
-0.000937988
-0.000179992
5.92595e-05
-0.0019946
-0.000878737
0.000442616
-0.00105283
-0.00155198
-0.000774079
-0.000748664
-0.00182691
-0.000880154
-0.000919466
-0.00162882
0.0040535
0.000299258
-0.00121872
-0.0549805
-0.0848181
-0.158789
-0.0805877
-0.0874308
-0.165406
0.0998474
-0.225162
-0.108821
-0.196252
0.146192
-0.235927
-0.0789699
0.142749
-0.21936
-0.0931782
0.147246
-0.192373
-0.0721139
-0.121749
0.205957
0.0802152
-0.136609
0.183241
0.0693482
-0.147075
0.192015
0.036166
-0.179849
0.175488
0.0121662
-0.189255
0.160152
-0.0137669
-0.0322208
-0.0319126
0.152619
0.0991607
0.119027
0.0572356
0.0617916
-0.0390976
0.170961
0.132053
-0.0168222
0.148875
0.135797
-0.0944535
0.172624
0.0765077
-0.0997352
0.17995
0.0728889
0.0304067
0.0685513
0.0876423
0.00762115
0.0665959
0.0761725
-0.0704184
0.0356254
0.0347928
0.015879
-0.0454103
0.0681229
0.0402611
0.0427125
0.0595511
0.0585913
-0.00959681
0.0498576
0.0499541
0.0057932
0.0608027
-0.01697
0.0525954
0.059069
0.0648622
-0.0461903
0.0432613
0.0219324
-0.0363363
0.0316848
0.00692471
-0.0238956
0.0391621
0.00778916
-0.0317645
0.0236781
0.00739764
0.0338939
-0.0216824
0.00543566
0.0302122
-0.00653421
0.00852953
0.0260751
-0.0206402
0.000707936
0.0154975
-0.014789
0.0257843
-0.0196139
0.00539301
0.0208174
-0.0053205
0.0220701
0.0024565
0.0196929
-0.0142994
-0.095617
-0.0239293
-0.0855525
-0.0732363
0.0338955
-0.119448
-0.0994426
0.00390165
-0.103344
-0.0917153
0.027185
-0.0791264
0.0907988
-0.114728
0.00650581
-0.033632
-0.0726206
-0.000794822
0.00501382
-0.000431106
0.00875247
-0.0423845
-0.0189115
-0.00129136
0.000860247
-0.00461979
0.000110851
-0.0190224
-0.00834549
0.000902671
-0.00924816
-0.00371711
-0.00120111
0.00658858
0.00381272
-0.00243915
0.00270476
0.00100445
0.000776844
0.00581175
0.00438868
0.00539313
-0.00189492
0.00101613
0.00207491
0.00062983
-0.00214273
0.000590693
-0.0011266
-0.00205168
0.000224745
-0.00146099
-0.0015283
-0.000100527
-0.00130355
-0.000818017
-0.000918547
-0.0741987
-0.0912069
-0.147435
0.121456
-0.200426
-0.0747961
-0.166003
0.0940167
-0.187195
-0.106409
0.1118
-0.183914
-0.0753947
0.132356
-0.164576
-0.0515583
-0.111441
0.18079
0.068509
-0.131029
0.167195
0.049761
-0.158516
0.170683
0.00867864
-0.159061
0.145294
0.011622
-0.0192822
0.0102796
0.0773626
0.0283584
0.107438
0.0901499
0.10043
-0.0659712
0.142479
0.0829041
0.0274745
0.0799639
0.110379
-0.0768547
0.149744
0.0656243
-0.106248
0.174758
0.0434952
0.0153359
0.0608365
0.0926986
0.00644628
0.0862523
0.0215447
0.039258
0.0823813
-0.00147169
0.054067
0.0201234
0.0384676
0.054916
0.0534443
-0.0311253
0.0530571
0.0187321
-0.0304131
0.0491447
0.0195408
0.0580082
0.0315408
0.0333215
0.0707988
0.0212264
0.0328407
0.0545478
-0.00435567
0.0371962
-0.0350834
0.0420077
0.0179735
-0.0202906
0.027688
-0.0439295
0.0236386
0.0361403
0.00586671
-0.0282903
0.0217557
-0.000602506
0.0216577
9.73257e-05
-0.0301872
0.00954707
0.0231511
-0.0136039
0.00836238
0.017419
-0.00905651
0.0120987
0.0112233
0.000876653
0.0136793
-0.0730953
-0.0416328
-0.0287984
-0.118637
-0.0137894
-0.077926
-0.0868846
0.0760715
-0.10487
-0.0433764
0.0373456
-0.080722
-0.0659986
-0.00183886
-0.0641598
-0.0797648
-0.0403496
-0.0322709
-0.0819824
-0.0190699
-0.0233146
-0.0513408
-0.000403943
0.00421664
0.000456314
0.00719404
-0.0305086
-0.0118283
0.000455627
7.08144e-07
-0.00326148
0.00463648
-0.0164648
-0.00461167
-0.00787315
-0.00122611
0.00703783
0.00299056
-0.00456362
0.00519344
0.000829501
0.00339568
0.00364218
0.00422518
-0.00423201
0.00310538
0.000961445
-0.00324378
0.00178277
-0.000138388
-0.00237078
0.00106723
-0.000588004
-0.000980262
8.6966e-05
-0.0576515
-0.060985
0.0645686
-0.170977
-0.101434
-0.159086
-0.0411063
-0.117979
0.0893642
-0.164759
-0.0816132
0.103104
-0.154662
-0.0616552
0.114635
-0.133917
-0.0400264
-0.0995507
0.149312
0.0752069
-0.142801
0.15148
0.00651083
-0.129414
0.141036
0.022066
0.00711877
-0.0678615
0.143068
-0.0126766
0.0926405
0.0877529
0.0941992
-0.0333856
0.126026
0.0769931
0.142617
0.0339006
0.0602987
0.127403
0.0152143
0.170898
0.103037
0.0485374
0.037715
0.082438
-0.0262054
0.0639205
0.0788573
0.00352402
0.0526519
0.0527665
0.0180323
0.0562906
0.0373684
0.0160758
0.0330127
0.0337722
0.0242356
0.0498478
-0.0269672
0.0449402
0.0221771
0.0464124
0.0366693
0.0178785
0.0547015
0.0239906
0.0132056
0.0418691
0.0256203
0.00739224
0.0388259
-0.0288164
0.0346827
0.0161235
-0.0219137
0.0213109
0.00172405
-0.0230351
0.0247585
0.011647
-0.0228241
0.0229208
-0.00151391
-0.0257522
0.0121475
-0.00283139
0.0196456
-0.00749724
0.0105882
0.00908603
0.00150015
-0.0421569
-0.0398255
-0.020734
-0.0661506
-0.0628909
-0.0687783
-0.0360915
-0.129763
-0.00147569
-0.0782891
-0.0676263
0.0678444
-0.103936
-0.0128776
-0.0770373
0.00782389
-0.0848612
-0.0704652
-0.0251022
-0.0262385
-0.0649277
-0.0113407
-0.0191679
-0.0375792
-0.000281135
0.00327172
-0.000280401
0.00971654
-0.0288844
-0.00674827
0.00559297
-0.0123412
-0.00228015
-0.00256053
-0.000409277
0.00405146
0.00286246
-0.00381463
0.00477606
-0.000410549
0.00446204
-0.00265612
0.00251773
0.00211997
-0.00211991
0.00153193
0.000397832
-0.000826131
0.000705805
0.0804646
-0.121571
-0.0492987
0.0529986
-0.134612
-0.0649808
0.0759542
-0.140935
-0.0456167
0.0786102
-0.140265
-0.0560014
0.0992678
-0.139294
-0.0409975
0.106867
-0.0997485
-0.0324265
0.130227
0.0128414
0.136738
-0.129251
0.151317
0.00748719
0.0515686
0.0635424
0.0188957
0.0967833
0.00625368
0.109625
0.119302
-0.00967713
0.0221841
0.103842
0.0824828
0.119056
0.00505034
0.0584921
0.0875332
0.0969755
0.0220809
0.103229
-0.049945
0.0688408
0.0139755
0.0435017
0.00915035
0.0574773
0.0528268
0.00346387
0.0619772
0.0442971
0.0104045
0.047761
0.0331941
0.0166535
0.0405861
-0.0197111
0.035834
0.026701
0.0433543
0.0313499
0.0105191
0.0417544
0.0186693
0.0201565
0.0291883
0.0303213
0.0102646
0.00588635
0.0244347
0.0260428
-0.0167607
0.0284071
0.0190732
-0.0182308
0.0167161
0.0065271
-0.00963598
0.0161627
0.0187708
-0.0160727
0.0132408
0.000643098
-0.0159787
0.00848065
-0.00273777
-0.0072488
0.00123132
-0.0321059
-0.0328218
-0.0113167
-0.0515741
-0.0434226
-0.010409
-0.0572173
-0.0619832
-0.0584179
-0.045518
-0.107717
-0.00982214
-0.060643
-0.0670394
-0.058823
-0.0260382
-0.104341
-0.0866812
-0.0165018
-0.0210774
-0.0493237
-0.0148656
-0.0140188
-0.035943
-0.000852582
-0.00170794
-0.00124272
0.00039016
0.00161975
0.00408549
-0.0181043
-0.00825571
-0.00102772
-0.00722797
-0.00273563
-0.0020183
-0.000717296
0.000723286
0.00373876
0.00234306
-0.000677692
0.00279767
0.0030611
-0.00071549
0.00111334
0.00208219
-0.000588419
0.000524922
0.0702707
-0.115887
-0.0374458
0.0747912
-0.130793
-0.0661437
0.0704105
-0.136554
-0.0454768
0.102121
-0.143118
-0.0286717
0.118295
-0.0667268
0.085869
-0.0572491
-0.124039
0.0573125
0.112357
0.00694543
0.119844
-0.00419524
0.0157109
0.0531301
0.074203
0.0966505
0.00657883
0.0869735
0.0943277
-0.00735406
0.101273
0.0129301
0.0746032
0.0871332
0.0966842
0.0743621
0.0223222
0.080941
0.057977
-0.000499552
0.0203812
0.0375959
0.0735113
0.0508975
0.0110799
0.050398
0.0504222
-2.41431e-05
0.0436517
0.0041093
0.0547317
0.035695
0.00605941
0.0398043
-0.0163967
0.0354694
0.0269574
0.0372218
0.000298263
0.0257443
0.0294865
0.0355459
0.00768426
0.0295372
0.0321188
0.00942629
0.0226923
0.0351706
0.0163952
0.0190737
0.00383733
0.0149331
0.0202323
-0.0139191
0.0145617
0.00224328
0.0171762
-0.011362
0.00862404
0.00319973
-0.00460386
0.00401972
0.00757962
-0.0510023
-0.041744
-0.00654818
-0.0351959
-0.0031762
-0.0588069
-0.0541785
0.000474368
-0.0675137
-0.0583326
0.0555652
-0.0930109
-0.0487758
-0.00377896
-0.0829022
-0.0712927
0.0271141
-0.0758898
-0.0557881
-0.0232173
-0.0127256
-0.0297655
-0.0130177
-0.0167478
-0.00954073
-0.00856353
-0.0222663
0.00134325
-0.000953041
-0.000675026
0.00139003
0.00432947
-0.012893
-0.0028985
-0.00361576
-0.000945265
-0.00267046
-0.00162029
0.00116135
0.00189977
0.00255141
0.000463244
0.00161897
0.00236303
-0.000801473
0.000817496
0.0654876
-0.110964
-0.0275233
0.0854255
-0.114097
-0.0511285
0.0654768
-0.116605
-0.0454874
0.147282
-0.0899693
0.0900328
-0.0240642
-0.0933054
0.00333623
0.108376
-0.00710245
0.104181
0.0108752
0.0116612
0.0618503
0.0987944
-0.0844433
0.077341
0.0820962
-0.00115508
0.0747422
-0.00970104
0.0537141
0.0450804
0.0760364
0.061655
0.0143814
0.0605
0.0206447
0.0297777
0.0582407
0.0159567
0.0422842
0.077807
0.0503583
0.00437354
0.0503342
-0.023422
0.0531998
0.0269124
0.0364163
0.00338809
0.04079
0.0413361
-0.00579021
0.0447242
-0.0033887
0.0224617
0.0261481
0.0357653
-0.000594857
0.0299751
0.00872498
0.0174227
0.0314172
0.0308222
0.00546129
0.0147704
0.0279225
0.00339434
0.0137816
0.0181643
-0.00410103
0.00730073
0.00968034
-0.00233839
0.00496235
0.00483797
-0.0590164
-0.0303579
-0.0433756
-0.000921303
-0.0574112
-0.0599377
-0.00693902
-0.0643536
-0.0643503
-0.0692698
-0.00661989
-0.096793
-0.0587422
0.00295416
-0.065362
-0.0613994
-0.0140357
-0.0293399
-0.0125229
-0.00974346
-0.0292706
-0.0220159
-0.00725471
0.0078127
-0.0218484
-0.0142032
-0.00609503
-0.00679789
-0.0158385
-0.00206467
0.000444415
0.00048674
2.14037e-05
-0.00681923
-0.00264903
-0.00131334
-0.00133568
-0.000868945
0.00129188
0.00107117
0.00177863
-0.00013571
0.000935458
-0.0729665
-0.0238264
0.0401712
-0.0856585
-0.0327953
0.0979682
-0.122032
-0.0186369
0.0522163
-0.0708531
-0.0334422
0.0856176
-0.0747422
0.0889539
-0.0330783
0.0979469
-0.0206057
0.0232048
0.062894
-0.0959721
-0.0737318
0.0531262
0.036464
0.0413431
0.0815444
0.0897884
-0.0292883
0.0800874
0.00635571
0.0523571
0.0291875
0.0667385
0.0374502
0.022828
0.0303719
0.0651123
0.029497
0.0356154
0.0708402
0.0491418
-0.00835171
0.0231691
0.0259729
0.0500816
0.0280091
0.0220727
0.0583811
0.0443057
0.000418541
0.0359541
0.039407
-0.00943202
0.0398257
0.0120808
0.0158409
0.0295032
0.0330385
-0.00221656
0.0236065
0.0201531
0.00934975
0.0179364
0.00697864
0.0111848
0.0228187
0.0037335
0.00594642
0.0149176
-0.00119421
0.00475209
-0.00753898
-0.0523987
-0.0368789
-0.00674924
-0.0546502
-0.0565388
-0.00781136
-0.063288
-0.0602101
0.0336745
-0.0575008
0.0779671
-0.0442925
0.0126051
-0.042045
0.00783872
-0.0447176
0.0284135
-0.0205747
0.00656507
-0.00871678
-0.00712165
-0.0159715
0.0202824
-0.0137173
0.00607918
-0.00989228
-0.00269927
-0.00411989
-0.0098209
-0.00181987
0.000950932
-4.12301e-05
-0.000518009
-0.00360185
-0.00185368
-0.000902751
0.000920481
0.00087925
0.0541862
-0.0869814
-0.00331456
0.0462536
-0.0796956
-0.0407278
0.0974952
-0.034601
0.0266421
-0.0530535
0.0682344
-0.0151081
0.0914393
-0.00453269
-0.0619708
0.0468628
0.0532062
-0.0577387
0.0739708
-0.0207645
0.0393699
0.0671162
-0.0607604
0.00514547
0.0459931
0.0248472
0.0751806
0.0439808
0.0311998
0.0814311
0.0206708
0.0299932
0.0283879
0.0656087
0.0371711
0.0284377
0.0620184
0.0429915
-0.00703714
0.0278612
0.0151305
0.0538343
0.0323938
0.0214407
0.0544667
0.0291843
0.0252825
0.0575723
0.042263
-0.00243721
0.0352261
0.0325794
-0.00897307
0.0301422
0.0119058
0.0109124
0.0212552
0.00834364
0.0129105
0.0262799
0.0173061
0.00832516
0.00659193
0.0192368
-0.000681911
0.00591004
0.00234006
-0.0625501
-0.0423775
0.0292695
-0.0713145
-0.0340185
0.0216344
-0.0556528
-0.0409157
0.044505
-0.0478195
0.000212548
0.0480577
-0.0478451
-0.0232567
-0.00184865
-0.0405289
0.0260521
-0.0279007
0.00547737
0.0190052
-0.0135279
0.00528797
-0.00281525
-0.00700559
0.0127075
-0.00741953
-0.000107908
-0.00349385
-0.00711349
-0.000428594
-0.00306522
-0.00133135
-0.0642481
0.0164287
0.0512078
-0.0460622
0.0239885
-0.0647161
-0.0402596
0.0746166
-0.0352466
0.0215632
-0.0431529
0.0400264
0.0111815
0.0868894
0.0291507
-0.0343917
0.0455733
0.0626209
-0.03347
0.0418565
0.0567235
-0.0148669
0.021477
0.0663926
-0.0457217
0.0203305
0.0448991
0.0171194
0.076099
0.0303774
0.0239404
0.0336319
0.0523781
0.0393994
0.0129788
0.0565189
-0.0283722
0.0620043
0.0385169
-0.0032905
0.0318116
0.00670571
0.0469423
0.0337808
0.0131617
0.0552217
0.0370136
0.0182083
0.0622963
0.0339241
0.0329954
-0.0028522
0.0297052
0.024635
-0.00732877
0.0217827
0.00766324
0.0115725
0.0205734
0.0132434
-0.00249722
0.00907499
0.00617305
-0.0470887
-0.0343558
0.0379966
-0.0612533
-0.0176562
-0.0647449
0.0584035
-0.0419747
0.0105584
-0.0506949
0.00603562
-0.0403914
0.0255647
-0.019529
-0.00233602
0.0132372
-0.0155732
-0.000290643
0.00840639
-0.00869705
0.00098687
-0.0061266
-0.000785868
-0.0053407
-0.0485384
0.00656378
0.0182315
-0.058491
-0.0303069
0.0537452
-0.0334146
0.0193535
0.0706464
-0.0491693
0.0274935
-0.0309975
0.0446158
-0.0252622
0.0311981
0.0134178
0.0767715
0.0433016
0.0619959
-0.0186942
0.0471291
-0.00204005
0.0643306
-0.033953
0.030916
0.0665472
-0.0100282
0.0325943
0.033976
0.0280283
0.0469548
0.0470428
-8.79132e-05
0.0370146
-0.0233048
0.0513332
0.0563162
-0.022392
0.0330115
0.0234147
0.00629122
0.0301207
0.0244754
0.00564563
0.0376373
0.0318899
0.00574772
0.0500983
0.0277064
0.0194565
0.00232715
0.0257481
-0.0011469
0.0120966
0.0144255
0.0024521
-0.0671969
-0.0379393
0.0579724
-0.0514085
0.00727758
-0.0599193
-0.000653437
-0.0372859
0.0211262
-0.0217796
0.00159714
0.0147794
-0.0131823
-0.000793693
0.00592095
-0.00671453
-0.00277611
0.0218693
-0.0521761
-0.0295392
0.0296433
-0.0606406
-0.0225328
0.0623974
-0.0314812
0.0371352
0.050586
-0.052626
-0.0100546
0.0447112
-0.00757587
0.0581291
0.0621942
-0.00406497
0.0435001
-0.00912578
0.057558
-0.0249637
0.0260769
0.0448042
-0.0187272
0.0587234
-0.0217088
0.0337598
0.0539013
-0.00256819
0.0538135
0.0578003
-0.00398679
0.0360916
0.0488961
-0.0158847
0.046328
0.0451933
-0.0174869
0.0293087
0.0206048
0.00514415
0.0262508
0.0240318
0.00221944
0.0297796
0.0122929
0.0142176
0.0193614
0.00858894
-0.0685082
-0.0286969
0.0283359
-0.057875
-0.0401722
0.00607965
-0.0347766
0.0255421
-0.0194625
0.00376257
0.0147954
-0.0110328
0.00161324
0.00673137
-0.00511802
0.0353532
-0.0578859
-0.0225218
0.0403659
-0.0504204
-0.01752
0.0578533
-0.013049
0.0502775
0.042147
-0.0512726
-0.00827335
0.0487154
0.00156227
0.0446505
-0.00662208
0.0209392
-0.0339881
0.0451878
-0.0242485
0.0526101
-0.0188502
0.0338829
-0.000105169
0.0590078
-0.0229161
0.0401576
0.0588019
-0.0124739
0.0548151
0.0318991
0.0459356
-0.0166269
0.0334617
0.0289934
-0.0167004
0.0123666
0.0136083
0.0158278
-0.000872758
0.0109705
-0.0511426
-0.0238061
0.0211153
-0.043637
-0.0300273
0.00839947
-0.0322056
0.0221324
-0.013733
0.00266998
0.0131796
-0.0105096
0.00214682
0.00631364
-0.00416674
0.0227133
-0.0402331
-0.0209237
0.0354083
-0.0436815
-0.00482485
0.0506063
-0.00541845
0.0521687
0.0460339
0.0061349
0.0394119
-0.00426959
0.0370046
-0.0371097
0.0127562
0.0356427
-0.0228865
0.0302244
0.0577055
-0.0175478
0.0205959
0.0462374
-0.0143382
0.0286897
0.0414756
-0.00801376
0.0271374
0.0216742
-0.00930745
0.0136604
0.0132236
0.00391606
0.00367054
-0.0336978
-0.028535
0.0140129
-0.0349366
-0.0196849
0.000732143
-0.0292671
0.0162753
-0.0155431
0.00254233
0.0120313
-0.009489
0.0015218
0.00508848
-0.00356662
0.0367035
-0.00647906
0.0322014
-0.0370262
-0.00273514
0.0368359
-0.0411054
-0.000190221
0.0332856
0.00341806
0.0394205
-0.00168481
0.0388157
-0.0182197
0.0159293
0.0287404
-0.012811
0.0319377
-0.00319729
0.0254587
0.0415997
-0.0129099
0.0233801
0.0358092
-0.00867179
0.0228993
0.019824
-0.00616343
0.0111522
0.010125
0.00396183
0.0313508
-0.0340859
0.011666
-0.017601
0.00669599
-0.024297
0.0183175
-0.0116215
0.00277441
0.011015
-0.00824054
0.00152603
0.00468775
-0.00316167
0.0265484
-0.00108955
0.0299665
0.0362906
-0.0364807
0.00220475
0.0351056
-0.00513896
0.0334208
-0.00305989
0.0294275
-0.00604734
0.0166165
0.0184376
-0.001821
0.0152404
-0.0247264
0.023637
0.02395
-0.00870959
-0.000776402
0.0263913
-0.00349186
0.020344
0.0154351
-0.00428264
0.0119432
0.00794201
0.0036595
0.0222907
-0.0200859
-0.00200627
0.0139048
-0.015911
0.00228333
0.0102346
-0.00795121
0.00199411
0.00405739
-0.00206322
0.025286
-0.00164892
0.0201471
0.0280858
-0.00793858
0.025026
0.00494015
0.0232556
-0.00291155
0.0214347
0.0127251
-0.0158006
0.0141518
0.0147514
-0.0020262
0.013975
-0.00182554
0.0140385
-0.00209515
0.011127
0.00635817
0.00426318
0.0182672
-0.0133269
0.00235624
0.0109424
-0.00858608
0.00299123
-0.000312634
0.0033039
-0.00491333
0.0170415
-0.00288969
0.00910302
0.0151631
-0.00606001
0.0160807
-0.000917569
0.00275382
-0.0108205
0.00793086
0.0129621
-0.00183495
0.0109359
0.0120942
-0.00115816
0.0102687
-0.000551765
0.00574613
0.00391123
0.0107905
-0.0080366
0.00220447
0.00461498
-0.00241045
-0.000298339
-0.000858012
0.0116579
-0.00372696
0.0055979
0.00762116
-0.0020232
0.00670362
-0.00133296
0.00846968
-0.00902133
0.00474276
0.00526671
0.00410858
-0.00491266
0.00170337
0.00292045
-0.00425334
0.000510025
0.00103887
-0.000528814
0.00628479
-0.00154193
0.00426164
8.33091e-06
0.00204433
-0.000340878
0.000502427
0.000109662
0.000579636
-0.000571272
0.000266285
0.000768743
)
;

boundaryField
{
    top
    {
        type            symmetryPlane;
        value           uniform 0;
    }
    bottom
    {
        type            symmetryPlane;
        value           uniform 0;
    }
    inlet
    {
        type            calculated;
        value           nonuniform List<scalar> 
17
(
-0.97042
-0.92719
-0.97042
-0.8859
-0.92719
-0.85771
-0.8859
-0.85697
-0.85771
-0.85735
-0.85697
-0.85772
-0.85735
-0.85783
-0.85772
-0.85782
-0.85783
)
;
    }
    outlet
    {
        type            calculated;
        value           nonuniform List<scalar> 
17
(
0.982048
0.938656
0.897653
0.869417
0.870677
0.897675
0.8697
0.876295
0.93876
0.869076
0.814423
0.868781
0.981956
0.877397
0.762963
0.877926
0.806597
)
;
    }
    deck
    {
        type            calculated;
        value           uniform 0;
    }
    frontAndBack
    {
        type            empty;
        value           nonuniform List<scalar> 0();
    }
    defaultFaces
    {
        type            empty;
        value           nonuniform List<scalar> 0();
    }
}


// ************************************************************************* //
