/*--------------------------------*- C++ -*----------------------------------*\
  =========                 |
  \\      /  F ield         | OpenFOAM: The Open Source CFD Toolbox
   \\    /   O peration     | Website:  https://openfoam.org
    \\  /    A nd           | Version:  8
     \\/     M anipulation  |
\*---------------------------------------------------------------------------*/
FoamFile
{
    version     2.0;
    format      ascii;
    class       surfaceScalarField;
    location    "0.033";
    object      phi;
}
// * * * * * * * * * * * * * * * * * * * * * * * * * * * * * * * * * * * * * //

dimensions      [0 3 -1 0 0 0 0];

internalField   nonuniform List<scalar> 
662
(
-2.02083e-05
1.60518e-05
4.15792e-06
2.0651e-05
-4.08592e-05
-8.75744e-05
3.57527e-05
6.78735e-05
-1.72792e-05
2.14372e-05
-0.000151242
8.43187e-05
1.0364e-05
-5.12233e-05
9.32008e-05
-7.47274e-05
-2.24658e-05
4.3903e-05
-0.000179925
3.90467e-05
1.72111e-06
-5.29444e-05
2.1821e-06
-0.000121177
-4.65624e-06
0.000123651
-3.40649e-05
3.6247e-05
0.000163393
-9.26585e-05
5.56608e-05
-1.17577e-05
-0.000182904
4.69992e-06
-7.67775e-07
-5.21766e-05
1.14862e-06
-0.000116345
-5.97997e-06
-3.29163e-05
5.73894e-05
-1.72861e-06
0.000194934
-4.32987e-05
-0.000180911
-2.76002e-06
-2.22771e-06
-4.99489e-05
3.64125e-06
-0.000102787
-1.71996e-05
-2.9275e-05
5.71274e-05
2.61957e-07
0.00019766
-4.45404e-06
-1.50952e-06
0.000122667
-0.00012287
1.71325e-06
3.44212e-05
-3.59307e-05
-0.000176467
-6.67195e-06
-4.08367e-05
-9.11216e-06
-2.17982e-05
-1.90385e-05
-1.7061e-05
-4.73715e-06
4.80806e-06
-8.76504e-05
-1.99446e-05
-2.4467e-05
-0.00014138
-0.000756611
0.000897991
6.03951e-05
-3.26766e-06
8.95947e-05
-2.91996e-05
-5.17852e-05
0.00019836
-4.3838e-07
-4.26213e-07
0.000119897
3.19617e-06
3.3995e-05
-0.000152326
-3.32529e-05
-9.57364e-05
-7.56284e-05
-4.3773e-05
-6.90244e-05
2.20249e-05
-2.6762e-05
3.43432e-06
-7.6409e-05
-1.46758e-05
-2.10327e-05
-0.000390116
0.000705222
-0.00107172
-0.000953786
0.00185178
0.000215796
-2.07039e-05
0.000292723
-0.000106127
-0.000149178
-3.5713e-06
0.000106345
1.71235e-05
3.04236e-05
-0.000115732
9.39834e-05
2.71111e-05
-5.38731e-05
-2.73281e-07
-3.87812e-07
-7.57479e-05
-2.13059e-05
0.00135434
-0.0016029
-0.000107308
0.00195909
-4.14e-06
9.23707e-05
1.81139e-05
2.62836e-05
-0.000196734
0.000108113
-6.55672e-05
1.16941e-05
0.00161487
-0.000367841
0.00199261
-3.35226e-05
-2.84153e-06
7.96812e-05
1.5531e-05
2.34421e-05
-6.78842e-05
2.31706e-06
-0.000227386
4.23467e-05
0.00199071
1.89743e-06
0.00171006
-0.000128712
-5.43388e-06
2.96561e-05
5.5459e-05
1.80082e-05
-6.73051e-05
-5.79141e-07
-0.000231557
6.4875e-06
-2.43427e-08
-0.000111743
0.000108324
3.44371e-06
-3.1403e-05
3.13787e-05
0.0019608
2.99112e-05
0.00173031
-1.83523e-05
-0.00180561
0.000950117
0.000855489
-6.78655e-05
5.60365e-07
0.00191666
4.41372e-05
0.00187794
3.87263e-05
7.23298e-05
0.000156614
0.000793503
9.90989e-05
5.75154e-05
3.12334e-05
-0.000232255
1.19272e-07
-4.11313e-07
-0.000112482
1.15022e-06
-3.18143e-05
0.00171075
4.94738e-05
-0.000172582
-7.87421e-06
4.15788e-05
0.000138877
-0.00136334
0.000783371
0.00143545
-0.000243287
1.15924e-05
0.00167025
8.46388e-05
0.00158307
0.000125907
0.000292061
0.000415557
0.00116132
0.000320739
0.000152333
0.000108686
-8.50986e-08
-0.000111392
-1.00488e-06
-3.18994e-05
-0.000180081
-1.51422e-06
9.01356e-06
-5.34409e-05
4.55667e-05
4.69633e-07
-0.000109312
-2.5495e-06
-3.14298e-05
-0.000164884
4.65399e-06
-1.98506e-05
-5.49551e-05
1.64803e-06
-9.91748e-05
-1.17853e-05
-2.97817e-05
-0.000142966
7.2142e-06
-2.91322e-05
-5.03011e-05
7.8744e-06
-4.25188e-05
-6.45305e-05
-2.19073e-05
-0.000127975
4.23554e-06
-1.92274e-05
-4.30868e-05
3.90691e-06
-2.01008e-05
-0.000111781
-3.88512e-05
-3.49443e-05
0.000498266
-0.000413947
-0.000138866
0.000206739
0.0003594
0.000132012
-0.000950796
0.000516893
0.000433903
-0.000534778
-0.000416018
-0.000663189
0.000369123
0.000294065
-0.000146295
-0.000744973
0.000210195
-0.000120858
-0.000624115
-0.000365452
0.000244593
0.000209265
-0.000623212
-0.000639041
0.000848306
-0.00105506
4.11904e-05
-0.000665305
-0.00101387
-0.000584166
-0.000100293
-0.000565012
-0.000370108
-0.000470402
-0.000412786
0.000544798
-0.00079492
0.00122882
-5.3386e-05
0.00011497
0.00111385
0.000484093
0.000452139
9.85597e-05
0.000385533
0.000420386
-0.00012632
0.000518945
-0.000468391
0.000342071
-0.000614687
-0.000404491
-0.000159898
3.6247e-05
0.000212278
-0.000796444
-0.000801591
-0.0013666
-0.000791744
-5.77659e-05
-0.00130884
-0.000476382
-0.000534147
-0.000239896
0.000692036
0.000873956
0.00125949
0.000648737
0.000240077
0.00101941
0.000402284
0.000116662
0.000642361
0.00018327
0.000158801
0.000299932
3.59307e-05
0.000120248
-0.000911992
-0.00118859
-0.000914752
2.95117e-05
-0.0012181
-0.000551347
-0.000521835
-0.000168713
0.00081745
0.000850699
0.000812996
0.000439064
0.000203297
0.00128976
0.000301645
0.000504942
1.36075e-05
-0.000928359
-0.00120449
-0.000935031
-0.00126566
6.11627e-05
-0.000826151
-0.000439504
-0.00054178
-0.000480617
0.000776504
3.64919e-05
0.000776066
0.00130246
-1.26945e-05
0.00133895
0.000508139
0.000495444
-0.000327986
-0.000607046
-0.00115414
-0.000940933
-0.000213204
-0.000640299
-0.000388962
-0.000551971
0.00039463
-0.000607834
-0.000695456
0.000255951
-0.000300826
-0.000495293
-0.000239342
0.000913506
-0.00013744
0.000892802
0.00141404
-7.50942e-05
0.0012766
0.000512567
0.000437473
0.000306819
-0.000457191
0.000150372
-0.000301015
-0.000689977
-0.000134617
-0.000322574
0.000350361
-0.000425989
-0.000289938
-0.000841908
6.06443e-05
-0.000902553
-0.000629333
-0.000126916
-0.000299074
-0.00019594
-0.000101957
-0.000390453
8.96275e-05
-0.000240081
-0.00023973
-0.000150102
-0.000159733
-8.03481e-05
-0.00029435
-0.000133487
-0.000160863
0.00143749
-0.00158666
0.00200516
-0.000567672
0.000933442
-0.000669462
0.00085217
4.06323e-05
0.000746043
-0.000840621
-0.00082716
0.000867792
0.00134314
-6.65336e-05
0.000515977
0.000455587
0.000389054
0.000551773
-0.00139239
0.00138748
-0.000835708
0.000492144
-0.000625631
-0.000169569
-0.000459763
9.98146e-05
-0.000398888
0.000802738
-0.0012625
-0.000500845
-0.000435661
-0.00018997
-0.000392732
-0.000528601
9.29402e-05
2.36694e-05
-0.000552271
-0.000247156
9.70539e-05
-0.000327504
0.000488367
-0.000395427
-2.1306e-05
-0.00224422
0.00167655
-0.00085674
0.00100709
-0.000738442
-0.000118298
0.000639245
0.00123857
-0.000370779
-0.000153823
0.000652276
-0.000136299
0.000281497
0.000404585
0.000268285
0.000521333
-2.10652e-05
-0.000500268
-9.02185e-05
-0.000745489
-0.000828661
-0.000307327
0.000302519
-0.000456342
-0.000442971
-0.000860538
-0.000401964
-0.00105051
-0.00102684
-0.000794695
-0.000752349
-8.47574e-05
-0.000942081
-0.000496172
-5.60984e-05
-0.00058093
-0.000255724
-0.000139702
-0.000311823
-3.13787e-05
-0.000734185
0.000615887
-0.000755251
0.00125513
0.00112642
-0.000291399
-0.000463851
0.00048894
-0.000780339
0.000488368
-0.000206871
3.20263e-05
0.000734493
-0.000245554
0.000234225
0.000297942
9.10709e-05
0.000341792
-0.000107567
3.44644e-05
0.000224989
-0.000192963
-0.000217981
-0.000183517
-0.000380619
0.000135065
-0.000121672
-0.000820409
-0.000874021
-0.000867533
-0.000440551
-0.000140378
-0.00126096
-0.000308379
-0.000448758
0.000183508
-0.000647359
0.00130993
0.00129158
-0.000441917
-0.000338422
-0.00108928
-0.00033904
-0.000677462
0.000164538
-7.34671e-05
-2.8425e-05
-0.000211942
0.000319509
-0.000184444
1.80082e-05
-4.55667e-05
-0.000922741
5.52077e-05
-0.000922622
-0.00122185
-3.91061e-05
-0.00116665
-0.000447607
-0.000486713
0.0012758
1.57777e-05
0.00132527
-0.00102634
-6.29384e-05
-0.00101056
-0.000668448
-0.000731387
0.00117109
0.00026436
0.00233241
-0.000909395
-1.32266e-05
-0.000897803
-0.00102036
-0.000146284
-0.00103359
-0.000487718
-0.000634002
0.00131965
5.62526e-06
0.00140429
-0.00114223
0.000131668
-0.0011366
-0.000751237
-0.00061957
0.00113513
-0.000843071
0.00139949
-0.000894157
-3.64585e-06
-0.000785471
0.00125872
0.000145569
0.00138462
0.000541552
-0.00180768
0.00102221
-0.000677061
0.00207655
-0.00165535
0.00109995
-7.77335e-05
0.000860558
-0.000864204
-0.00123915
0.000205559
-0.00037859
-0.000636552
-0.000430992
0.000636192
-0.000490622
-0.00121414
7.75348e-05
-0.000577945
-0.000648702
-0.000571167
-0.000306323
0.000847876
0.00177023
0.00116017
-6.02205e-05
0.000295962
-0.000847349
0.000356726
5.27018e-07
0.000774528
0.000995701
0.000696794
0.000440208
0.000256586
0.000379987
-0.00064262
0.00026403
-0.000346658
-0.000442778
-0.000178747
-0.00077585
0.000197905
-0.000419123
-0.000590395
-0.00039249
-0.00059594
0.000596467
0.000399761
-0.000488069
0.000141411
-0.000108081
-0.000636812
0.000217689
-4.03454e-05
-0.000308594
0.000200513
-5.20076e-05
0.000347754
-0.000221266
-7.98556e-05
-0.000412591
-0.000194902
-0.000341628
0.000146725
-0.000166293
8.64378e-05
3.42194e-05
-0.000381973
-2.19073e-05
3.49443e-05
)
;

boundaryField
{
    movingWall
    {
        type            calculated;
        value           uniform 0;
    }
    fixedWalls
    {
        type            calculated;
        value           uniform 0;
    }
    frontAndBack
    {
        type            empty;
        value           nonuniform List<scalar> 0();
    }
    defaultFaces
    {
        type            empty;
        value           nonuniform List<scalar> 0();
    }
}


// ************************************************************************* //
