/*--------------------------------*- C++ -*----------------------------------*\
  =========                 |
  \\      /  F ield         | OpenFOAM: The Open Source CFD Toolbox
   \\    /   O peration     | Website:  https://openfoam.org
    \\  /    A nd           | Version:  8
     \\/     M anipulation  |
\*---------------------------------------------------------------------------*/
FoamFile
{
    version     2.0;
    format      ascii;
    class       volScalarField;
    location    "0.021";
    object      p;
}
// * * * * * * * * * * * * * * * * * * * * * * * * * * * * * * * * * * * * * //

dimensions      [0 2 -2 0 0 0 0];

internalField   nonuniform List<scalar> 
424
(
5.32422e-06
0.0565138
0.0135593
0.113563
0.09649
0.24767
0.0980159
0.0490515
0.27726
0.494391
0.472583
0.485092
0.00629527
-0.154317
0.506935
0.748615
0.505948
0.511435
-0.423264
-0.187544
0.747971
1.00132
0.671206
0.671903
-0.675586
-0.437978
-0.376895
-0.391863
0.987199
1.26636
1.47026
1.53415
0.849445
0.847547
-3.52226
-0.890436
-1.11124
-1.38653
-0.678307
-0.412428
-0.417434
1.23266
1.42487
1.52134
1.41582
1.00716
1.0048
-2.88851
-2.65643
-0.888666
-1.12267
-1.17921
-0.577709
-0.578878
1.4331
1.47268
1.03011
1.0264
-2.27453
-1.13367
-0.761465
-0.759186
1.51919
1.67544
-1.05774
-0.625812
-0.949334
-0.948433
1.92423
1.70846
-0.022856
-0.602625
-1.01956
-1.04381
2.18024
1.93668
1.89233
1.90508
0.7259
0.00626033
4.37461
2.40261
1.47138
2.10377
2.68277
5.24943
2.87978
2.61383
2.17802
1.94041
1.94594
0.7313
-0.384424
3.94653
2.39587
1.45698
2.0811
2.56874
4.53134
2.63692
2.6242
2.10325
2.10398
-0.163553
-0.410177
2.29178
2.28938
0.391446
-0.163888
2.48769
2.49237
0.976578
0.39089
2.5784
2.60925
1.55705
0.975527
1.81455
1.55208
1.83259
0.130103
0.0394902
0.0478057
0.0753364
0.0922599
0.164619
-0.0282893
0.0100351
0.22222
0.314646
0.330047
0.151107
0.175885
0.216937
0.333585
0.30206
0.293798
0.442258
0.455864
0.443687
0.0614676
-0.00074607
0.067928
0.0353616
-0.0185553
-0.0632916
-0.0427182
-0.160512
-0.0823806
-0.188013
-0.00147132
0.0445105
0.0703508
0.115202
0.301431
0.169832
0.362373
0.352623
0.487358
0.510047
0.581739
0.510924
0.597168
-0.0353102
-0.0370076
-0.186124
-0.2053
-0.232978
-0.265586
-0.271758
-0.0501566
-0.279725
-0.095292
-0.229259
0.641472
0.637659
0.749828
0.782277
0.677429
0.783283
-0.295292
-0.283395
-0.440336
-0.339022
-0.400905
-0.377325
-0.349054
0.885015
0.884666
0.984912
0.958572
1.05297
0.85311
0.943906
-0.547573
-0.67375
-0.503661
-0.555666
-0.41972
-0.515452
1.13433
1.14914
1.20697
1.21561
1.27386
1.22104
1.10981
1.18367
1.00536
1.0833
-0.790882
-0.885206
-0.69758
-0.779182
-0.583779
-0.701811
1.32544
1.30395
1.31666
1.35563
1.39855
1.38159
1.37861
1.38477
1.38955
1.49336
1.49719
1.44946
1.18689
1.27224
1.04278
1.18732
1.35444
1.38508
1.45411
-1.2661
-1.65528
-2.50323
-2.09276
-1.01984
-1.11809
-1.23108
-1.01949
-0.871406
-0.93937
-0.766165
-0.872802
-1.14784
-1.25745
1.50043
1.44644
1.45716
1.45146
1.5157
1.45617
1.46851
1.51808
1.56169
1.58736
1.68442
1.3403
1.43399
1.51303
1.4944
1.14447
1.2653
-1.49001
-1.42126
-1.64037
-1.23455
-1.08415
-1.10617
-1.15165
-1.01039
-1.07379
-0.945619
-1.02315
-0.85684
-1.19704
-1.10239
-1.07504
-1.11962
-1.22357
1.56533
1.62122
1.69629
1.55665
1.73368
1.72868
1.75883
1.78239
1.56493
1.77011
1.61155
1.73353
-0.82397
-0.72569
-0.946611
-0.59688
-0.699191
-0.565037
-1.10009
-1.10817
-0.74656
-0.757313
-1.02944
-1.13089
-1.0391
-1.07875
-1.24372
-1.17384
-1.05396
-0.754453
1.77486
1.78854
1.93953
1.86575
1.90996
1.88051
1.87003
-0.397918
-0.401461
0.0252528
-0.357856
-0.0583978
-0.410267
-0.346026
-1.40252
-1.31449
-1.08561
-1.21758
-1.16022
-1.51733
-1.48904
-1.19966
2.06522
2.18041
2.01297
2.06337
1.94404
2.02764
0.309802
0.735716
0.0733398
0.325272
-0.160988
0.144009
-1.13169
3.71174
4.06245
2.31221
2.39145
2.18806
2.30971
2.1095
2.20023
1.14358
1.44964
0.8038
1.13452
0.415634
0.790383
2.57591
3.13237
2.53276
2.61892
1.88697
2.07368
2.37317
2.73472
3.0078
2.74594
3.21377
2.64667
2.52203
2.39996
2.47232
2.29089
2.3922
1.90212
1.43588
1.52532
0.97887
1.352
2.28168
2.91934
2.6588
2.6197
2.17531
2.20231
2.79674
2.67642
2.69926
2.67841
2.58101
2.59589
2.47876
2.58865
1.7873
2.03393
1.56565
1.76785
2.39381
2.65188
2.62762
2.64345
2.1534
2.35593
2.76615
2.62994
2.67572
2.59663
2.67036
1.83787
2.11781
2.62449
2.97435
2.88352
2.52929
2.56554
3.09757
3.05672
2.63388
2.5506
)
;

boundaryField
{
    movingWall
    {
        type            zeroGradient;
    }
    fixedWalls
    {
        type            zeroGradient;
    }
    frontAndBack
    {
        type            empty;
    }
    defaultFaces
    {
        type            empty;
    }
}


// ************************************************************************* //
