/*--------------------------------*- C++ -*----------------------------------*\
  =========                 |
  \\      /  F ield         | OpenFOAM: The Open Source CFD Toolbox
   \\    /   O peration     | Website:  https://openfoam.org
    \\  /    A nd           | Version:  8
     \\/     M anipulation  |
\*---------------------------------------------------------------------------*/
FoamFile
{
    version     2.0;
    format      ascii;
    class       surfaceScalarField;
    location    "0.021";
    object      phi;
}
// * * * * * * * * * * * * * * * * * * * * * * * * * * * * * * * * * * * * * //

dimensions      [0 3 -1 0 0 0 0];

internalField   nonuniform List<scalar> 
662
(
-1.97343e-05
1.56088e-05
4.12459e-06
2.00449e-05
-3.97792e-05
-8.51431e-05
3.49363e-05
6.58156e-05
-1.67872e-05
2.09118e-05
-0.000146784
8.16858e-05
1.01072e-05
-4.98864e-05
9.05274e-05
-7.23783e-05
-2.17809e-05
4.26927e-05
-0.000174699
3.80221e-05
1.70929e-06
-5.15957e-05
2.08238e-06
-0.000117967
-4.47243e-06
0.000120357
-3.32487e-05
3.5331e-05
0.000158417
-8.96702e-05
5.41508e-05
-1.14581e-05
-0.000177699
4.70958e-06
-7.70522e-07
-5.08251e-05
1.12314e-06
-0.000113252
-5.83833e-06
-3.21255e-05
5.59174e-05
-1.76663e-06
0.000189104
-4.21449e-05
-0.000175698
-2.77166e-06
-2.23469e-06
-4.85904e-05
3.55996e-06
-0.000100051
-1.67603e-05
-2.85656e-05
5.56383e-05
2.79175e-07
0.000191985
-4.64825e-06
-1.43669e-06
0.000119528
-0.000119729
1.63774e-06
3.36379e-05
-3.50746e-05
-0.000171196
-6.73679e-06
-3.97211e-05
-8.86938e-06
-2.12848e-05
-1.84363e-05
-1.65711e-05
-4.71371e-06
4.68366e-06
-8.53545e-05
-1.93804e-05
-2.3882e-05
-0.000140916
-0.00075714
0.000898056
5.88878e-05
-3.24954e-06
8.84655e-05
-2.95777e-05
-5.24509e-05
0.000192619
-3.54289e-07
-4.4401e-07
0.000116755
3.2163e-06
3.31939e-05
-0.000147738
-3.23277e-05
-9.30589e-05
-7.3115e-05
-4.27906e-05
-6.68394e-05
2.14194e-05
-2.61331e-05
3.33033e-06
-7.44812e-05
-1.42037e-05
-2.05517e-05
-0.000387511
0.000704484
-0.00107411
-0.000953208
0.00185126
0.000209971
-2.0602e-05
0.00028806
-0.000107666
-0.000151903
-3.48266e-06
0.000103585
1.66528e-05
2.97113e-05
-0.000112466
9.10949e-05
2.62876e-05
-5.24207e-05
-2.53116e-07
-3.73273e-07
-7.38548e-05
-2.08047e-05
0.00135158
-0.0016003
-0.000106497
0.00195776
-4.02274e-06
9.00327e-05
1.75751e-05
2.56886e-05
-0.000190792
0.000104613
-6.38304e-05
1.14098e-05
0.00160948
-0.000364397
0.00199097
-3.32119e-05
-2.77519e-06
7.75885e-05
1.52194e-05
2.29135e-05
-6.61208e-05
2.29038e-06
-0.000220627
4.12451e-05
0.00198913
1.83921e-06
0.00170375
-0.00012748
-5.47464e-06
2.97304e-05
5.33327e-05
1.74388e-05
-6.55132e-05
-6.07578e-07
-0.000224792
6.45549e-06
-6.11463e-08
-0.000108782
0.000105445
3.39835e-06
-3.06463e-05
3.05851e-05
0.00195925
2.98789e-05
0.00172422
-1.86304e-05
-0.00180504
0.000950054
0.000854987
-6.60766e-05
5.63354e-07
0.00191515
4.41053e-05
0.00187674
3.84078e-05
7.17007e-05
0.00015592
0.000794134
9.77448e-05
5.81749e-05
3.16682e-05
-0.000225367
-3.25684e-08
-4.07221e-07
-0.000109507
1.13249e-06
-3.10535e-05
0.00170479
4.93064e-05
-0.00017537
-7.87168e-06
4.17262e-05
0.000141516
-0.00136048
0.00078213
0.00143334
-0.000236381
1.15769e-05
0.00166438
8.45111e-05
0.00157814
0.00012465
0.00028936
0.000412158
0.00116411
0.000315206
0.000155127
0.000110494
-8.27506e-08
-0.000108453
-9.71043e-07
-3.11362e-05
-0.000182862
-1.51585e-06
9.00726e-06
-5.41515e-05
4.62799e-05
4.33112e-07
-0.000106492
-2.3941e-06
-3.0703e-05
-0.000167345
4.73042e-06
-2.02475e-05
-5.56674e-05
1.58544e-06
-9.6567e-05
-1.15107e-05
-2.91176e-05
-0.000145077
7.3133e-06
-2.95811e-05
-5.0937e-05
7.9196e-06
-4.25613e-05
-6.19253e-05
-2.1198e-05
-0.000129904
4.28414e-06
-1.94567e-05
-4.36236e-05
3.84934e-06
-1.99304e-05
-0.000113823
-3.93395e-05
-3.54902e-05
0.000482073
-0.000400388
-0.000134863
0.000200679
0.00034721
0.0001283
-0.000920358
0.00050096
0.000419398
-0.000517493
-0.000402865
-0.000642901
0.000357638
0.000285263
-0.000141941
-0.000721652
0.000204159
-0.000117146
-0.000604506
-0.000354751
0.000237605
0.000202503
-0.000602891
-0.000616489
0.000818992
-0.00101935
3.92804e-05
-0.000643787
-0.000980073
-0.000564868
-9.71245e-05
-0.000546662
-0.000359223
-0.000456348
-0.000398571
0.000526871
-0.000767632
0.00118703
-5.13603e-05
0.000111128
0.0010759
0.000468766
0.000437201
9.54127e-05
0.000373353
0.00040783
-0.000122567
0.000503243
-0.000455511
0.000332944
-0.000597452
-0.000393293
-0.000155688
3.5331e-05
0.000206153
-0.000771021
-0.000773921
-0.00132058
-0.000766312
-5.57167e-05
-0.00126487
-0.000462186
-0.000517903
-0.000231846
0.000669047
0.000844056
0.00121741
0.000626902
0.000231927
0.000985483
0.000389964
0.000113278
0.000621891
0.00017814
0.000154803
0.000291419
3.50746e-05
0.000116457
-0.000882769
-0.00114841
-0.000885541
2.84971e-05
-0.00117691
-0.000534663
-0.000506166
-0.000164112
0.000791014
0.00082137
0.000786366
0.000425051
0.00019684
0.00124642
0.000293057
0.000489897
1.23364e-05
-0.000897877
-0.00116457
-0.000904614
-0.00122344
5.88736e-05
-0.000797687
-0.000425756
-0.000525546
-0.000466673
0.000751891
3.44747e-05
0.000751537
0.00125899
-1.25681e-05
0.00129346
0.000493113
0.000480545
-0.000317775
-0.000586839
-0.00111546
-0.000908946
-0.000206516
-0.000619166
-0.000376191
-0.000532756
0.000381936
-0.000588452
-0.000673847
0.000248091
-0.000291911
-0.000480877
-0.000232785
0.000883685
-0.000132148
0.000863083
0.00136598
-7.25147e-05
0.00123383
0.000497198
0.000424683
0.000297508
-0.000443357
0.00014585
-0.000290945
-0.000667135
-0.000130641
-0.000312716
0.000338976
-0.000412091
-0.00028019
-0.000812946
5.83833e-05
-0.00087133
-0.000608752
-0.000123427
-0.000288663
-0.000190267
-9.91719e-05
-0.000379047
8.71355e-05
-0.000233197
-0.000233159
-0.000146023
-0.000155196
-7.80008e-05
-0.000285837
-0.000129633
-0.000156205
0.00141904
-0.00157094
0.00200214
-0.000583104
0.000928031
-0.000672271
0.000831615
3.14676e-05
0.000723949
-0.000846994
-0.000801047
0.000832515
0.00129835
-6.45239e-05
0.000497308
0.000442258
0.000377734
0.000517394
-0.00136439
0.0013603
-0.000842907
0.000476911
-0.000606543
-0.000164194
-0.000444557
9.67185e-05
-0.000385382
0.000774611
-0.00121917
-0.000484554
-0.000422027
-0.000184517
-0.000379941
-0.000512461
9.04349e-05
2.25619e-05
-0.000535023
-0.000240683
9.46595e-05
-0.000318683
0.000474888
-0.000384453
-2.08047e-05
-0.00224619
0.00166308
-0.000885887
0.000990814
-0.000731648
-0.000154239
0.000626417
0.00119737
-0.000364852
-0.000167022
0.0006311
-0.000133792
0.000266248
0.000392954
0.000259161
0.000543765
-3.43398e-05
-0.000509425
-0.000114688
-0.000728219
-0.000846336
-0.000302571
0.000282116
-0.000449138
-0.000446104
-0.000830828
-0.000388341
-0.00101534
-0.000992782
-0.000768281
-0.000727036
-8.16805e-05
-0.000911102
-0.00048069
-5.43331e-05
-0.000562371
-0.000248423
-0.00013603
-0.000302756
-3.05851e-05
-0.000761314
0.000607074
-0.000795653
0.00123349
0.00110601
-0.000296524
-0.000499129
0.000505203
-0.000801727
0.000469943
-0.000203695
2.08056e-05
0.000753946
-0.000248743
0.000244521
0.000288892
8.51961e-05
0.000350476
-0.000105955
4.7905e-05
0.000214415
-0.00019361
-0.000231688
-0.000183783
-0.000388328
0.000139585
-0.000118663
-0.000792439
-0.000845699
-0.000839243
-0.000426301
-0.00013607
-0.00121874
-0.000299358
-0.000435428
0.000178146
-0.000677275
0.00128416
0.00126553
-0.000456582
-0.000345145
-0.00113386
-0.000346602
-0.000691746
0.000155968
-7.07716e-05
-3.76421e-05
-0.000221425
0.00032738
-0.000187796
1.74388e-05
-4.62799e-05
-0.000892635
5.33912e-05
-0.000892667
-0.00118089
-3.78532e-05
-0.0011275
-0.000434296
-0.000472149
0.00124832
1.72043e-05
0.00129763
-0.00107013
-6.37243e-05
-0.00105293
-0.000682739
-0.000746463
0.00116314
0.000270197
0.00232725
-0.000879263
-1.34038e-05
-0.000867686
-0.000985706
-0.000141789
-0.00099911
-0.00047312
-0.000614909
0.00129071
6.92143e-06
0.00137522
-0.0011874
0.000134473
-0.00118048
-0.000766711
-0.000632238
0.00111679
-0.000827428
0.00138699
-0.000870669
2.98275e-06
-0.000760176
0.00123697
0.000138247
0.00136162
0.000534193
-0.00178996
0.00102979
-0.000692411
0.0020794
-0.00163484
0.00107644
-4.66559e-05
0.000833178
-0.000830196
-0.00119791
0.000198803
-0.000364735
-0.000617303
-0.000418499
0.000664806
-0.000526559
-0.00125972
7.92388e-05
-0.000594912
-0.000661819
-0.000582581
-0.000339134
0.000873327
0.00174026
0.00112214
-4.56966e-05
0.000291944
-0.000890053
0.000363494
-1.67262e-05
0.000733631
0.00100663
0.000686976
0.000421002
0.000265973
0.000375306
-0.000622388
0.000257653
-0.000330443
-0.00043001
-0.000172357
-0.000796645
0.000201732
-0.00043315
-0.000602037
-0.000400305
-0.000623181
0.000606455
0.00038345
-0.000470772
0.000140329
-9.54663e-05
-0.00065343
0.000220279
-4.69748e-05
-0.000296848
0.000201382
-3.08747e-05
0.000352575
-0.000214918
-7.45896e-05
-0.000420236
-0.000199956
-0.000349269
0.000149313
-0.000157713
8.31233e-05
4.36689e-05
-0.000396244
-2.1198e-05
3.54902e-05
)
;

boundaryField
{
    movingWall
    {
        type            calculated;
        value           uniform 0;
    }
    fixedWalls
    {
        type            calculated;
        value           uniform 0;
    }
    frontAndBack
    {
        type            empty;
        value           nonuniform List<scalar> 0();
    }
    defaultFaces
    {
        type            empty;
        value           nonuniform List<scalar> 0();
    }
}


// ************************************************************************* //
