/*--------------------------------*- C++ -*----------------------------------*\
  =========                 |
  \\      /  F ield         | OpenFOAM: The Open Source CFD Toolbox
   \\    /   O peration     | Website:  https://openfoam.org
    \\  /    A nd           | Version:  8
     \\/     M anipulation  |
\*---------------------------------------------------------------------------*/
FoamFile
{
    version     2.0;
    format      ascii;
    class       volVectorField;
    location    "0.021";
    object      U;
}
// * * * * * * * * * * * * * * * * * * * * * * * * * * * * * * * * * * * * * //

dimensions      [0 1 -1 0 0 0 0];

internalField   nonuniform List<vector> 
424
(
(-0.00288607 -0.000169889 6.80353e-26)
(-0.0141858 0.000944864 0)
(-0.0127521 0.00269805 2.06095e-23)
(0.000157643 0.00308996 -1.11978e-24)
(-0.0456721 0.00498517 -2.49302e-23)
(-0.022295 0.000828371 -3.38293e-23)
(-0.00291539 0.0134415 3.09743e-24)
(-0.000976871 0.0149916 -6.66385e-25)
(-0.0662678 0.002529 -3.60654e-23)
(-0.0249636 0.000294578 3.10528e-23)
(-0.0680687 0.00219572 9.51233e-23)
(-0.0233336 0.00044534 0)
(-0.00503173 0.0484813 1.23143e-24)
(-0.000942558 0.0236548 0)
(-0.0718655 0.000562079 3.2966e-23)
(-0.0247971 -4.13406e-05 1.74875e-23)
(-0.0571628 0.000669053 0)
(-0.0190855 7.60644e-05 0)
(-0.000340073 0.0262459 0)
(-0.0026102 0.0705422 -2.80717e-23)
(-0.0708897 3.86318e-05 3.49046e-23)
(-0.0249863 -0.000337135 -1.87294e-23)
(-0.0554744 0.000233767 0)
(-0.0190632 5.56275e-05 0)
(1.28903e-05 0.0252426 1.30969e-23)
(-0.00019886 0.0753645 2.53323e-23)
(-0.00224861 0.066365 -3.70812e-23)
(-0.000399878 0.0226792 -3.84705e-23)
(-0.0724125 -0.000343815 5.87368e-23)
(-0.0224539 -0.000829294 0)
(-0.0145465 -0.000949841 -1.31219e-22)
(-0.00299203 0.000193876 0)
(-0.0513548 -1.65475e-05 -1.05595e-22)
(-0.017528 3.85811e-05 9.87429e-23)
(-0.0222507 0.0479119 6.83977e-23)
(0.000237857 0.0259373 0)
(0.00012865 0.0287784 -2.26794e-22)
(0.00336284 0.0626758 2.33639e-22)
(8.04538e-05 0.0720977 2.80042e-23)
(-0.000414804 0.0582251 3.92251e-24)
(-8.61354e-06 0.0194388 -3.85017e-24)
(-0.0674136 -0.00249578 -1.05237e-22)
(-0.0472295 -0.00530401 1.33031e-22)
(-0.0137326 -0.00301813 0)
(0.000196087 -0.00330743 -2.95758e-22)
(-0.0479277 -0.000262086 3.47136e-22)
(-0.0157613 -3.27091e-05 0)
(-0.106137 0.152376 -1.89124e-22)
(0.809173 0.0278652 -5.02991e-23)
(-0.000683754 0.0754219 -1.6249e-23)
(-0.00581823 0.0840263 0)
(-0.00519514 0.165123 -3.61397e-24)
(-0.000238371 0.0561088 0)
(-4.38343e-05 0.019348 0)
(-0.00389389 -0.0147803 5.94547e-23)
(-0.00123126 -0.0165206 2.58671e-22)
(-0.0515357 -0.000608689 0)
(-0.0170071 -0.000148903 0)
(0.405316 0.118639 1.41816e-22)
(0.860877 -0.00379042 -1.19918e-23)
(0.000141721 0.0527836 -9.29668e-23)
(-9.15637e-06 0.0182034 8.81224e-23)
(-0.00649268 -0.0524608 0)
(-0.00101908 -0.0259181 0)
(0.54964 0.012757 1.57386e-22)
(0.881876 -0.00214987 0)
(0.000388469 0.0500475 -8.00169e-23)
(9.59252e-05 0.017008 7.36346e-23)
(-0.000331722 -0.0283713 6.02273e-23)
(-0.00291141 -0.0761156 -1.85851e-23)
(0.879831 -0.00128799 -1.37345e-23)
(0.623605 0.00200918 -1.16394e-22)
(-0.00231614 0.0541228 0)
(-0.000214721 0.0204509 0)
(7.79466e-05 -0.0279746 4.72454e-23)
(-0.000372724 -0.0805331 1.90925e-23)
(-0.00182277 -0.0637902 -3.95987e-22)
(-0.000328353 -0.0217768 0)
(0.878271 -0.000317912 1.29753e-23)
(0.634171 -0.00074923 -4.96082e-23)
(0.826589 -0.0267693 0)
(0.000335064 -0.0278694 -9.09372e-23)
(0.880902 0.00140805 0)
(0.885905 0.00205037 0)
(0.865328 0.00377104 0)
(-0.019502 -0.0490245 0)
(0.00356825 -0.0677215 -4.79918e-22)
(0.000155645 -0.0299319 5.94654e-22)
(0.0002923 -0.0792696 4.36287e-23)
(-0.000538398 -0.0558808 0)
(-3.53641e-05 -0.01869 0)
(0.636508 -0.00072969 -2.07989e-23)
(-0.106723 0.00183526 -4.1903e-23)
(0.447067 -0.115119 9.64445e-22)
(-0.000497476 -0.0809176 -8.90675e-23)
(0.638855 0.00130161 -1.23624e-22)
(0.640523 -0.00134438 2.57139e-22)
(0.568201 -0.0107136 -1.2415e-21)
(-0.108523 -0.153484 -1.807e-22)
(-0.00655376 -0.177329 7.0003e-22)
(-0.00661593 -0.0875779 -5.6836e-22)
(5.23337e-05 -0.0555042 -3.09464e-23)
(3.41204e-05 -0.0191252 3.00117e-23)
(-0.0950207 4.15487e-05 0)
(-0.0411119 -5.49724e-05 -4.07287e-23)
(0.000380151 -0.057536 -1.38344e-22)
(5.9675e-05 -0.0199006 -1.31533e-22)
(-0.0973598 -0.000322999 2.392e-23)
(-0.0344121 1.99538e-06 0)
(-6.04265e-05 -0.0562132 9.95206e-23)
(8.57057e-05 -0.0194127 -9.48743e-23)
(-0.0909404 -0.000141132 -2.48145e-22)
(-0.0357265 -0.000112503 -2.2649e-23)
(-0.00304626 -0.0586664 0)
(-0.000236209 -0.022906 0)
(-0.0839096 0.00031562 1.35633e-22)
(-0.0331758 -6.74096e-05 0)
(-0.0952272 -0.00158425 0)
(-0.0299012 -6.0137e-06 1.21325e-22)
(-0.0356004 -0.000104325 0)
(-0.0766413 0.0164054 2.51616e-24)
(-0.0228655 0.011381 0)
(-0.0611943 0.0338143 0)
(-0.0116655 0.024019 -1.76879e-24)
(-0.124901 0.102989 2.63636e-23)
(-0.151474 0.0713284 4.72544e-22)
(-0.083221 0.131063 3.63364e-23)
(-0.103492 0.112322 -1.26543e-23)
(-0.148641 0.0602248 -7.95217e-22)
(-0.153256 0.0359649 -2.61104e-23)
(-0.131598 0.0275223 -7.13478e-22)
(-0.117902 0.0276865 -1.92068e-22)
(-0.1403 0.0458047 -6.36084e-22)
(-0.159352 0.0491678 8.30575e-22)
(-0.166264 0.0234714 -5.95821e-22)
(-0.173111 0.0259409 1.07394e-22)
(-0.107673 0.00644584 1.80846e-22)
(-0.158764 0.00712533 1.2358e-21)
(-0.10564 0.00530021 2.59904e-22)
(-0.131088 0.00283197 3.37857e-22)
(-0.0352558 0.0619869 2.84317e-23)
(-0.0993816 0.108603 0)
(-0.0687824 0.0652095 -2.35349e-23)
(-0.0975634 0.0877611 0)
(-0.0706113 0.133295 5.41451e-23)
(-0.0722362 0.142441 -1.39433e-22)
(-0.0184976 0.0829605 -4.58718e-25)
(-0.0482495 0.158749 2.19209e-22)
(-0.0672583 0.129146 -4.8269e-23)
(-0.0454988 0.151736 2.85112e-22)
(-0.0594536 0.100446 -6.18275e-23)
(-0.0942341 0.0891737 -2.73605e-23)
(-0.105112 0.0639794 0)
(-0.0919472 0.0347483 1.21741e-22)
(-0.0225502 0.0023548 -2.96227e-22)
(-0.0633323 0.0136468 3.41759e-22)
(-0.1541 0.00846447 0)
(-0.17219 0.0088267 0)
(-0.18054 0.00218411 -8.57508e-22)
(-0.120078 0.000709735 -1.54244e-21)
(-0.174422 0.00218633 2.79174e-21)
(-0.0986648 0.00149367 7.05843e-22)
(-0.138979 -0.000248644 7.38116e-22)
(-0.0334724 0.12613 -2.39387e-23)
(-0.042534 0.147103 2.33184e-23)
(-0.0326711 0.170896 -2.34902e-22)
(-0.00616772 0.113726 7.81387e-22)
(-0.0198097 0.175447 1.16259e-22)
(-0.0250855 0.14529 4.88022e-23)
(-0.0142822 0.161654 -2.99212e-22)
(-0.0324186 0.0861821 1.71708e-22)
(-0.0199015 0.126978 -1.16331e-21)
(-0.013912 0.0622073 0)
(-0.00237658 0.0221905 0)
(-0.163592 -0.000910843 8.73096e-22)
(-0.179846 -0.000213636 -2.60443e-21)
(-0.122694 0.000681546 -9.1886e-22)
(-0.171705 0.000122318 2.91094e-21)
(-0.0965663 -4.41433e-05 -1.15387e-21)
(-0.139757 -0.000443181 1.43695e-21)
(-0.00524049 0.15807 -6.98806e-22)
(-0.00638711 0.17567 5.23557e-22)
(0.00112645 0.123683 0)
(-0.0047423 0.153936 0)
(-0.00168913 0.180181 -1.05526e-21)
(-0.00383718 0.09986 7.94727e-22)
(-0.000382981 0.128464 0)
(-0.163423 0.00200865 8.73343e-22)
(-0.177939 0.00123308 1.98619e-22)
(-0.12647 0.000668332 1.25944e-21)
(-0.170976 -0.00161583 -1.91375e-21)
(-0.176366 -0.00327088 -2.01443e-21)
(-0.0929429 -0.000683608 -2.2672e-21)
(-0.13135 -0.000623618 9.84528e-22)
(0.00358498 0.16199 7.68235e-22)
(0.000853947 0.118208 -8.1349e-22)
(-0.000436641 0.17453 2.56047e-21)
(0.00224295 0.180123 -1.97872e-21)
(-0.000659818 0.101422 0)
(0.000602439 0.140371 0)
(-0.155628 -0.00610487 -1.44891e-21)
(-0.174301 -0.00857177 0)
(-0.173053 -0.0264193 1.7647e-21)
(-0.109775 -0.00628545 1.05643e-21)
(-0.163279 -0.034115 -1.96562e-21)
(-0.164505 -0.0316204 -3.24546e-21)
(-0.148912 -0.00715617 1.95919e-21)
(-0.15507 -0.023314 1.79048e-21)
(-0.0921791 -0.0007453 -2.94501e-22)
(-0.118312 0.000384157 0)
(-0.000435311 0.161881 -4.28616e-22)
(-0.00389751 0.127611 0)
(0.00103731 0.173223 0)
(-0.000327398 0.178487 3.27898e-22)
(-5.39615e-05 0.0956492 0)
(0.00164749 0.138856 0)
(-0.143078 -0.0629858 0)
(-0.155413 -0.0558875 -2.16079e-21)
(-0.155549 -0.0597401 2.9187e-21)
(-0.129509 -0.0839851 0)
(-0.075594 -0.0156558 0)
(-0.122311 -0.0266277 -1.21876e-21)
(-0.140518 -0.0338143 -2.28247e-21)
(-0.128622 -0.0662862 2.80297e-21)
(-0.140248 -0.0787899 -1.47829e-22)
(-0.0622038 -0.0325349 -7.01926e-22)
(-0.0240472 -0.0114744 0)
(-0.0132507 -0.0248468 2.1482e-21)
(-0.13168 -0.0322386 7.38928e-22)
(-0.135772 -0.0546536 -1.8359e-21)
(-0.0839938 -0.00143668 -1.30282e-21)
(-0.114167 -0.0257764 1.8617e-21)
(-0.113382 -0.069437 8.61848e-22)
(-0.116769 -0.0851553 0)
(-0.100729 -0.0985074 1.57253e-21)
(-0.0310213 0.231605 3.18922e-24)
(-0.129849 0.296975 -2.99e-21)
(-0.141734 0.223033 3.13531e-21)
(0.117769 0.186272 -2.52704e-21)
(-0.015687 0.165232 1.44179e-21)
(-0.0180971 0.134641 -1.74577e-21)
(-0.0494838 0.202649 -8.9348e-22)
(-0.0170443 0.176411 -3.08118e-21)
(0.000748008 0.169732 -7.90871e-22)
(-0.00788574 0.173817 3.19221e-21)
(0.00108535 0.0909108 0)
(0.00216706 0.129388 2.90806e-22)
(-0.0645638 0.193466 4.23684e-21)
(-0.103409 0.187336 -1.32079e-21)
(-0.103609 -0.114748 4.15049e-21)
(-0.123618 -0.100736 2.47629e-21)
(-0.121171 -0.102664 -3.32974e-21)
(-0.0740875 -0.0594555 5.32771e-22)
(-0.0925687 -0.115781 0)
(-0.0979647 -0.0829522 2.47798e-22)
(-0.0366665 -0.0604832 -3.00261e-21)
(-0.0816893 -0.135982 -5.8416e-21)
(-0.0217258 -0.0853534 0)
(-0.0673709 -0.136935 2.05084e-21)
(-0.0479375 -0.153859 0)
(-0.076401 -0.0265458 3.18425e-21)
(-0.0926754 -0.0599485 0)
(-0.0582094 -0.10249 -4.67268e-21)
(-0.0833463 -0.0914728 1.13925e-21)
(-0.0167628 -0.00139897 1.36379e-21)
(-0.0491555 -0.00916256 -5.48207e-21)
(-0.108708 0.235528 -5.3492e-22)
(-0.132212 0.198658 0)
(0.00742568 0.193378 1.97335e-21)
(-0.140817 0.105903 -1.29805e-21)
(0.261551 0.0565274 9.613e-22)
(-0.0281163 0.172916 2.0196e-21)
(-0.0502703 0.17145 -2.27499e-21)
(-0.00871305 0.14428 -1.67124e-21)
(-0.0193352 0.146761 2.88498e-21)
(0.000795508 0.0882841 1.34796e-21)
(-0.0064119 0.113805 -8.91658e-22)
(-0.161405 0.0168355 0)
(-0.112352 0.120886 -1.91943e-21)
(-0.1448 0.084397 1.08155e-22)
(-0.151835 0.0451995 3.14878e-21)
(-0.055444 0.131864 -1.23075e-21)
(-0.0885757 0.108591 1.19907e-21)
(-0.0608381 -0.141453 2.24937e-22)
(-0.0604852 -0.156003 5.0546e-22)
(-0.0454453 -0.166055 0)
(-0.03615 -0.122643 -2.84006e-22)
(-0.00829745 -0.124488 1.903e-23)
(-0.0270751 -0.171416 -3.58513e-21)
(-0.0296186 -0.149006 1.83498e-21)
(-0.0204433 -0.161048 -2.02862e-21)
(-0.0320764 -0.0895506 3.19343e-21)
(-0.0235592 -0.127351 -2.65554e-21)
(-0.0121606 -0.0590112 0)
(-0.0021199 -0.0207183 0)
(-0.0591232 0.0558303 -4.55999e-22)
(-0.121128 0.0256403 1.64091e-21)
(0.100091 0.0593408 -6.72457e-22)
(0.370772 0.0173614 1.68153e-21)
(-0.130558 0.0155536 0)
(-0.179152 0.00991385 0)
(-0.0174097 0.11359 -2.09203e-21)
(-0.0350954 0.108847 0)
(-0.169102 -0.00560278 0)
(-0.166571 0.000305278 0)
(-0.00702407 0.082746 0)
(-0.00691644 0.092806 -9.51662e-22)
(-0.127571 0.00273928 0)
(-0.126127 0.0303987 -3.18814e-21)
(-0.0460487 0.0598659 0)
(-0.0855054 0.0638643 0)
(-0.100362 0.0368769 2.70027e-21)
(-0.154606 -0.0116381 5.67988e-22)
(-0.0116067 -0.174774 2.51068e-21)
(-0.0109965 -0.160694 0)
(0.000235864 -0.129975 -4.01692e-23)
(-0.00699274 -0.153149 0)
(-0.00338579 -0.178644 0)
(-0.00436623 -0.0985851 -3.51324e-21)
(-0.00269002 -0.127271 3.20532e-21)
(-0.0516775 0.0165692 0)
(0.118111 0.0121581 -1.39469e-21)
(0.370726 0.00258632 0)
(-0.188778 0.00410826 -4.6978e-22)
(-0.160768 0.00881182 1.30682e-23)
(-0.145983 0.00528281 -2.51201e-22)
(-0.177492 0.00596665 1.30911e-22)
(-0.00519189 0.0287443 5.49472e-21)
(-0.0340103 0.022756 -1.03188e-21)
(-0.072266 0.0095075 -2.12315e-21)
(-0.085088 -0.0152681 0)
(-0.0857842 -0.00568427 0)
(0.000238328 0.00855843 1.72666e-21)
(-0.000362889 0.0213187 -6.51966e-21)
(-0.0653295 -0.00593993 0)
(0.00193893 -0.167806 -5.43836e-22)
(0.000384278 -0.12976 3.98218e-23)
(-0.00168388 -0.172366 -4.62686e-21)
(0.0011614 -0.179669 4.30363e-21)
(-0.00141977 -0.0963049 0)
(0.000245448 -0.137686 -5.35287e-22)
(0.0921364 -0.00258756 0)
(0.358485 -0.00154568 0)
(-0.174232 -0.00180645 4.23853e-22)
(-0.10062 -0.00207429 -3.62421e-22)
(-0.151912 0.000229308 3.32531e-22)
(-0.187554 0.0067561 -5.53642e-22)
(-0.0251089 -0.000920372 0)
(0.130172 -0.185859 -5.75877e-21)
(-0.150737 -0.225884 9.81858e-21)
(-0.00050817 -0.165825 1.67164e-22)
(-0.0033695 -0.132121 0)
(0.000963224 -0.171961 3.94699e-21)
(-0.000559275 -0.178541 -2.87698e-21)
(0.000608617 -0.0936545 0)
(0.00234761 -0.142635 -1.02808e-21)
(0.0840254 -0.000252102 -3.83593e-23)
(0.352733 -0.0033074 -2.09269e-21)
(-0.196302 -0.00310975 -2.13541e-21)
(-0.109578 -0.000332778 -6.22845e-22)
(-0.155013 0.00166885 5.30067e-22)
(-0.195284 -0.00175644 0)
(0.264309 -0.0525775 -6.95739e-21)
(0.0235577 -0.165138 -6.40174e-21)
(-0.0152128 -0.166403 0)
(-0.0195101 -0.138834 0)
(0.124702 -0.00818289 -3.06106e-21)
(0.378547 -0.0154699 2.60693e-21)
(0.123713 -0.0581871 1.15761e-20)
(-0.0554709 -0.20702 0)
(-0.115427 -0.216884 9.1863e-21)
(-0.035883 -0.24701 1.60068e-21)
(-0.149186 -0.303298 -2.59376e-21)
(-0.0682784 -0.188929 -1.45895e-23)
(-0.0155964 -0.175965 -3.83608e-21)
(0.000244563 -0.170851 1.64943e-21)
(-0.00640434 -0.17345 6.07037e-21)
(0.0011603 -0.102967 -3.64363e-21)
(0.000218702 -0.139797 2.36588e-21)
(-0.0553439 -0.0137106 2.45139e-21)
(-0.176542 0.00259331 3.72608e-21)
(-0.172159 -0.0057444 -3.36741e-21)
(-0.147007 7.38351e-05 2.48107e-22)
(-0.179129 -0.000189677 0)
(-0.0678973 -0.0639537 -3.84253e-21)
(-0.151988 -0.169825 -2.62754e-21)
(-0.0459918 -0.168707 -6.38503e-21)
(-0.0278005 -0.169917 7.54964e-22)
(-0.133623 -0.0141883 0)
(-0.121811 -0.0268114 -9.95742e-22)
(-0.134319 -0.168757 -6.7395e-21)
(-0.0917846 -0.172416 8.69715e-21)
(-0.0761809 -0.125193 6.389e-21)
(-0.0530568 -0.133875 0)
(-0.00769478 -0.137881 0)
(-0.0182024 -0.141715 -2.50997e-21)
(-0.0013705 -0.0959003 0)
(-0.00759869 -0.117263 0)
(-0.192391 0.000286681 2.81501e-21)
(-0.183298 -0.00454889 -5.43106e-21)
(-0.139631 0.00218224 -2.61224e-22)
(-0.172773 -0.00294962 -1.59244e-21)
(-0.160952 -0.0170334 5.15969e-21)
(-0.152218 -0.0700751 -4.45736e-21)
(-0.0194927 -0.11215 1.5058e-21)
(-0.0359514 -0.110669 3.62123e-21)
(-0.178681 0.00559673 4.45139e-21)
(-0.160646 0.00412112 -1.78661e-22)
(-0.0453226 -0.0607651 -8.00194e-21)
(-0.079794 -0.0739344 3.85094e-22)
(-0.113044 -0.0586596 1.41755e-21)
(-0.00746069 -0.0809873 0)
(-0.0088838 -0.0903139 -2.74794e-21)
(-0.140208 -0.0044839 -2.15644e-21)
(-0.162078 0.00886846 1.53079e-21)
(-0.0906297 0.0175825 1.42434e-21)
(-0.00757987 -0.0257266 0)
(-0.0358748 -0.0183416 3.56101e-21)
(-0.105868 0.0127752 1.602e-22)
(-0.0963206 -0.00657977 0)
(8.15804e-05 -0.00899295 0)
(-0.0015074 -0.0212694 0)
(-0.0628811 0.00700333 -3.73853e-21)
(-0.0231354 0.00117788 2.94236e-21)
)
;

boundaryField
{
    movingWall
    {
        type            fixedValue;
        value           uniform (1 0 0);
    }
    fixedWalls
    {
        type            noSlip;
    }
    frontAndBack
    {
        type            empty;
    }
    defaultFaces
    {
        type            empty;
    }
}


// ************************************************************************* //
