/*--------------------------------*- C++ -*----------------------------------*\
  =========                 |
  \\      /  F ield         | OpenFOAM: The Open Source CFD Toolbox
   \\    /   O peration     | Website:  https://openfoam.org
    \\  /    A nd           | Version:  8
     \\/     M anipulation  |
\*---------------------------------------------------------------------------*/
FoamFile
{
    version     2.0;
    format      ascii;
    class       volVectorField;
    location    "0.09";
    object      U;
}
// * * * * * * * * * * * * * * * * * * * * * * * * * * * * * * * * * * * * * //

dimensions      [0 1 -1 0 0 0 0];

internalField   nonuniform List<vector> 
656
(
(0.743372 0.0565316 -9.65477e-25)
(0.927889 0.0140691 1.86667e-24)
(0.954788 -0.00127375 0)
(-0.0910749 0.118994 2.40002e-23)
(0.556742 0.0977245 1.12098e-23)
(0.841242 0.000939744 0)
(-0.0571798 0.0672276 -4.93903e-23)
(-0.0145962 0.018846 9.85103e-24)
(0.968227 -0.000150839 0)
(-0.00050455 0.138601 -2.37828e-24)
(-0.00304953 0.193131 -7.83494e-23)
(-0.117738 0.172053 0)
(0.376006 0.139834 1.00526e-23)
(0.715019 0.00930684 0)
(0.890989 0.00127448 -1.70667e-22)
(0.906567 0.0005831 4.77898e-23)
(0.00104048 0.0823432 9.7052e-24)
(0.00137428 0.0267217 0)
(0.971852 -7.63389e-05 -3.43357e-23)
(0.913662 0.000298556 -1.43719e-22)
(-0.0123884 0.0928732 7.71104e-23)
(-0.00523407 0.0628721 0)
(-0.0239222 0.125115 1.33361e-24)
(-0.00789615 0.242543 1.53981e-22)
(-0.136115 0.223437 -1.67657e-22)
(0.210343 0.18042 -2.26587e-23)
(0.577674 0.0245875 0)
(0.8007 0.00637692 2.66449e-22)
(0.829494 0.00303221 -8.91623e-23)
(-0.00144234 0.0356645 0)
(-0.000151565 0.0114448 0)
(0.916986 0.000158363 5.13466e-23)
(0.973373 -4.69463e-05 -3.66607e-23)
(0.842959 0.00161742 1.95816e-22)
(0.849424 0.000810479 -5.18089e-23)
(0.854031 6.3495e-05 -1.08889e-22)
(-0.00677975 0.0608904 -1.05381e-22)
(-0.00280708 0.0409242 1.7071e-23)
(-0.0137926 0.0825097 -1.88325e-22)
(-0.0408484 0.158564 -1.577e-22)
(-0.01671 0.28282 1.665e-22)
(-0.143742 0.269547 -4.77702e-24)
(0.0686489 0.217917 4.55154e-22)
(0.433182 0.0474137 0)
(0.696558 0.0162323 0)
(0.739381 0.00802647 -3.6982e-22)
(-0.000821629 0.0230279 -5.40252e-24)
(-0.000128818 0.00732298 0)
(0.854943 -0.000883154 1.20144e-22)
(0.919453 2.84555e-05 -2.78104e-23)
(0.974008 -2.02055e-05 4.92918e-24)
(0.75977 0.00435529 0)
(0.769764 0.00218548 0)
(0.776842 0.000152017 -1.06666e-22)
(0.778387 -0.00237205 4.59706e-22)
(0.763627 -0.00604321 0)
(-0.0103745 0.0366041 2.00131e-22)
(-0.00502145 0.0257396 2.95145e-22)
(-0.00202819 0.0165171 -2.87514e-22)
(-0.0250269 0.104803 -1.85263e-22)
(-0.0193443 0.0489367 5.84787e-22)
(0.28681 0.0796721 -1.32799e-22)
(0.57847 0.0319868 1.75137e-22)
(0.635201 0.0165802 -5.20767e-22)
(-0.000553536 0.00884743 4.53702e-23)
(-6.7089e-05 0.00256179 6.0905e-23)
(0.84486 -0.00224245 -2.5466e-22)
(0.92 -0.00014638 8.54502e-23)
(0.974687 1.29039e-05 5.47827e-24)
(0.726768 -0.015198 -1.16792e-23)
(0.662692 0.00911922 0)
(0.676456 0.00466453 1.93316e-22)
(0.686386 0.000386412 2.04132e-22)
(0.68897 -0.00481306 -8.82331e-22)
(0.669711 -0.0125431 2.27279e-22)
(-0.00839881 0.0139349 8.88421e-22)
(-0.00405365 0.00913811 -6.83449e-24)
(-0.00182771 0.00550513 0)
(-0.000643611 0.00295304 1.0577e-22)
(0.447786 0.0558281 0)
(0.516952 0.0303682 6.66113e-22)
(-8.94479e-05 0.00127332 -1.00135e-22)
(5.5325e-05 0.00024139 -3.08628e-23)
(0.604786 -0.0240905 4.71813e-22)
(0.820259 -0.00592585 1.49694e-22)
(0.914484 -0.000374943 0)
(0.97503 4.19892e-05 -5.28356e-23)
(0.619973 -0.030231 -2.88771e-22)
(0.468209 -0.0472382 7.26193e-22)
(0.251479 -0.190757 -8.79081e-22)
(0.550825 0.0170804 0)
(0.568151 0.00874874 4.66271e-23)
(0.581239 0.000992546 -1.45194e-22)
(0.58554 -0.00871515 5.11886e-22)
(0.562579 -0.0231808 -8.69611e-22)
(-0.0147911 0.00626419 3.73776e-22)
(-0.00924715 0.0030667 -3.98853e-22)
(-0.00537224 0.00139791 -1.97735e-22)
(-0.00279646 0.000480315 3.91348e-22)
(-0.00116583 4.38414e-05 4.713e-23)
(-0.000203189 -6.20621e-05 -2.84976e-23)
(-0.136728 -0.250241 5.90066e-23)
(0.411944 -0.147966 -6.13836e-23)
(0.732778 -0.0090164 -7.95845e-22)
(0.901186 -0.00112448 0)
(0.973747 0.000109573 0)
(0.499721 -0.0539485 5.52146e-22)
(0.325512 -0.0810144 -2.7733e-22)
(0.106283 -0.230036 1.02582e-22)
(-0.141409 -0.298198 1.38428e-21)
(-0.0465804 0.0112551 0)
(-0.0340209 0.00583954 1.86863e-22)
(-0.0235914 0.00285792 -6.59976e-22)
(-0.0149878 0.00114531 1.84041e-22)
(-0.0079271 0.000287613 -4.38527e-23)
(-0.00212803 2.17918e-05 -2.72268e-23)
(-0.00754388 -0.28903 0)
(-0.120665 -0.194926 0)
(0.582914 -0.103403 4.88166e-22)
(0.850386 -0.000878694 -3.99584e-23)
(0.970606 0.000203289 -1.0304e-22)
(-0.015557 -0.33292 -1.64648e-21)
(-0.0760016 0.0100105 0)
(-0.0568623 0.00552753 1.9315e-22)
(-0.0403702 0.00276358 -1.41144e-24)
(-0.0262671 0.00117178 9.54886e-23)
(-0.0142712 0.000360379 -4.48734e-23)
(-0.00411641 7.18023e-05 0)
(-0.0276219 -0.164275 -5.51166e-22)
(-0.00296274 -0.233229 0)
(-0.094997 -0.136206 5.08316e-22)
(0.75789 -0.0597746 0)
(0.956555 0.00135216 7.64116e-23)
(-0.0466779 -0.205095 0)
(-0.0980845 0.00828976 0)
(-0.0741665 0.00460898 1.20078e-22)
(-0.0531752 0.00234378 -3.48152e-22)
(-0.0349417 0.0010281 1.12646e-22)
(-0.0192397 0.000345412 5.03483e-23)
(-0.00578431 8.89844e-05 -1.68739e-23)
(-0.015655 -0.119027 2.82625e-22)
(-0.0145372 -0.123352 0)
(-0.000248175 -0.169217 -4.45518e-22)
(-0.0605237 -0.0776122 4.30418e-22)
(0.931395 -0.0147218 0)
(-0.0284336 -0.148594 0)
(-0.107005 0.00724209 1.53155e-22)
(-0.0810006 0.00408766 -1.47862e-22)
(-0.0581645 0.00207795 1.43073e-22)
(-0.038291 0.000905989 -2.73887e-22)
(-0.0211551 0.000304643 3.76654e-22)
(-0.00650422 7.86168e-05 -5.02185e-23)
(-0.0133573 -0.0678605 2.43769e-22)
(-0.0077182 -0.0890985 -5.22016e-22)
(-0.00596345 -0.0840665 1.52074e-22)
(0.00181256 -0.100771 -4.6198e-22)
(-0.014189 -0.0214027 1.30993e-23)
(-0.024115 -0.0868532 0)
(-0.0154616 -0.0452162 -5.49846e-23)
(-0.107963 0.00780886 -1.88582e-22)
(-0.0816242 0.00492888 7.60119e-22)
(-0.0586939 0.00264438 -7.25764e-22)
(-0.0387754 0.00113991 0)
(-0.0215135 0.000351541 0)
(-0.00671226 7.2736e-05 -5.509e-24)
(-0.00849439 -0.0350823 1.17253e-22)
(-0.00666786 -0.0497935 3.44445e-24)
(-0.00302972 -0.0605435 3.97954e-22)
(-0.00125803 -0.0475668 -1.49542e-22)
(0.00233743 -0.0310267 0)
(-0.00873854 -0.0196309 8.91155e-22)
(-0.0632762 0.0040915 8.29101e-22)
(-0.0414413 0.00257071 -8.57305e-22)
(-0.0227754 0.000908324 0)
(-0.00700819 0.000157903 -7.76625e-24)
(-0.00480661 -0.0146293 -2.36315e-22)
(-0.00418802 -0.0254853 -9.16752e-23)
(-0.00273024 -0.0332934 1.89004e-22)
(-0.000643012 -0.0342512 -1.29325e-22)
(0.000182381 -0.0143651 4.94292e-23)
(-0.00447447 -0.00526442 0)
(-0.00270602 0.00320091 -1.02406e-21)
(-0.0505273 0.00118007 0)
(-0.0176845 0.000393819 -2.71407e-23)
(-0.00152203 0.00080417 0)
(-0.00238151 -0.00358812 -2.4056e-22)
(-0.00234516 -0.010234 -4.59275e-22)
(-0.00172136 -0.0168633 -6.24874e-23)
(-0.000724384 -0.0186276 1.27155e-22)
(7.65243e-05 -0.0106534 -4.96195e-23)
(-0.00108022 -0.00090195 2.08811e-21)
(-0.00130626 0.00154794 2.17906e-21)
(-0.00310784 0.00369383 7.02071e-23)
(-0.000132302 0.00198939 -4.81421e-22)
(-0.00074914 0.00104829 -9.82497e-25)
(-0.0011184 -0.00225132 1.24587e-22)
(-0.000958371 -0.00653688 3.71986e-22)
(-0.000484007 -0.00935166 7.62147e-24)
(-6.56822e-05 -0.00583936 -2.27909e-23)
(-0.00014739 -0.00257545 -1.88363e-24)
(-0.000453301 -0.00141138 -1.74693e-21)
(-0.000547686 0.000678888 -5.26919e-22)
(-0.0013614 0.0015788 0)
(-0.00319373 0.00914408 1.51722e-21)
(0.000389204 0.00150999 -2.58748e-22)
(-4.00979e-06 0.00176495 2.56504e-22)
(-0.00031449 0.00105887 1.28438e-22)
(-0.000440218 -0.00126606 0)
(-0.000272127 -0.00350612 -1.2192e-22)
(-6.4775e-05 -0.00293407 1.71268e-23)
(0.000229811 -0.0028241 8.27434e-22)
(1.29959e-05 -0.00241837 3.33751e-22)
(-0.000162182 -0.00146221 1.96694e-22)
(-0.000173912 0.000193282 5.36033e-23)
(-0.000334943 0.00054584 -6.14604e-23)
(-0.000459815 0.00212031 1.0924e-21)
(0.000310236 0.000534761 1.08136e-21)
(0.000248384 0.00126932 -4.0476e-22)
(2.98064e-05 0.00143269 -2.63976e-22)
(-0.000107177 0.000883846 -1.28486e-22)
(-0.000115843 -0.000584148 0)
(-3.96763e-05 -0.00106225 -1.12742e-23)
(0.000527995 -0.00205864 0)
(0.00018502 -0.00240446 -2.86303e-22)
(4.719e-05 -0.00200883 -9.86502e-22)
(-3.77016e-05 -0.0012145 3.2149e-22)
(-2.21851e-05 -2.8398e-05 -3.58209e-22)
(-1.24995e-05 1.19539e-05 9.65593e-24)
(0.000532053 0.000192052 -4.69797e-22)
(0.000171511 0.000398917 7.16204e-22)
(0.000139513 0.000980678 -6.92982e-22)
(2.76353e-05 0.00103603 1.32346e-22)
(-1.72682e-05 0.000583944 0)
(-1.10012e-05 -0.000141969 1.11475e-23)
(0.000388902 -0.00069878 0)
(0.000316791 -0.00169621 5.50365e-22)
(0.000115032 -0.00187527 7.1644e-22)
(3.78172e-05 -0.00146583 9.39679e-22)
(8.23645e-06 -0.000791215 -3.338e-22)
(9.7796e-06 -5.50502e-05 -2.20474e-23)
(0.0012054 0.000277304 -5.60812e-22)
(0.000378409 0.000104428 0)
(8.37059e-05 0.000273301 5.14328e-22)
(6.48686e-05 0.000678663 0)
(1.68363e-05 0.000614504 0)
(6.22747e-06 0.000211525 0)
(0.000718692 -0.000234854 6.27186e-22)
(0.00020988 -0.000524523 -5.69271e-22)
(0.000168861 -0.00128767 -5.60027e-22)
(5.82729e-05 -0.0013085 -4.18078e-22)
(2.38481e-05 -0.000872122 -4.34759e-22)
(1.31874e-05 -0.000279334 1.31222e-23)
(0.00168593 0.000145654 0)
(0.000961214 0.000159181 1.40554e-22)
(0.000249771 5.15511e-05 0)
(3.23387e-05 0.000167279 1.98724e-27)
(2.1969e-05 0.00038522 0)
(8.67157e-06 0.000196654 -8.98034e-23)
(0.00183415 -2.67054e-05 0)
(0.00156414 -0.000258255 -5.66059e-22)
(0.000522174 -0.000131921 -1.5799e-22)
(9.94256e-05 -0.000360111 2.91849e-22)
(7.56673e-05 -0.000877427 -4.14964e-22)
(2.45366e-05 -0.000750049 -1.31464e-22)
(1.22928e-05 -0.000280626 9.15686e-23)
(0.00135343 8.2357e-05 -1.88764e-23)
(0.000715491 8.24749e-05 -2.10202e-22)
(0.000149279 2.00348e-05 0)
(6.31721e-06 8.30105e-05 -1.0821e-22)
(5.51696e-06 0.000112639 9.05926e-23)
(0.00147066 -1.80419e-05 2.09892e-24)
(0.00124724 -0.000151877 6.35707e-22)
(0.000352526 -6.60358e-05 -4.72309e-27)
(3.77775e-05 -0.000221158 1.34929e-25)
(2.46158e-05 -0.000490519 -2.65275e-22)
(9.49838e-06 -0.00022684 8.36337e-23)
(0.00101775 4.25587e-05 1.4857e-22)
(0.00048316 3.63781e-05 1.02542e-22)
(7.34176e-05 3.85844e-06 -1.26143e-22)
(-1.22131e-06 1.91391e-05 2.30053e-23)
(0.00110585 -1.07251e-05 2.0944e-24)
(0.000931244 -8.12775e-05 -1.40607e-22)
(0.000215843 -2.61369e-05 4.54169e-22)
(7.22501e-06 -0.000110371 -2.1277e-22)
(6.01124e-06 -0.000139088 3.40368e-26)
(0.000696106 1.8975e-05 0)
(0.000271381 1.19827e-05 1.13807e-22)
(1.73675e-05 -1.10284e-06 7.96668e-23)
(0.000756876 -5.78853e-06 0)
(0.000631518 -3.70978e-05 -2.057e-22)
(0.000108924 -5.34253e-06 3.95909e-22)
(-1.46374e-06 -2.55804e-05 4.39588e-23)
(0.000398322 6.50658e-06 -9.70975e-25)
(8.26804e-05 2.82885e-06 -1.43009e-22)
(0.00043362 -2.79677e-06 9.69712e-25)
(0.000356533 -1.29655e-05 -1.14033e-22)
(2.67349e-05 1.18703e-06 1.12934e-22)
(0.00012897 1.65482e-06 4.33798e-23)
(0.00014068 -1.23315e-06 0)
(0.000109499 -3.58833e-06 -1.09967e-23)
(-0.142805 0.304015 2.22384e-21)
(-0.0269627 0.258916 5.09923e-22)
(-0.0419225 0.128296 0)
(-0.0753956 0.189539 2.78623e-21)
(-0.0629118 0.19421 -2.94436e-21)
(-0.073022 0.268242 0)
(-0.0373497 0.311078 0)
(-0.0980452 0.353175 -1.02569e-21)
(-0.0849302 0.314173 0)
(-0.0388409 0.266567 -1.88531e-21)
(0.152159 0.126701 4.23773e-21)
(-0.0955074 0.278837 0)
(-0.0338099 0.0636954 -3.65697e-22)
(-0.0560702 0.10525 0)
(-0.0162072 0.0192656 -3.81809e-21)
(-0.0385986 0.0469828 3.90722e-21)
(-0.0831657 0.121715 -2.27027e-21)
(-0.114796 0.159415 0)
(-0.0954014 0.203483 0)
(-0.119101 0.24024 6.18362e-22)
(-0.10878 0.295516 0)
(-0.0974965 0.289536 1.95869e-21)
(-0.0152742 0.19448 2.36968e-21)
(0.0946772 0.155501 -5.71835e-21)
(0.302808 0.0912268 1.1234e-21)
(-0.149953 0.235269 -5.90024e-22)
(-0.140543 0.252469 0)
(-0.0215698 0.0120702 -3.15874e-21)
(-0.0491873 0.028652 8.65326e-22)
(-0.0607813 0.052156 7.20346e-22)
(-0.0913819 0.081873 2.30837e-21)
(-0.121538 0.0806729 -4.44499e-21)
(-0.167505 0.115469 -3.93327e-21)
(-0.159415 0.156947 -3.00645e-21)
(-0.184491 0.185495 5.63124e-21)
(-0.130934 0.208746 -1.64175e-21)
(-0.0600027 0.184083 -1.71406e-21)
(0.0433092 0.128478 0)
(0.387488 0.0504157 -5.74685e-21)
(0.190368 0.106437 0)
(0.423925 0.0298137 0)
(0.243698 0.0593232 4.83684e-21)
(-0.20681 0.172881 0)
(-0.178848 0.179871 0)
(-0.0108472 -0.277365 6.03709e-21)
(-0.146114 -0.33037 0)
(0.386543 -0.0835114 0)
(0.436602 0.0148336 -1.97023e-22)
(0.273596 0.0341751 0)
(0.26952 -0.094441 0)
(0.456529 -0.0376442 1.1832e-21)
(0.458427 0.00179143 3.69632e-21)
(0.296579 0.00855263 0)
(0.32002 -0.0442477 0)
(0.473853 -0.0152629 0)
(0.325095 -0.0149194 -3.75314e-21)
(-0.063956 0.0225517 1.14952e-21)
(-0.0974188 0.0360227 -1.44531e-21)
(-0.120521 0.0485927 4.75467e-21)
(-0.173508 0.0548067 0)
(-0.202303 0.0851151 0)
(-0.231692 0.0954735 -3.1048e-21)
(-0.249597 0.120086 -2.36308e-21)
(-0.152318 0.139204 0)
(0.0674794 0.0804189 3.34717e-21)
(-0.0352853 0.118035 0)
(0.151948 0.0435656 0)
(0.00479624 0.0682073 -3.61974e-21)
(-0.267033 0.106391 7.84727e-21)
(-0.228673 0.113314 -2.31886e-21)
(-0.0112097 -0.264236 -3.40716e-21)
(0.172353 -0.13773 7.67052e-21)
(0.147214 -0.156983 -6.00212e-21)
(-0.114827 -0.387007 1.70474e-21)
(-0.077143 -0.329037 -3.71048e-21)
(-0.0361739 -0.360387 2.43751e-22)
(0.0477266 -0.183754 -6.36435e-21)
(0.0511349 -0.153934 2.08615e-21)
(0.149729 -0.110152 3.22715e-21)
(0.134003 0.010057 0)
(0.0258889 0.0381273 0)
(0.0865139 -0.0943342 -3.55657e-21)
(0.18949 -0.0572681 0)
(0.101096 -0.0463002 -3.31618e-21)
(0.200537 -0.0211013 3.02412e-21)
(0.0615356 -0.00977521 4.60933e-21)
(-0.0973006 0.0161603 1.65291e-21)
(-0.141108 0.0248624 0)
(-0.16821 0.0343269 0)
(-0.213582 0.0401078 3.28341e-21)
(-0.245118 0.0588377 0)
(-0.274295 0.0598911 8.26241e-21)
(-0.294493 0.0759777 -7.06126e-21)
(-0.108257 0.0542706 0)
(-0.132025 0.0690201 -5.67658e-21)
(-0.222719 0.0874088 1.15629e-20)
(-0.195122 0.0400579 0)
(-0.292502 0.0752973 -7.47358e-21)
(-0.306172 0.0691408 -3.98623e-21)
(-0.0856969 -0.315048 0)
(-0.0705393 -0.248576 7.72744e-21)
(-0.0719274 -0.243755 0)
(-0.0639323 -0.323049 -5.27585e-22)
(-0.0899589 -0.326035 4.14361e-22)
(-0.102162 -0.242421 -7.93624e-21)
(-0.0603392 -0.188507 -7.29073e-21)
(-0.0903607 -0.16264 9.69495e-21)
(-0.0371767 -0.116158 2.98966e-21)
(-0.103643 -0.0834653 -3.91714e-21)
(-0.0500314 -0.0527866 0)
(-0.0772204 -0.0178734 -3.18618e-21)
(-0.172126 0.0108961 0)
(-0.123471 0.0131841 0)
(-0.167779 0.0198123 -1.28101e-21)
(-0.198094 0.0256511 -5.01979e-21)
(-0.232519 0.0320189 4.30489e-21)
(-0.261245 0.0426989 -1.53211e-21)
(-0.279706 0.0448647 -1.96661e-21)
(-0.307511 0.0567942 6.22748e-21)
(-0.277592 0.0468813 -6.94644e-21)
(-0.30105 0.0619524 8.46946e-21)
(-0.264018 0.0155259 0)
(-0.298747 0.0397595 -1.19023e-21)
(-0.321166 0.0618831 0)
(-0.31436 0.0565661 0)
(-0.0467887 -0.174296 -1.23693e-20)
(-0.0894347 -0.248997 4.26681e-21)
(-0.10988 -0.258995 5.15499e-21)
(-0.121752 -0.288645 -7.1046e-22)
(-0.137726 -0.259308 6.5544e-22)
(-0.172232 -0.21003 -7.46635e-21)
(-0.174968 -0.170586 0)
(-0.195618 -0.112958 -9.32941e-21)
(-0.281276 0.0178944 -4.39168e-21)
(-0.237521 -0.0819601 6.78736e-21)
(-0.273983 -0.0184053 2.80128e-21)
(-0.135494 0.0115884 4.51752e-21)
(-0.294668 0.0530487 2.69733e-21)
(-0.173484 0.0179239 -3.22747e-21)
(-0.198935 0.0232818 -2.79434e-21)
(-0.226294 0.0312884 -6.05196e-21)
(-0.261506 0.0397393 1.35422e-21)
(-0.270897 0.0439437 -3.43183e-21)
(-0.294276 0.046023 -2.6992e-21)
(-0.318237 0.0607713 6.72779e-22)
(-0.313225 0.0515538 1.23265e-21)
(-0.274838 0.0591638 4.81691e-21)
(-0.291151 0.056844 1.99652e-21)
(-0.301956 0.0645241 -1.27921e-21)
(-0.294118 0.0611479 -1.91856e-21)
(-0.242412 0.064593 -6.67711e-21)
(-0.0389573 -0.105085 0)
(-0.0625013 -0.16599 8.27743e-21)
(-0.183072 0.066126 0)
(-0.221452 0.0555647 4.37741e-21)
(-0.120777 0.0615397 8.4773e-21)
(-0.146576 0.0581719 -5.59777e-21)
(-0.0860443 -0.181449 0)
(-0.125148 -0.221313 -4.90037e-21)
(-0.162279 -0.198661 1.5002e-20)
(-0.219428 0.0286141 -5.83721e-21)
(-0.245523 0.00874517 4.6204e-21)
(-0.179571 -0.15731 -1.06991e-20)
(-0.23049 -0.0769404 1.13788e-22)
(-0.222385 -0.0475245 -9.42586e-21)
(-0.135738 0.0117712 0)
(-0.266244 0.0527997 0)
(-0.245171 0.0395972 2.5967e-22)
(-0.250755 0.0463447 -3.54415e-22)
(-0.169208 0.0200996 -5.02247e-21)
(-0.197277 0.0263325 5.34141e-21)
(-0.2157 0.0314422 4.63401e-21)
(-0.284839 0.0701713 1.83082e-21)
(-0.276873 0.0697518 -4.16907e-22)
(-0.247389 0.0774326 3.63316e-21)
(-0.228232 0.0764825 1.32583e-21)
(-0.259227 0.0572882 -5.47572e-21)
(-0.264835 0.0719015 1.99899e-23)
(-0.271601 0.06387 4.67546e-21)
(-0.201415 0.0821167 2.29948e-21)
(-0.176505 0.0804306 -7.50234e-21)
(-0.119857 0.0731981 2.8829e-21)
(-0.145063 0.0806259 2.3815e-21)
(-0.0957088 0.0709186 -3.36804e-21)
(-0.0575651 0.0524458 0)
(-0.0759403 0.0589816 2.79832e-21)
(-0.0918704 0.0547541 -2.40034e-22)
(-0.0834272 0.0470396 0)
(-0.0249324 -0.0547218 -4.19627e-21)
(-0.0490761 -0.095016 4.10557e-21)
(-0.0595065 -0.102591 2.88711e-21)
(-0.095123 -0.138298 0)
(-0.107707 0.0317543 1.0204e-20)
(-0.14114 0.0342299 0)
(-0.168899 0.0188893 5.66236e-21)
(-0.121307 -0.116502 1.30633e-22)
(-0.152643 -0.0268253 1.53358e-21)
(-0.151436 -0.12433 -4.2194e-21)
(-0.17998 -0.0561367 8.46574e-21)
(-0.0139532 -0.0251673 -4.96204e-22)
(-0.0255735 -0.0430864 0)
(-0.126003 0.0107818 0)
(-0.0850568 0.00384011 -5.14551e-22)
(-0.102855 0.0050279 5.18697e-22)
(-0.223806 0.0441777 -3.00818e-21)
(-0.234484 0.0542641 2.64529e-21)
(-0.150076 0.0166043 0)
(-0.184906 0.0256342 -2.45617e-21)
(-0.201143 0.0351557 2.95873e-21)
(-0.199207 0.0864348 1.24116e-21)
(-0.239283 0.0767415 -2.0177e-21)
(-0.232765 0.0817423 -2.56042e-21)
(-0.218732 0.0602212 -3.409e-21)
(-0.219073 0.0716462 6.75997e-22)
(-0.176343 0.0843045 0)
(-0.148087 0.0843894 0)
(-0.134586 0.0828151 0)
(-0.10708 0.079384 -2.97557e-21)
(-0.087488 0.0727895 -1.67582e-21)
(-0.0674386 0.0661616 3.98957e-21)
(-0.0505252 0.0542444 0)
(-0.00780844 0.0145314 0)
(-0.00500043 0.00961343 -6.67879e-22)
(-0.0142649 0.0259844 3.59746e-21)
(-0.0228612 0.035054 -3.1536e-21)
(-0.0363448 0.0471475 0)
(-0.0258684 0.0329093 -5.85684e-21)
(-0.0393746 0.0403154 3.75499e-23)
(-0.0107527 0.0154361 0)
(-0.014698 0.0201794 -4.59986e-21)
(-0.00493255 0.00587281 0)
(-0.04167 0.0354747 1.35514e-23)
(-0.0597472 0.0401241 2.05766e-23)
(-0.0589271 0.0304371 3.55591e-21)
(-0.0924798 0.0259534 -4.32545e-21)
(-0.036381 -0.0479469 8.81291e-21)
(-0.0604578 -0.066983 -1.85481e-20)
(-0.0882043 -0.0672174 3.9511e-21)
(-0.0877745 0.00901572 -2.28004e-21)
(-0.0965996 -0.0379674 8.37686e-21)
(-0.117176 -0.0226116 -5.88531e-21)
(-0.00690003 -0.00708593 0)
(-0.0130817 -0.0154606 0)
(-0.0161973 -0.0167653 -3.64655e-21)
(-0.0323229 -0.0283298 -5.33373e-21)
(-0.00421477 0.00680766 5.65155e-22)
(-0.117803 0.0104125 1.25357e-21)
(-0.0697791 0.000824302 0)
(-0.0874988 0.0028239 -1.09678e-21)
(-0.146698 0.0292963 1.49046e-21)
(-0.173554 0.0375345 -4.45781e-21)
(-0.18933 0.0550482 -8.10659e-23)
(-0.162314 0.0678495 4.04891e-21)
(-0.181565 0.0761258 -4.75263e-21)
(-0.169062 0.0815071 3.23332e-21)
(-0.0990757 0.0791457 -3.93071e-21)
(-0.128482 0.0781575 6.07468e-23)
(-0.125917 0.0828407 1.11158e-21)
(-0.0371321 0.0531459 4.04607e-21)
(-0.0566218 0.0645352 -4.42162e-23)
(-0.0786207 0.071813 1.95872e-21)
(-0.0111594 0.0273607 1.76765e-21)
(-0.0273567 0.044894 -2.14115e-21)
(-0.00631035 0.0177606 -1.5888e-21)
(-0.01657 0.0185403 5.23523e-21)
(-0.0262075 0.0239911 0)
(-0.00504087 0.00498532 4.11264e-21)
(-0.00739819 0.00750779 -7.26837e-21)
(-0.00222765 0.000334577 0)
(-0.00222398 0.000331465 0)
(-0.00450582 -0.0021549 -1.1554e-21)
(-0.0267822 0.0194261 5.2423e-21)
(-0.0413383 0.0217623 -1.58191e-23)
(-0.0412683 0.0142469 -1.0782e-20)
(-0.0632508 0.00757511 1.0884e-20)
(-0.0389586 -0.0179356 3.80771e-21)
(-0.0543277 -0.0178044 -3.09013e-21)
(-0.0479354 -0.00261621 -3.8081e-21)
(-0.00654778 -0.00306615 7.17178e-22)
(-0.0130974 -0.00712749 2.03319e-21)
(-0.0214451 -0.00661973 1.40881e-21)
(-0.00507089 0.0134528 -3.05322e-21)
(-0.0292685 0.0495631 0)
(-0.0616468 0.0639647 0)
(-0.0931564 0.0360268 3.94697e-21)
(-0.10884 0.0553771 -2.76841e-21)
(-0.101075 0.0672067 0)
(-0.022263 0.0025998 3.06212e-23)
(-0.0626337 0.014813 0)
(-0.0100259 0.0309587 -1.03653e-22)
(-0.000829198 0.00176156 -6.08664e-22)
(-0.00021747 0.00204878 2.99376e-21)
(-0.00929504 0.00687229 7.49977e-21)
(-0.0147094 0.0105714 0)
(-0.00154218 -0.000792461 -3.39872e-21)
(-0.0034455 0.000626244 -1.07878e-20)
(-0.000489327 -0.00230157 5.95606e-21)
(-0.00139588 0.00147396 4.21849e-22)
(-0.00537996 -0.000676508 0)
(-0.0158997 0.00597532 0)
(-0.0257745 0.00784383 0)
(-0.0282717 0.000492446 0)
(-0.00745339 -0.000584915 4.81293e-21)
(-0.0162938 -0.00291926 -4.11252e-21)
(-0.0185749 0.000574279 0)
(-0.00132113 0.00993893 0)
(-0.000409805 0.00166602 2.7225e-21)
(0.000580147 0.0016683 -6.82893e-21)
(0.000651834 0.00195454 1.18869e-20)
(0.000635474 0.00178184 -7.18398e-21)
(0.00087488 0.00122652 -2.33877e-21)
(0.000468771 0.000635602 0)
(-0.00314225 -8.88071e-05 3.51874e-21)
(-0.00669388 0.00129194 0)
(0.000156559 -0.00293453 0)
(-0.000223358 -0.00243936 0)
(0.000225402 -0.0030224 -1.29477e-21)
(-0.000777991 0.00109901 2.23582e-21)
(-0.00308803 0.000834633 0)
(-0.00238797 0.000434772 6.76851e-21)
(-0.00463264 0.000682427 1.79024e-21)
(-0.00598567 0.00148011 -6.75079e-21)
(0.00116031 0.00146327 0)
(0.000773495 0.00130186 5.27914e-21)
(0.00124121 0.00107032 8.56216e-21)
(0.00149007 0.00125009 -9.71163e-21)
(0.000673627 0.000345565 -1.74315e-22)
(0.00121938 0.000655701 7.23279e-21)
(0.000782124 -0.00231923 1.45299e-21)
(0.000204451 -0.00132579 -1.08956e-21)
(0.000750305 -0.00229647 -8.36623e-21)
(0.000954154 -0.00268598 1.14318e-20)
(0.00119868 -0.00254147 0)
(0.00133511 0.000953211 -5.358e-21)
(0.000533742 0.000832184 -7.84286e-21)
(0.00172016 -5.58513e-06 1.1628e-20)
(0.00158772 -0.00102088 0)
(0.00107273 -0.00147849 0)
(0.000583638 -0.000820061 4.46027e-21)
(0.00197097 0.000841774 3.35733e-21)
(0.00209801 0.000794842 -5.95496e-21)
(0.00144446 0.000458158 -1.30425e-22)
(0.00190976 0.00059745 1.78976e-24)
(0.0015802 -0.00134372 0)
(0.00194992 -0.00163239 1.9505e-21)
(0.00220279 -0.00110388 -1.68503e-21)
(0.00255743 0.000271583 -4.16496e-24)
(0.00246075 -0.000551043 7.99863e-22)
(0.00247616 -0.000120471 6.32241e-21)
(0.000882581 -0.000391621 -5.91228e-21)
(0.00160526 -0.000761207 0)
(0.00201963 0.000251012 -8.83114e-21)
(0.00245031 0.000199222 4.21039e-21)
(0.00220576 -3.67564e-05 4.4837e-21)
(0.0018975 -0.000437579 0)
(0.00231375 -0.000458519 -4.91229e-21)
)
;

boundaryField
{
    movingWall
    {
        type            fixedValue;
        value           uniform (1 0 0);
    }
    fixedWalls
    {
        type            noSlip;
    }
    frontAndBack
    {
        type            empty;
    }
    defaultFaces
    {
        type            empty;
    }
}


// ************************************************************************* //
