/*--------------------------------*- C++ -*----------------------------------*\
  =========                 |
  \\      /  F ield         | OpenFOAM: The Open Source CFD Toolbox
   \\    /   O peration     | Website:  https://openfoam.org
    \\  /    A nd           | Version:  8
     \\/     M anipulation  |
\*---------------------------------------------------------------------------*/
FoamFile
{
    version     2.0;
    format      ascii;
    class       surfaceScalarField;
    location    "0.115";
    object      phi;
}
// * * * * * * * * * * * * * * * * * * * * * * * * * * * * * * * * * * * * * //

dimensions      [0 3 -1 0 0 0 0];

internalField   nonuniform List<scalar> 
1107
(
0.000315988
-0.000643388
0.000633494
-0.000306094
0.000616968
-0.00030098
-2.96871e-05
0.000646655
0.000304962
0.000538557
-0.000106654
-0.000736865
-0.000968717
0.000630291
-9.76567e-05
0.000701464
0.000286064
-5.36017e-05
-1.49161e-05
-3.72724e-05
0.000683927
-3.30524e-05
1.43479e-05
-8.79493e-05
0.000180751
-0.000148833
-6.49697e-05
0.000300272
-0.000856385
-0.00126768
0.000599238
-0.000207466
0.000740101
0.000760967
-9.67759e-05
4.17077e-05
0.000814912
-9.56523e-05
3.58118e-06
-4.28357e-05
-1.13353e-05
0.000725635
0.000853069
2.99217e-05
-6.80791e-05
6.44734e-05
-0.000126751
-8.65549e-05
2.51489e-05
-4.8625e-05
0.000227394
-0.000140758
-0.000213387
0.000277847
-0.000115422
0.000296552
-0.00087509
-0.0015106
0.000539473
-0.000366498
0.00075827
0.000828767
-0.000185442
0.000899231
-0.000166116
5.21561e-06
-2.29025e-05
-6.11971e-06
-2.22935e-05
0.000865051
1.03118e-05
0.000755557
0.000946176
-0.000115025
0.000963479
-3.95964e-05
0.000951864
-2.38971e-05
3.55121e-05
3.54042e-05
-7.27548e-05
-4.92043e-05
1.3622e-05
-2.68428e-05
-8.2399e-05
-0.000131114
0.000322166
-0.000215172
-0.000320381
0.00039717
-0.000190427
0.000306686
-0.000784606
0.000459871
-0.00166379
-0.000570356
0.000743331
0.000880866
-0.000308038
0.000968446
-0.000253696
2.99796e-06
-1.22784e-05
-3.12175e-06
8.81595e-05
0.000916907
-5.32021e-05
0.000853473
-1.23192e-05
0.000765868
0.00102612
-0.000172696
0.00105049
-6.39677e-05
0.00103966
4.63447e-05
0.000999445
0.000128371
-0.000118509
0.000932836
0.000185118
5.74522e-05
-0.000104205
-3.56466e-05
2.76045e-05
-1.93565e-05
1.0414e-05
-9.65232e-06
-0.000129769
-0.000216517
-6.19159e-05
-0.000172058
0.000691201
-0.000801687
0.000902307
-0.000467014
0.00101091
-0.000362296
2.20817e-06
-4.07262e-06
-9.13578e-07
0.000865657
-6.72599e-05
0.000823942
-2.36708e-05
0.000753549
0.000822863
-0.000147403
0.000257375
0.0010796
-0.000241387
0.0011107
-9.50747e-05
0.0011024
5.46528e-05
0.0010583
0.000172472
0.000974521
0.000268892
4.56505e-05
-3.06057e-05
-7.69608e-05
2.44409e-05
-1.4437e-05
1.14678e-05
-6.38344e-06
4.27926e-06
-2.46381e-06
0.00087724
-0.000653052
0.00100527
-0.00049033
8.82546e-07
-6.75912e-07
-3.10327e-08
0.000334145
0.000670019
-0.000181301
0.000790611
-7.23573e-05
0.000785617
-2.89352e-05
0.000729878
0.000827248
0.000404649
0.000622685
0.000538708
0.0003883
-0.00129507
0.00152945
0.00108448
-0.000320595
0.00112436
-0.000134952
0.00112318
5.58321e-05
0.00107778
0.000217874
0.000975242
0.000371428
-3.58705e-05
-5.57962e-05
6.1061e-05
-1.92675e-05
-3.104e-05
-9.092e-06
-1.65589e-05
-3.37977e-06
-8.17604e-06
-6.7057e-07
-3.38511e-06
-7.01602e-07
0.000987996
0.000345413
-0.000945109
0.000371512
-0.00099656
0.000688051
-7.87405e-05
0.000739103
-2.58427e-05
0.000700943
0.000793492
0.000586399
0.000547572
0.000784628
0.000411899
0.00166513
0.000483369
0.000916526
-5.78824e-05
-9.54244e-05
9.75105e-05
-3.13309e-05
-5.75914e-05
-1.47862e-05
-3.31036e-05
-5.47326e-06
-1.7489e-05
-1.09568e-06
-7.76269e-06
-1.79728e-06
0.00010144
0.000300672
-5.66986e-05
0.000227769
-0.000801366
0.000357809
-0.000666317
0.000680878
-2.05163e-05
0.000675101
0.000415917
0.000168892
-4.4625e-05
-0.00012534
7.45409e-05
-2.45274e-05
-7.76891e-05
-1.18012e-05
-4.58298e-05
-4.48913e-06
-2.48011e-05
-9.73173e-07
-1.12786e-05
-2.77045e-06
0.000246466
0.000202983
-0.000148777
0.000201339
-3.02687e-05
0.000136232
-0.00057979
0.000342994
-0.000328433
0.000654584
0.000297754
0.000364629
-1.47612e-05
-0.000134216
2.36368e-05
-8.36467e-06
-8.40856e-05
-4.13949e-06
-5.0055e-05
-1.66043e-06
-2.72801e-05
-4.05111e-07
-1.2534e-05
-3.17557e-06
0.000150015
0.000136512
-8.35443e-05
0.000129105
-7.65433e-05
0.000120992
-1.50278e-05
7.00081e-05
-0.000306804
0.000326151
0.000201955
0.000245813
1.39926e-05
-0.000122564
-2.56445e-05
7.11033e-06
-7.72033e-05
3.16833e-06
-4.6113e-05
1.1178e-06
-2.52296e-05
1.7957e-07
-1.15957e-05
-2.996e-06
0.000129939
7.89327e-05
-7.236e-05
8.60026e-05
-4.04422e-05
7.42022e-05
-2.97539e-05
5.93512e-05
-4.37097e-06
1.93474e-05
0.000120023
0.000211872
-8.92999e-05
6.00169e-05
0.000149306
1.62173e-05
-3.57554e-05
-0.000103026
7.5756e-06
-6.85617e-05
3.23831e-06
-4.17757e-05
1.16855e-06
-2.31598e-05
2.24988e-07
-1.06522e-05
-2.77101e-06
3.85189e-05
-4.88862e-05
4.86466e-05
-3.50039e-05
4.90659e-05
-1.5306e-05
3.54311e-05
-5.83372e-06
1.49764e-05
-5.23202e-05
2.40149e-05
8.83222e-05
-3.18902e-05
5.77157e-05
-6.76012e-05
-1.256e-05
-4.249e-05
-2.81567e-06
-2.03966e-05
-5.58668e-06
1.45243e-05
-2.83256e-05
2.31405e-05
-2.33801e-05
2.7254e-05
-1.3192e-05
2.32061e-05
-3.081e-06
9.1427e-06
4.93316e-06
-2.58514e-05
4.49332e-05
-2.07611e-06
7.07337e-06
7.25723e-06
-1.22545e-05
-1.29808e-05
5.6046e-05
-6.34618e-05
-1.85675e-05
-1.93369e-06
-8.23265e-06
1.50995e-05
2.33186e-06
-1.3659e-05
8.2213e-06
-1.34064e-05
1.26592e-05
-8.78529e-06
1.27301e-05
-2.71597e-06
6.0617e-06
1.56696e-06
4.38503e-06
-8.02811e-06
-4.98812e-07
3.47107e-06
4.1011e-06
-1.88996e-06
8.482e-06
-1.68641e-05
1.02721e-05
-3.10795e-06
-3.36189e-07
1.51045e-06
-1.79617e-06
-4.10462e-06
8.96859e-07
-6.33452e-06
4.24635e-06
-4.99356e-06
5.79601e-06
-1.85123e-06
3.34573e-06
3.51221e-06
1.70901e-06
-3.65425e-06
1.6782e-06
2.20802e-06
1.17773e-07
1.46334e-06
-7.53777e-07
3.0491e-06
6.18668e-06
-2.68447e-06
4.81536e-06
-2.38967e-05
2.17658e-05
-2.178e-06
2.17479e-06
-3.10474e-06
-2.24137e-06
1.0901e-07
-1.419e-06
-1.78876e-06
2.36081e-07
-2.32426e-06
1.84552e-06
-1.04307e-06
1.4945e-06
3.8511e-06
-3.38208e-07
-6.87957e-10
2.66482e-06
7.2239e-07
1.33943e-06
9.86357e-07
2.42298e-07
4.67263e-07
-2.01106e-07
5.65734e-07
-5.83401e-07
5.39876e-06
-1.21607e-06
1.74384e-06
-2.70576e-06
-1.40738e-06
1.3408e-06
-1.48312e-06
1.73125e-07
-9.41169e-07
-6.11506e-07
3.47831e-09
-4.82215e-07
4.51432e-07
2.70995e-06
-2.27855e-06
3.4197e-06
2.65971e-06
-3.33101e-07
1.802e-06
2.59825e-07
8.83761e-07
3.44894e-07
1.82763e-07
8.33949e-08
-1.76669e-08
-1.68958e-06
-9.53234e-07
1.42674e-06
-6.61885e-07
9.98343e-07
-8.4302e-07
7.00697e-07
-8.74383e-07
1.06339e-07
-4.96975e-07
-1.11053e-07
-3.07827e-08
1.50463e-06
-2.03706e-06
3.24238e-06
1.728e-06
-1.34685e-06
1.68564e-06
-2.16746e-07
1.07601e-06
6.75788e-08
4.62554e-07
6.51027e-08
6.5728e-08
-2.47405e-06
-1.39818e-06
2.18265e-06
-1.04781e-06
-5.67305e-07
-3.37306e-07
4.92629e-07
-4.55621e-07
2.81936e-07
-4.23781e-07
3.31448e-08
-1.41836e-07
2.1582e-06
1.27869e-06
-1.93226e-06
8.36691e-07
-1.14575e-06
1.01827e-06
-6.79474e-07
9.59536e-07
-1.00275e-07
5.24497e-07
5.63598e-09
1.30831e-07
-2.93916e-06
-7.53905e-07
1.21901e-06
-1.63579e-06
-8.10203e-07
-6.10913e-07
-2.93698e-07
-1.52779e-07
1.89787e-07
-2.04167e-07
6.23214e-08
-1.08691e-07
-2.83768e-06
1.91733e-07
-2.93207e-07
1.29765e-06
-1.97714e-06
1.3532e-06
7.62175e-07
4.32342e-07
-5.59817e-07
5.44612e-07
-2.6455e-07
4.50637e-07
-2.6415e-08
1.36467e-07
-1.96171e-06
-4.27983e-07
-1.0148e-06
-4.06312e-07
-3.25903e-07
-1.20574e-07
-5.36045e-08
3.92244e-08
-4.637e-08
-1.88596e-06
1.15983e-07
7.64893e-07
7.99447e-07
3.95071e-07
1.99213e-07
-2.14418e-07
2.42197e-07
-5.61093e-08
1.10052e-07
-1.23001e-06
-2.12777e-07
-5.72351e-07
-1.59864e-07
-1.46273e-07
-2.79061e-08
-7.14565e-09
-1.17541e-06
6.13817e-08
3.8893e-07
4.32081e-07
1.62203e-07
7.16456e-08
-4.38672e-08
5.39424e-08
-7.0062e-07
-8.45078e-08
-2.70293e-07
-3.58434e-08
-3.50518e-08
-6.65841e-07
2.66022e-08
1.5517e-07
1.96175e-07
3.76734e-08
1.00752e-08
-3.35027e-07
-1.97732e-08
-7.08952e-08
-3.1577e-07
7.34479e-09
3.55751e-08
4.77486e-08
-9.06684e-08
-8.33236e-08
0.000597176
-0.00138178
-0.00106661
0.000323398
-0.000539915
0.000860691
-0.000537292
0.00054031
0.00130424
-0.000763927
0.00111381
-0.000267973
0.00157007
-0.00183804
0.000503454
-0.000298232
-0.00139491
0.000630982
0.000139432
-0.000311489
-0.000400483
4.44252e-05
-0.000121386
-0.000267064
0.00033185
-0.000732333
0.00117716
-0.000845312
0.00063987
-0.000755039
0.00207405
-0.00144306
0.000236006
0.00130968
-0.00107367
0.00101145
0.000358396
0.00101926
-0.0017743
-0.000423804
-6.0325e-05
0.000230333
-0.000290658
-3.67309e-05
-0.000769064
-6.7379e-05
-0.000701685
0.00137395
-0.00144133
0.000528638
-0.00124566
0.00142816
-0.00185196
0.000354482
0.000887057
-0.000532575
-0.00124545
0.000755123
-0.00137921
0.00105861
-0.000624083
0.000990116
-0.00223578
-0.000861845
0.000861472
0.000803653
0.001778
-0.00041296
0.000999358
-0.00149416
0.0013592
-0.000435544
-0.00116239
0.00074943
-0.000790962
-0.00132534
0.00138117
3.38659e-05
-0.0012936
0.000502641
-0.00107573
0.00030544
-0.000193148
0.000132845
-0.000325993
-0.00056884
0.000281264
-0.000850104
-0.00116007
0.000202731
-0.0013628
-0.00203305
0.00114369
-0.00200553
-0.000611111
-1.29727e-05
-0.00066735
0.000231806
-0.000680323
-2.44592e-05
-0.00200859
-0.00202999
-0.000901736
0.00170539
-0.000117108
0.00088225
0.000281888
0.00149611
0.00198728
0.001665
-2.67975e-05
0.000909048
-0.00101703
0.000990228
-0.000267596
-0.000587176
0.000621042
-0.00035537
-0.000971566
0.00070397
-0.000468924
-0.000798066
0.000329142
-0.000492626
0.000128416
-0.000251452
8.12189e-05
-0.000332671
-0.000768885
3.49884e-05
-0.000803873
-0.00132781
-0.000350867
-0.000976941
-0.00235945
0.000884649
-0.00124002
0.000204326
-0.00182566
-0.0014258
0.00018578
0.000920205
-0.00274587
-0.00143925
0.000538694
0.00144858
0.00144774
-0.00100919
0.00137382
0.000655812
0.0021044
9.87518e-05
0.00134899
0.00108898
4.39414e-05
0.00104504
0.000747912
0.000217708
0.000530204
0.00054685
0.000675266
-0.000750533
-0.000309034
1.00555e-05
-0.00031909
-0.000793818
-0.000349422
-0.000444396
-0.00132636
-0.000424788
-0.000901575
-0.00186404
0.00201384
-0.00182806
-0.000732027
0.00173274
-0.00248327
-9.53221e-05
0.00128856
-0.00202059
-0.000575477
-0.000617201
0.000863014
0.000756618
-0.00121317
0.00196979
0.000891222
0.00224021
0.00140605
0.000834162
0.00245109
0.00298129
-0.000632475
0.00205931
-0.00142683
0.00311575
-0.000134455
-0.000344734
0.000565041
-0.00114052
-9.40118e-05
-0.000250722
-0.000538407
-0.000119133
-0.000419275
-0.00102071
-0.000455666
0.00182452
0.000234791
-0.0017292
-0.000291391
-0.000733458
0.00096825
-0.000977307
-0.000163211
0.000648003
-0.000939394
-0.000329303
-0.00117904
0.000445583
-0.000325394
0.000537266
0.000537621
2.80738e-05
-0.000605879
0.000577805
-0.00115097
-0.000122756
0.000349284
-0.000226528
-0.000728635
-0.00070316
0.00124078
0.00126663
0.00210079
-0.000341401
-0.000809567
-0.00176824
0.00121701
0.000883783
0.00108256
-0.00068568
-0.000286478
0.000394878
-0.000558089
-0.000676781
0.000221115
-0.000281903
-0.000125806
-0.000160671
-0.000545081
-0.000323967
-0.00126107
0.000321673
-0.000292817
-0.000608691
0.000315874
-0.000163108
-0.000503043
-5.50461e-05
0.000832346
-0.000510674
-0.000676774
0.000513666
-9.89689e-05
0.000369139
-1.98543e-05
0.00027017
-0.000219659
0.000199805
1.72236e-05
0.000144692
-0.000161916
-0.000202435
-0.000428963
-0.000259318
-0.000169645
-0.000113033
0.000262339
0.000424233
-0.000149325
0.000573558
0.00109146
0.000317416
-0.000576734
-0.000411219
-0.00122079
0.000468737
0.00062272
-0.00066684
-0.000553947
0.00135252
-2.15672e-05
0.000109889
0.000240772
0.000113872
-0.000274543
-1.0846e-05
-0.000466348
0.000184445
-0.000521394
-0.000100944
-0.000173599
-0.000424911
-0.000240466
0.000483845
2.98207e-05
-0.000799719
0.000289045
-0.000532031
1.06369e-05
-0.000242986
-0.000300951
0.000330772
-0.000346578
4.56266e-05
-7.64081e-05
-0.000238842
0.000162434
-3.90374e-05
-0.000132062
9.30243e-05
1.26303e-05
5.50579e-06
2.43909e-05
-2.98967e-05
1.2763e-05
-2.40516e-05
4.84425e-05
6.98314e-05
-9.3883e-05
8.24617e-05
-4.69432e-05
-4.69398e-05
-0.000208859
-2.42643e-05
-5.63241e-06
-7.12041e-05
-1.78869e-05
-0.000102312
-0.000106547
-0.000271957
-0.000104211
-0.000167746
-0.000680946
-9.43098e-05
0.000335081
0.000479248
0.00110197
-0.000443768
-0.000237178
0.000997715
0.000104253
1.87283e-05
2.62048e-05
0.000128618
4.66015e-05
8.20162e-05
0.000381683
5.40451e-05
-0.000227644
1.35561e-05
-7.328e-05
-0.000154364
-0.000313746
-0.000303109
-0.000234947
-6.81621e-05
-0.000477932
-0.000147161
0.000192028
-2.95938e-05
-0.000237654
9.04938e-05
5.34944e-05
2.89673e-05
0.000146519
0.000116925
4.10045e-05
7.43793e-06
6.99718e-05
1.771e-05
-4.91641e-05
-2.204e-05
-0.000155711
-2.31064e-05
5.21947e-06
-4.51463e-05
-2.80864e-06
1.52511e-05
-1.51644e-07
4.1456e-05
-0.000103326
-5.23844e-05
-0.000271072
-0.000148753
-0.000122319
-0.00038593
0.000342334
3.93493e-05
0.000446586
6.0656e-05
9.45514e-06
3.20008e-05
9.14713e-05
0.000130821
9.71364e-05
-2.71646e-05
0.000214061
-0.000236393
8.20293e-05
-0.000304555
-1.85675e-05
-5.39876e-06
-8.07378e-06
7.92214e-06
-6.56333e-06
-4.0817e-05
-4.32933e-06
-9.32014e-05
-1.27304e-05
9.92178e-06
-1.70598e-05
6.26753e-06
1.14652e-05
-3.54302e-06
4.3466e-05
-7.53222e-05
-1.78792e-05
-0.000197641
-0.000136985
3.34946e-05
9.97136e-06
0.000164315
2.73298e-05
-8.42581e-06
4.88279e-06
5.09535e-06
-8.20009e-06
-1.46798e-06
-9.8938e-06
-7.68452e-07
-7.43164e-06
-3.47421e-06
-3.0387e-05
1.33273e-05
-4.82662e-05
-1.81683e-06
8.08436e-06
1.15104e-05
8.08367e-06
1.31606e-05
-8.27782e-06
2.3132e-05
3.05226e-05
-7.39066e-06
-5.78524e-05
9.58616e-06
-4.51005e-07
-9.44279e-06
-8.72883e-06
-2.5233e-06
-4.90834e-06
-1.19661e-05
-2.04748e-06
-6.95582e-06
2.8318e-06
8.67863e-06
1.2418e-05
-4.25887e-06
7.67857e-06
3.8248e-06
1.25034e-05
-2.58181e-06
-6.14701e-06
-9.97247e-06
-1.12823e-05
1.30978e-06
1.13571e-06
8.31376e-07
6.84719e-06
4.07376e-06
-8.19718e-06
-3.76891e-06
-1.43442e-05
-4.77317e-06
-8.54208e-06
4.98558e-07
6.34864e-06
1.3002e-05
1.41377e-05
-1.30115e-05
-1.33274e-06
1.17017e-05
2.43602e-06
2.1415e-06
8.49014e-06
-7.32307e-06
-8.65581e-06
-8.94902e-06
6.513e-06
)
;

boundaryField
{
    movingWall
    {
        type            calculated;
        value           uniform 0;
    }
    fixedWalls
    {
        type            calculated;
        value           uniform 0;
    }
    frontAndBack
    {
        type            empty;
        value           nonuniform List<scalar> 0();
    }
    defaultFaces
    {
        type            empty;
        value           nonuniform List<scalar> 0();
    }
}


// ************************************************************************* //
