/*--------------------------------*- C++ -*----------------------------------*\
  =========                 |
  \\      /  F ield         | OpenFOAM: The Open Source CFD Toolbox
   \\    /   O peration     | Website:  https://openfoam.org
    \\  /    A nd           | Version:  8
     \\/     M anipulation  |
\*---------------------------------------------------------------------------*/
FoamFile
{
    version     2.0;
    format      ascii;
    class       surfaceScalarField;
    location    "0.086";
    object      phi;
}
// * * * * * * * * * * * * * * * * * * * * * * * * * * * * * * * * * * * * * //

dimensions      [0 3 -1 0 0 0 0];

internalField   nonuniform List<scalar> 
1107
(
0.000315988
-0.000643388
0.000633494
-0.000306094
0.000616968
-0.00030098
-2.96871e-05
0.000646655
0.000304962
0.000538557
-0.000106654
-0.000736865
-0.000968717
0.000630291
-9.76567e-05
0.000701464
0.000286064
-5.36017e-05
-1.49161e-05
-3.72724e-05
0.000683927
-3.30522e-05
1.43477e-05
-8.79494e-05
0.000180751
-0.000148833
-6.49696e-05
0.000300272
-0.000856385
-0.00126768
0.000599238
-0.000207466
0.000740101
0.000760967
-9.67759e-05
4.17077e-05
0.000814912
-9.56522e-05
3.58114e-06
-4.28358e-05
-1.13353e-05
0.000725635
0.000853069
2.99217e-05
-6.80789e-05
6.44734e-05
-0.000126751
-8.65551e-05
2.51489e-05
-4.86251e-05
0.000227394
-0.000140758
-0.000213387
0.000277847
-0.000115422
0.000296552
-0.00087509
-0.00151061
0.000539473
-0.000366498
0.00075827
0.000828767
-0.000185442
0.00089923
-0.000166116
5.2156e-06
-2.29025e-05
-6.11972e-06
-2.22933e-05
0.000865051
1.03117e-05
0.000755557
0.000946176
-0.000115024
0.000963478
-3.95958e-05
0.000951863
-2.38972e-05
3.55125e-05
3.54042e-05
-7.27548e-05
-4.92044e-05
1.3622e-05
-2.68429e-05
-8.23992e-05
-0.000131114
0.000322166
-0.000215172
-0.000320381
0.00039717
-0.000190427
0.000306686
-0.000784606
0.000459871
-0.00166379
-0.000570356
0.000743332
0.000880866
-0.000308038
0.000968446
-0.000253696
2.99796e-06
-1.22785e-05
-3.12175e-06
8.81594e-05
0.000916906
-5.32021e-05
0.000853473
-1.23192e-05
0.000765868
0.00102612
-0.000172695
0.00105049
-6.39665e-05
0.00103965
4.63453e-05
0.000999442
0.000128371
-0.000118509
0.000932834
0.000185117
5.74523e-05
-0.000104205
-3.56468e-05
2.76045e-05
-1.93566e-05
1.0414e-05
-9.65237e-06
-0.000129769
-0.000216517
-6.19161e-05
-0.000172058
0.000691201
-0.000801686
0.000902307
-0.000467013
0.00101091
-0.000362295
2.20817e-06
-4.07264e-06
-9.13583e-07
0.000865656
-6.72597e-05
0.000823941
-2.36708e-05
0.000753549
0.000822862
-0.000147403
0.000257374
0.0010796
-0.000241385
0.0011107
-9.50724e-05
0.00110239
5.46541e-05
0.00105829
0.000172472
0.000974518
0.000268891
4.56507e-05
-3.06058e-05
-7.6961e-05
2.44409e-05
-1.4437e-05
1.14678e-05
-6.38348e-06
4.27927e-06
-2.46383e-06
0.000877239
-0.000653051
0.00100527
-0.000490327
8.82549e-07
-6.7592e-07
-3.1034e-08
0.000334144
0.000670019
-0.0001813
0.000790611
-7.23571e-05
0.000785617
-2.89352e-05
0.000729878
0.000827246
0.000404647
0.000622684
0.000538706
0.000388299
-0.00129507
0.00152945
0.00108448
-0.000320591
0.00112435
-0.000134948
0.00112317
5.58343e-05
0.00107777
0.000217873
0.000975237
0.000371426
-3.58706e-05
-5.57964e-05
6.10612e-05
-1.92676e-05
-3.10401e-05
-9.09204e-06
-1.6559e-05
-3.37978e-06
-8.17609e-06
-6.70573e-07
-3.38513e-06
-7.01607e-07
0.000987997
0.000345412
-0.00094511
0.000371511
-0.00099656
0.000688051
-7.87403e-05
0.000739102
-2.58426e-05
0.000700943
0.000793489
0.000586395
0.00054757
0.000784625
0.000411898
0.00166512
0.000483367
0.000916529
-5.78824e-05
-9.54245e-05
9.75106e-05
-3.1331e-05
-5.75916e-05
-1.47863e-05
-3.31037e-05
-5.47327e-06
-1.74891e-05
-1.09568e-06
-7.76272e-06
-1.79729e-06
0.000101442
0.000300669
-5.66998e-05
0.000227768
-0.000801366
0.000357809
-0.000666317
0.000680878
-2.05162e-05
0.000675101
0.000415914
0.000168895
-4.46248e-05
-0.00012534
7.45404e-05
-2.45273e-05
-7.76891e-05
-1.18011e-05
-4.58298e-05
-4.48911e-06
-2.48011e-05
-9.7317e-07
-1.12787e-05
-2.77046e-06
0.000246468
0.00020298
-0.000148778
0.000201337
-3.02693e-05
0.000136232
-0.00057979
0.000342994
-0.000328433
0.000654584
0.000297749
0.000364632
-1.47607e-05
-0.000134215
2.3636e-05
-8.36443e-06
-8.40854e-05
-4.13939e-06
-5.00549e-05
-1.6604e-06
-2.72801e-05
-4.05104e-07
-1.2534e-05
-3.17556e-06
0.000150015
0.000136509
-8.35446e-05
0.000129103
-7.65438e-05
0.000120991
-1.5028e-05
7.0008e-05
-0.000306804
0.000326151
0.00020195
0.000245814
1.39931e-05
-0.000122563
-2.56453e-05
7.11058e-06
-7.72029e-05
3.16845e-06
-4.61127e-05
1.11784e-06
-2.52295e-05
1.79579e-07
-1.15957e-05
-2.99598e-06
0.000129938
7.89299e-05
-7.23594e-05
8.60006e-05
-4.04424e-05
7.42012e-05
-2.97541e-05
5.93509e-05
-4.37101e-06
1.93474e-05
0.000120018
0.00021187
-8.92978e-05
6.0014e-05
0.000149302
1.62177e-05
-3.57561e-05
-0.000103025
7.57582e-06
-6.8561e-05
3.23841e-06
-4.17753e-05
1.16858e-06
-2.31597e-05
2.24994e-07
-1.06521e-05
-2.77099e-06
3.85171e-05
-4.8885e-05
4.86449e-05
-3.50037e-05
4.90648e-05
-1.53061e-05
3.54306e-05
-5.83376e-06
1.49763e-05
-5.2318e-05
2.40136e-05
8.83185e-05
-3.18896e-05
5.77146e-05
-6.76003e-05
-1.25598e-05
-4.24894e-05
-2.81562e-06
-2.03963e-05
-5.58661e-06
1.45235e-05
-2.83244e-05
2.31394e-05
-2.33795e-05
2.72531e-05
-1.31919e-05
2.32056e-05
-3.08102e-06
9.14258e-06
4.93295e-06
-2.58498e-05
4.49304e-05
-2.07581e-06
7.07295e-06
7.25666e-06
-1.22538e-05
-1.29806e-05
5.60449e-05
-6.34606e-05
-1.85672e-05
-1.93338e-06
-8.232e-06
1.50983e-05
2.33179e-06
-1.36581e-05
8.22085e-06
-1.34058e-05
1.26586e-05
-8.78508e-06
1.27296e-05
-2.71595e-06
6.06157e-06
1.56697e-06
4.38462e-06
-8.0274e-06
-4.98653e-07
3.47086e-06
4.10074e-06
-1.88977e-06
8.48154e-06
-1.68633e-05
1.02715e-05
-3.10751e-06
-3.36117e-07
1.51025e-06
-1.79592e-06
-4.10429e-06
8.96853e-07
-6.33413e-06
4.24611e-06
-4.99334e-06
5.79574e-06
-1.85118e-06
3.34561e-06
3.51195e-06
1.70868e-06
-3.65367e-06
1.67816e-06
2.2078e-06
1.1785e-07
1.46324e-06
-7.53677e-07
3.04893e-06
6.18629e-06
-2.68429e-06
4.81515e-06
-2.38957e-05
2.17649e-05
-2.17768e-06
2.17452e-06
-3.10434e-06
-2.24106e-06
1.09026e-07
-1.41883e-06
-1.78861e-06
2.36095e-07
-2.32411e-06
1.84542e-06
-1.04303e-06
1.49443e-06
3.8507e-06
-3.38338e-07
-4.19585e-10
2.66462e-06
7.22222e-07
1.33939e-06
9.86256e-07
2.42332e-07
4.67229e-07
-2.01064e-07
5.657e-07
-5.83356e-07
5.3985e-06
-1.2159e-06
1.7436e-06
-2.70538e-06
-1.40718e-06
1.34063e-06
-1.48292e-06
1.73123e-07
-9.41058e-07
-6.11455e-07
3.49182e-09
-4.82185e-07
4.51407e-07
2.70963e-06
-2.27837e-06
3.41944e-06
2.65944e-06
-3.33161e-07
1.80186e-06
2.5975e-07
8.8373e-07
3.44857e-07
1.82775e-07
8.33886e-08
-1.76575e-08
-1.68932e-06
-9.5308e-07
1.4265e-06
-6.61792e-07
9.98205e-07
-8.42903e-07
7.00613e-07
-8.7427e-07
1.06335e-07
-4.96919e-07
-1.11044e-07
-3.07771e-08
1.50444e-06
-2.03682e-06
3.24202e-06
1.7278e-06
-1.34674e-06
1.68547e-06
-2.16769e-07
1.07593e-06
6.75523e-08
4.62537e-07
6.50954e-08
6.57304e-08
-2.47367e-06
-1.39795e-06
2.1823e-06
-1.04766e-06
-5.67216e-07
-3.3726e-07
4.92562e-07
-4.55559e-07
2.81903e-07
-4.23727e-07
3.31432e-08
-1.41821e-07
2.15791e-06
1.2785e-06
-1.93198e-06
8.36589e-07
-1.14561e-06
1.01815e-06
-6.79417e-07
9.59439e-07
-1.00281e-07
5.24458e-07
5.63107e-09
1.30825e-07
-2.93871e-06
-7.53798e-07
1.21884e-06
-1.63554e-06
-8.10075e-07
-6.10823e-07
-2.93653e-07
-1.52759e-07
1.89761e-07
-2.04139e-07
6.23144e-08
-1.08678e-07
-2.83727e-06
1.91676e-07
-2.93114e-07
1.29744e-06
-1.97681e-06
1.35302e-06
7.62069e-07
4.32291e-07
-5.59752e-07
5.4455e-07
-2.64527e-07
4.50592e-07
-2.64158e-08
1.36456e-07
-1.96141e-06
-4.27923e-07
-1.01465e-06
-4.06249e-07
-3.25856e-07
-1.20556e-07
-5.35979e-08
3.92193e-08
-4.63639e-08
-1.88569e-06
1.15949e-07
7.64769e-07
7.99342e-07
3.95017e-07
1.9919e-07
-2.14393e-07
2.42169e-07
-5.61045e-08
1.10041e-07
-1.22983e-06
-2.12747e-07
-5.72266e-07
-1.59839e-07
-1.46252e-07
-2.79021e-08
-7.1449e-09
-1.17524e-06
6.1365e-08
3.88868e-07
4.32025e-07
1.62182e-07
7.16376e-08
-4.38622e-08
5.39363e-08
-7.00516e-07
-8.44961e-08
-2.70253e-07
-3.58381e-08
-3.50469e-08
-6.65747e-07
2.65955e-08
1.55146e-07
1.9615e-07
3.76687e-08
1.00741e-08
-3.34978e-07
-1.97705e-08
-7.08849e-08
-3.15726e-07
7.34321e-09
3.55698e-08
4.77426e-08
-9.06553e-08
-8.33122e-08
0.000597177
-0.00138178
-0.00106661
0.000323399
-0.000539916
0.000860691
-0.000537292
0.00054031
0.00130424
-0.000763926
0.00111381
-0.000267972
0.00157007
-0.00183804
0.000503455
-0.000298232
-0.00139491
0.000630983
0.000139432
-0.00031149
-0.000400483
4.44255e-05
-0.000121386
-0.000267065
0.000331851
-0.000732334
0.00117716
-0.000845312
0.00063987
-0.000755039
0.00207405
-0.00144306
0.000236006
0.00130968
-0.00107367
0.00101145
0.000358397
0.00101926
-0.0017743
-0.000423805
-6.03252e-05
0.000230334
-0.000290659
-3.67308e-05
-0.000769065
-6.73796e-05
-0.000701685
0.00137395
-0.00144133
0.000528636
-0.00124566
0.00142815
-0.00185196
0.00035448
0.000887053
-0.000532574
-0.00124545
0.000755123
-0.0013792
0.00105861
-0.000624077
0.000990108
-0.00223577
-0.00086185
0.000861468
0.000803655
0.001778
-0.000412955
0.00099935
-0.00149414
0.00135919
-0.000435533
-0.00116238
0.000749424
-0.000790953
-0.00132532
0.00138116
3.38718e-05
-0.00129359
0.000502637
-0.00107572
0.00030544
-0.000193149
0.000132844
-0.000325993
-0.000568841
0.000281261
-0.000850102
-0.00116007
0.000202723
-0.00136279
-0.00203305
0.00114367
-0.00200552
-0.000611098
-1.29788e-05
-0.000667333
0.0002318
-0.000680312
-2.44751e-05
-0.00200857
-0.00203
-0.000901726
0.00170538
-0.000117101
0.000882249
0.000281895
0.0014961
0.00198728
0.001665
-2.67806e-05
0.000909029
-0.001017
0.00099022
-0.000267577
-0.000587144
0.000621016
-0.000355344
-0.000971538
0.000703961
-0.000468901
-0.000798043
0.000329142
-0.000492603
0.000128413
-0.000251453
8.12175e-05
-0.00033267
-0.000768884
3.49845e-05
-0.000803869
-0.00132781
-0.000350875
-0.000976931
-0.00235945
0.000884667
-0.00124001
0.000204355
-0.00182564
-0.00142582
0.000185809
0.000920218
-0.00274586
-0.00143923
0.000538712
0.00144856
0.00144774
-0.00100918
0.00137381
0.000655821
0.00210438
9.87755e-05
0.00134897
0.001089
4.39712e-05
0.00104502
0.000747932
0.000217747
0.000530186
0.000546889
0.000675302
-0.000750518
-0.000309034
1.00536e-05
-0.000319088
-0.000793815
-0.000349425
-0.00044439
-0.00132636
-0.000424793
-0.000901562
-0.00186402
0.00201386
-0.00182805
-0.000732002
0.00173275
-0.00248327
-9.52982e-05
0.00128856
-0.00202056
-0.000575461
-0.000617187
0.000863001
0.000756623
-0.00121315
0.00196977
0.00089124
0.00224021
0.00140608
0.000834124
0.00245111
0.00298129
-0.000632488
0.0020593
-0.00142681
0.00311576
-0.000134465
-0.000344733
0.00056504
-0.0011405
-9.40133e-05
-0.00025072
-0.000538404
-0.000119135
-0.000419269
-0.0010207
-0.000455657
0.00182449
0.000234805
-0.00172919
-0.00029137
-0.000733435
0.000968241
-0.000977296
-0.000163205
0.000648003
-0.000939373
-0.000329293
-0.00117901
0.000445579
-0.000325381
0.000537251
0.00053762
2.8064e-05
-0.000605857
0.000577793
-0.00115095
-0.000122758
0.000349274
-0.000226516
-0.000728615
-0.00070313
0.00124075
0.00126664
0.00210076
-0.000341409
-0.000809542
-0.00176822
0.00121701
0.000883753
0.00108254
-0.000685674
-0.000286476
0.000394875
-0.00055808
-0.000676772
0.000221115
-0.000281897
-0.000125807
-0.000160669
-0.000545076
-0.000323961
-0.00126105
0.000321673
-0.000292805
-0.000608677
0.000315872
-0.000163098
-0.000503039
-5.50412e-05
0.000832332
-0.000510659
-0.000676753
0.000513656
-9.89605e-05
0.000369125
-1.98508e-05
0.000270164
-0.00021965
0.000199799
1.72204e-05
0.000144687
-0.000161907
-0.000202429
-0.000428945
-0.00025931
-0.000169635
-0.000113026
0.000262328
0.000424225
-0.000149311
0.000573537
0.00109144
0.0003174
-0.00057671
-0.000411215
-0.00122076
0.000468745
0.000622694
-0.000666825
-0.000553932
0.0013525
-2.15648e-05
0.000109883
0.000240763
0.000113871
-0.00027454
-1.08465e-05
-0.000466342
0.000184445
-0.000521383
-0.000100945
-0.000173596
-0.000424906
-0.000240461
0.000483831
2.98249e-05
-0.000799703
0.000289044
-0.000532022
1.06389e-05
-0.000242978
-0.00030094
0.000330765
-0.000346568
4.56273e-05
-7.64033e-05
-0.000238833
0.00016243
-3.90341e-05
-0.000132056
9.30217e-05
1.26309e-05
5.50587e-06
2.43891e-05
-2.9895e-05
1.27625e-05
-2.40511e-05
4.84401e-05
6.98275e-05
-9.38785e-05
8.24583e-05
-4.6942e-05
-4.69365e-05
-0.000208849
-2.42634e-05
-5.63161e-06
-7.11999e-05
-1.78854e-05
-0.000102309
-0.00010654
-0.000271944
-0.000104208
-0.000167736
-0.000680919
-9.43006e-05
0.000335064
0.000479236
0.00110193
-0.000443753
-0.000237166
0.000997685
0.000104245
1.87272e-05
2.62032e-05
0.00012861
4.65995e-05
8.2011e-05
0.000381663
5.40448e-05
-0.000227641
1.35555e-05
-7.32801e-05
-0.00015436
-0.000313741
-0.000303102
-0.000234943
-6.81592e-05
-0.00047792
-0.000147155
0.000192021
-2.95912e-05
-0.000237648
9.0493e-05
5.34914e-05
2.8967e-05
0.000146513
0.000116922
4.10022e-05
7.43797e-06
6.99691e-05
1.77094e-05
-4.91618e-05
-2.20381e-05
-0.000155702
-2.31047e-05
5.2193e-06
-4.51429e-05
-2.8081e-06
1.52495e-05
-1.51202e-07
4.14527e-05
-0.000103321
-5.23808e-05
-0.000271057
-0.000148745
-0.000122312
-0.000385911
0.000342317
3.93458e-05
0.000446562
6.06516e-05
9.4542e-06
3.19985e-05
9.14652e-05
0.000130811
9.71325e-05
-2.71634e-05
0.000214054
-0.000236388
8.20278e-05
-0.000304547
-1.85672e-05
-5.39849e-06
-8.07263e-06
7.92143e-06
-6.56238e-06
-4.08138e-05
-4.32903e-06
-9.31946e-05
-1.27289e-05
9.9208e-06
-1.70579e-05
6.26712e-06
1.14636e-05
-3.54218e-06
4.34621e-05
-7.5316e-05
-1.78786e-05
-0.000197628
-0.000136976
3.34914e-05
9.97071e-06
0.000164302
2.73263e-05
-8.42438e-06
4.8822e-06
5.09449e-06
-8.19883e-06
-1.46789e-06
-9.89227e-06
-7.68307e-07
-7.43053e-06
-3.47369e-06
-3.03833e-05
1.33254e-05
-4.82619e-05
-1.81609e-06
8.08321e-06
1.15093e-05
8.08279e-06
1.31587e-05
-8.27646e-06
2.31294e-05
3.05197e-05
-7.39033e-06
-5.78459e-05
9.58404e-06
-4.51062e-07
-9.44121e-06
-8.72752e-06
-2.52299e-06
-4.90754e-06
-1.19642e-05
-2.04719e-06
-6.95473e-06
2.83211e-06
8.67718e-06
1.24161e-05
-4.25816e-06
7.6776e-06
3.82462e-06
1.25018e-05
-2.58131e-06
-6.14621e-06
-9.97165e-06
-1.12809e-05
1.3093e-06
1.1352e-06
8.31216e-07
6.84638e-06
4.07323e-06
-8.19588e-06
-3.76832e-06
-1.43421e-05
-4.77243e-06
-8.54075e-06
4.98655e-07
6.34773e-06
1.30005e-05
1.41357e-05
-1.30095e-05
-1.33264e-06
1.17002e-05
2.4355e-06
2.14125e-06
8.48898e-06
-7.32191e-06
-8.65455e-06
-8.94767e-06
6.51217e-06
)
;

boundaryField
{
    movingWall
    {
        type            calculated;
        value           uniform 0;
    }
    fixedWalls
    {
        type            calculated;
        value           uniform 0;
    }
    frontAndBack
    {
        type            empty;
        value           nonuniform List<scalar> 0();
    }
    defaultFaces
    {
        type            empty;
        value           nonuniform List<scalar> 0();
    }
}


// ************************************************************************* //
