/*--------------------------------*- C++ -*----------------------------------*\
  =========                 |
  \\      /  F ield         | OpenFOAM: The Open Source CFD Toolbox
   \\    /   O peration     | Website:  https://openfoam.org
    \\  /    A nd           | Version:  8
     \\/     M anipulation  |
\*---------------------------------------------------------------------------*/
FoamFile
{
    version     2.0;
    format      ascii;
    class       volScalarField;
    location    "0.052";
    object      p;
}
// * * * * * * * * * * * * * * * * * * * * * * * * * * * * * * * * * * * * * //

dimensions      [0 2 -2 0 0 0 0];

internalField   nonuniform List<scalar> 
656
(
9.89175e-07
-0.235414
1.72857
-0.786696
0.18911
1.73121
-1.15106
-1.55284
2.05492
1.70644
1.76609
-0.438531
0.38613
1.74769
2.03443
2.2591
1.63661
1.58734
2.26837
2.3913
1.80216
1.82123
1.78646
1.81794
-0.0678197
0.616182
1.77436
2.01719
2.25035
1.84387
1.86667
2.55669
2.39626
2.3863
2.55442
2.69007
2.15662
2.17272
2.13731
1.78229
1.85337
0.28048
0.818514
1.80942
2.00685
2.24329
2.18695
2.19951
2.86049
2.69089
2.55894
2.38204
2.55203
2.68882
2.86098
3.02772
2.16158
2.17596
2.18751
2.12046
2.14591
1.82906
2.00071
2.23598
2.19779
2.20661
3.02655
2.85858
2.69137
3.34516
2.37745
2.5491
2.68645
2.85987
3.02758
2.18285
2.19292
2.19474
2.19425
1.98954
2.2256
2.19355
2.193
3.61258
3.34087
3.02277
2.8562
3.34569
3.56258
4.81674
2.36917
2.54661
2.68247
2.86012
3.02892
2.09338
2.08885
2.09018
2.09235
2.09423
2.09559
5.39496
5.07769
3.65372
3.32866
3.01742
3.35182
3.52794
4.586
5.00428
2.11824
2.10199
2.09367
2.08733
2.08121
2.07577
3.46393
5.83362
5.30393
3.68508
3.312
3.39811
2.13857
2.12623
2.11508
2.10581
2.09762
2.09044
3.53793
3.54919
6.25265
5.51779
3.70248
3.53242
2.22661
2.21196
2.1994
2.18906
2.17996
2.17205
3.18941
3.54078
3.65144
6.69745
5.77332
3.19324
2.32656
2.31405
2.30199
2.2917
2.28282
2.27534
3.12273
3.18759
3.53832
3.76314
7.19327
3.13354
3.07495
2.40808
2.40872
2.40251
2.39122
2.37965
2.3699
3.06636
3.11273
3.18559
3.52847
3.85136
3.07019
2.47176
2.50142
2.49478
2.47793
3.06525
3.05757
3.10345
3.18145
3.51421
3.07085
3.18792
2.31838
2.30636
3.08445
3.06821
3.05931
3.05013
3.09353
3.17538
3.15765
3.19237
3.21494
3.09288
3.08366
3.06491
3.05443
3.04312
3.08403
3.13671
3.1593
3.19691
3.21615
3.33921
3.09799
3.09262
3.08253
3.06255
3.05012
3.03678
3.12359
3.13672
3.15993
3.20001
3.22836
3.38621
3.10051
3.09834
3.0928
3.08205
3.06067
3.04638
3.11581
3.1231
3.13632
3.15978
3.20186
3.2392
3.09864
3.10075
3.09876
3.09308
3.08185
3.05909
3.11145
3.11506
3.12236
3.13558
3.15937
3.20274
3.10097
3.09836
3.10092
3.0992
3.09348
3.08171
3.11413
3.11107
3.11429
3.12159
3.13477
3.15898
3.10344
3.10069
3.09826
3.10102
3.09964
3.09385
3.10742
3.11031
3.11444
3.11077
3.11362
3.12082
3.13412
3.10329
3.1004
3.09822
3.10109
3.10006
3.1075
3.11067
3.11457
3.11061
3.11301
3.12021
3.10315
3.10014
3.0982
3.10116
3.10759
3.11101
3.11463
3.11052
3.11245
3.10302
3.09991
3.09819
3.10766
3.11131
3.11466
3.11043
3.1029
3.0997
3.10773
3.11159
3.11469
3.1028
3.10779
3.11184
0.611882
0.921021
2.12099
2.05038
1.83007
1.80107
1.83261
1.36906
1.47457
1.26355
1.80879
1.85007
2.1449
2.14379
2.16555
2.16168
2.10584
2.08046
2.01325
1.95882
1.74482
1.56627
1.91246
1.84329
1.99333
1.99094
1.88171
2.10626
2.10806
2.14113
2.15636
2.16338
2.12645
2.08133
2.09212
2.00127
1.94346
2.13242
2.22593
2.11436
2.3621
2.27292
2.13656
2.07575
4.46967
4.70428
3.32654
2.54994
2.45661
3.17374
3.02248
2.68291
2.64623
2.96535
2.86566
2.8094
2.14201
2.11405
2.12932
2.17219
2.22552
2.21803
2.20884
2.20972
2.26278
2.16369
2.45113
2.39417
2.28211
2.29801
3.96855
3.53527
3.45037
3.9848
3.79627
3.42534
3.28026
3.31025
3.16926
2.62067
2.52755
3.08331
2.97626
2.88853
2.81533
2.74311
2.14584
2.16443
2.19164
2.25009
2.27636
2.34421
2.36897
2.56635
2.41783
2.36471
2.65339
2.48423
2.42314
3.66968
3.53959
3.48919
3.5274
3.44781
3.36975
3.22778
3.17444
3.05158
2.96065
2.87896
2.73947
2.7007
2.23606
2.25198
2.27615
2.36685
2.38548
2.43657
2.47453
2.58786
2.53978
2.80871
2.73307
2.5964
2.54077
3.1841
3.31867
3.3292
3.3598
3.27931
3.20683
3.11494
3.03154
2.89182
2.97775
2.91242
2.33717
2.55198
2.37839
2.39098
2.43954
2.4526
2.51763
2.85235
2.6919
2.73496
2.88268
2.59719
2.70596
2.68007
2.88294
3.12811
3.15304
3.00082
2.96644
3.08534
3.03089
3.1933
3.24018
3.21773
3.00976
2.98407
3.174
3.02786
3.0425
2.42714
2.61987
2.53593
2.59459
2.47621
2.47927
2.5115
2.74697
2.81511
2.86867
2.92062
2.67846
2.75351
2.70922
2.91806
2.9793
3.03643
3.03236
3.09719
3.14412
3.12437
3.06815
3.06554
3.0724
3.0601
3.08186
3.12746
3.05149
3.07583
3.03789
3.07603
3.07689
3.09107
3.07343
3.06662
3.07125
2.56029
2.4537
2.52518
2.63845
2.65775
2.53193
2.54455
2.63118
2.94431
2.79798
2.8387
2.67739
2.79835
2.98255
2.96402
3.04138
3.07019
3.09704
3.14015
3.1447
3.20252
3.22665
3.22708
3.19742
3.16914
3.18935
3.14292
3.20285
3.18203
3.18524
3.14414
3.11832
3.10747
3.057
3.09837
3.10043
3.12577
3.09687
3.07068
3.06114
3.06654
3.06343
3.06722
3.09315
3.23836
2.45022
2.33536
2.41742
2.56438
2.59341
2.67049
2.84058
2.82928
2.868
3.11035
3.00032
3.00878
3.27032
3.16346
3.141
3.30468
3.27886
3.36747
3.16529
3.134
3.16534
3.15366
3.15711
3.08087
3.08247
3.13218
3.10805
3.11366
3.08879
3.06207
3.09257
3.09853
3.0873
3.09073
3.10219
3.37873
3.18454
3.067
3.02382
3.02725
2.98073
2.7779
3.02499
3.32084
3.09141
3.09107
3.14609
3.13217
3.13878
3.12829
3.13759
3.0934
3.0913
3.12678
3.11492
3.1022
3.09166
3.10292
3.08919
3.54161
3.09767
3.09759
3.09738
3.09843
3.09945
3.10032
3.12701
3.11426
3.12554
3.12337
3.12464
3.09817
3.10532
3.10038
3.11324
3.11545
3.09932
3.10178
3.10017
3.10044
3.09939
3.10021
3.11764
3.11466
3.11609
3.11651
3.11611
3.10228
3.1047
3.10807
3.10963
3.11276
3.11165
3.1018
3.10295
3.10114
3.10172
3.11228
3.11217
3.11032
3.10527
3.10957
3.10711
3.11333
3.112
3.10359
3.10509
3.10727
3.10983
3.10946
)
;

boundaryField
{
    movingWall
    {
        type            zeroGradient;
    }
    fixedWalls
    {
        type            zeroGradient;
    }
    frontAndBack
    {
        type            empty;
    }
    defaultFaces
    {
        type            empty;
    }
}


// ************************************************************************* //
