/*--------------------------------*- C++ -*----------------------------------*\
  =========                 |
  \\      /  F ield         | OpenFOAM: The Open Source CFD Toolbox
   \\    /   O peration     | Website:  https://openfoam.org
    \\  /    A nd           | Version:  8
     \\/     M anipulation  |
\*---------------------------------------------------------------------------*/
FoamFile
{
    version     2.0;
    format      ascii;
    class       volVectorField;
    location    "0.003";
    object      U;
}
// * * * * * * * * * * * * * * * * * * * * * * * * * * * * * * * * * * * * * //

dimensions      [0 1 -1 0 0 0 0];

internalField   nonuniform List<vector> 
424
(
(-0.00237734 0.000148947 6.16058e-26)
(-0.00860953 0.000720616 0)
(-0.00879226 0.00197449 2.2856e-23)
(-0.000164128 0.00248029 -5.40085e-25)
(-0.0253483 0.00296825 -2.74463e-23)
(-0.0132331 0.000636713 -3.39285e-23)
(-0.00207636 0.0090947 1.41502e-24)
(-0.000735115 0.00893323 9.92237e-25)
(-0.0361603 0.00171915 -3.5995e-23)
(-0.0153283 0.000279983 3.11438e-23)
(-0.0412265 0.00110573 8.03944e-23)
(-0.0150722 0.000178092 0)
(-0.00300974 0.0264269 2.13876e-24)
(-0.000689791 0.0137583 0)
(-0.0405716 0.000551604 3.29015e-23)
(-0.0154539 -4.21892e-05 1.76357e-23)
(-0.0348149 0.000428095 0)
(-0.0125347 5.11439e-05 0)
(-0.000347251 0.015952 0)
(-0.00180826 0.0378101 -3.2197e-23)
(-0.0405429 -6.15653e-05 3.51673e-23)
(-0.0150387 -0.00033516 -1.88882e-23)
(-0.0335453 0.000224887 0)
(-0.0123355 5.52979e-05 0)
(-3.9211e-05 0.0161682 1.38982e-23)
(-0.000568949 0.0420924 2.90552e-23)
(-0.00117763 0.0411138 -3.37794e-23)
(-0.000164707 0.0151158 -3.45688e-23)
(-0.0401501 -0.000533468 5.86799e-23)
(-0.0131075 -0.0006024 0)
(-0.00884619 -0.000701857 -1.28981e-22)
(-0.00255643 -0.000164506 0)
(-0.0310577 4.5343e-05 -1.07238e-22)
(-0.0112942 4.82011e-05 1.00278e-22)
(-0.0217076 0.0433969 7.02865e-23)
(0.000226467 0.0170645 0)
(0.000196864 0.0200822 -2.43669e-22)
(0.0032857 0.0521781 2.51023e-22)
(-0.000202742 0.0422535 2.97954e-23)
(-0.000364892 0.0354382 4.08758e-24)
(-3.57931e-05 0.012784 -4.01213e-24)
(-0.0363771 -0.00159354 -1.05484e-22)
(-0.0262666 -0.00298859 1.30762e-22)
(-0.00959833 -0.00217126 0)
(-0.000203679 -0.00274632 -3.07987e-22)
(-0.0293017 -0.000205893 3.58415e-22)
(-0.0102598 -1.43492e-05 0)
(-0.10683 0.130825 -1.95314e-22)
(0.802052 0.0281616 -5.54818e-23)
(-0.000629328 0.0453782 -1.73016e-23)
(-0.00532321 0.0534976 0)
(-0.00525014 0.127405 -3.9204e-24)
(-0.000238021 0.0339825 0)
(-4.99666e-05 0.0125728 0)
(-0.0026693 -0.0100542 6.1496e-23)
(-0.000893908 -0.00992542 2.69813e-22)
(-0.0324423 -0.00033721 0)
(-0.0113859 -6.30271e-05 0)
(0.376002 0.113447 1.56498e-22)
(0.835589 -0.00403746 -1.41349e-23)
(-0.000119574 0.0314538 -9.97672e-23)
(-5.6072e-05 0.011606 9.45689e-23)
(-0.00372859 -0.0285652 0)
(-0.000763283 -0.0150743 0)
(0.467777 0.00826846 1.82374e-22)
(0.84871 -0.00249452 0)
(-8.686e-05 0.0286117 -8.53879e-23)
(-2.61008e-06 0.0104036 7.85782e-23)
(-0.000307053 -0.0172699 6.14406e-23)
(-0.00201993 -0.0403524 -1.89973e-23)
(0.845309 -0.00140952 -1.38294e-23)
(0.523414 0.000740768 -1.33432e-22)
(-0.00212984 0.0292697 0)
(-0.000274135 0.012104 0)
(5.46707e-05 -0.0175705 4.84146e-23)
(-0.000588895 -0.0447066 1.94825e-23)
(-0.000853454 -0.0387118 -3.91121e-22)
(-0.00014057 -0.0140515 0)
(0.845236 -0.000289058 1.30649e-23)
(0.532242 -0.000460708 -5.8158e-23)
(0.818498 -0.0272355 0)
(0.000294112 -0.0181174 -9.29845e-23)
(0.848849 0.001492 0)
(0.854519 0.00234759 0)
(0.841312 0.00382197 0)
(-0.0192622 -0.0427845 0)
(0.00345833 -0.0545591 -4.97487e-22)
(0.000274932 -0.0206955 6.15729e-22)
(-5.71893e-05 -0.0452271 4.47108e-23)
(-0.000313157 -0.0339677 0)
(-1.94527e-05 -0.0122212 0)
(0.539015 -0.00033255 -2.14671e-23)
(-0.103864 0.00197093 -4.67674e-23)
(0.413339 -0.110993 1.01915e-21)
(-0.00052551 -0.0477064 -9.10506e-23)
(0.543605 0.0011957 -1.29597e-22)
(0.544655 -0.000338883 2.6945e-22)
(0.489298 -0.00683612 -1.30962e-21)
(-0.109944 -0.127028 -1.82935e-22)
(-0.00599372 -0.131604 7.28024e-22)
(-0.00570885 -0.0545752 -5.88586e-22)
(-0.000100174 -0.0334931 -3.15298e-23)
(-1.00816e-05 -0.0123722 3.05776e-23)
(-0.0948695 8.48099e-06 0)
(-0.039627 5.73771e-05 -4.4524e-23)
(9.24268e-06 -0.0331496 -1.41664e-22)
(-4.14793e-06 -0.0122533 -1.3479e-22)
(-0.0956979 -0.000318565 2.42663e-23)
(-0.0344375 -1.87983e-05 0)
(-0.000264905 -0.031493 1.01622e-22)
(1.30801e-05 -0.0116458 -9.68761e-23)
(-0.0889664 -0.000207867 -2.59163e-22)
(-0.0352404 -9.9689e-05 -2.29768e-23)
(-0.00271699 -0.031413 0)
(-0.000318027 -0.0134559 0)
(-0.0825887 0.000205349 1.38315e-22)
(-0.032556 -0.000124747 0)
(-0.0906172 -0.00169484 0)
(-0.0294212 -8.73127e-06 1.2432e-22)
(-0.0336069 -0.000160899 0)
(-0.0388435 0.00769542 2.61649e-24)
(-0.0135158 0.00567111 0)
(-0.0308445 0.0160918 0)
(-0.00573954 0.0139108 -7.81141e-25)
(-0.0621106 0.0519599 1.46451e-23)
(-0.0747644 0.0363703 4.14644e-22)
(-0.0438468 0.0685473 4.52593e-23)
(-0.0544994 0.0594594 -5.37192e-24)
(-0.076655 0.0318275 -6.98088e-22)
(-0.079543 0.0191941 -2.26647e-23)
(-0.0719457 0.0149841 -6.28404e-22)
(-0.0558627 0.0132597 -1.89443e-22)
(-0.0635179 0.021374 -5.58418e-22)
(-0.0739567 0.0238587 7.31626e-22)
(-0.0821467 0.0128641 -5.49437e-22)
(-0.0810758 0.0149114 9.99264e-23)
(-0.0541872 0.00322136 1.78365e-22)
(-0.0791506 0.00370856 1.1413e-21)
(-0.0598876 0.0028953 2.27592e-22)
(-0.0692713 0.0012476 3.14438e-22)
(-0.0164151 0.0312961 9.87903e-24)
(-0.0456515 0.0505696 0)
(-0.031162 0.0292907 -8.17741e-24)
(-0.0435009 0.0396719 0)
(-0.0338855 0.0619358 7.50217e-23)
(-0.0370078 0.0714434 -1.93171e-22)
(-0.00813343 0.041209 -2.6306e-24)
(-0.0251193 0.0800846 2.27978e-22)
(-0.0365493 0.070324 -6.01331e-23)
(-0.0240086 0.0800964 2.76991e-22)
(-0.0334022 0.0588436 -1.34425e-22)
(-0.054282 0.0514269 -1.69137e-23)
(-0.0608198 0.036663 0)
(-0.0540296 0.0197119 1.12845e-22)
(-0.013703 0.00121913 -2.54608e-22)
(-0.0378399 0.00746586 2.9375e-22)
(-0.071917 0.00553725 0)
(-0.0781337 0.00630249 0)
(-0.0856053 0.00190928 -7.94035e-22)
(-0.0621822 0.000563812 -1.5264e-21)
(-0.0823953 0.00294079 2.74027e-21)
(-0.055493 0.000986038 6.83084e-22)
(-0.0710122 -0.00012839 7.38566e-22)
(-0.0154305 0.0584283 -6.26096e-23)
(-0.0202842 0.0665575 6.09887e-23)
(-0.0170656 0.0815564 -2.50124e-22)
(-0.00328069 0.0565352 9.03316e-22)
(-0.0116622 0.0833619 1.26175e-22)
(-0.0132885 0.077799 5.77321e-23)
(-0.00802302 0.0812275 -3.01563e-22)
(-0.0182893 0.0513603 2.55668e-22)
(-0.0109267 0.0705028 -1.10211e-21)
(-0.00761465 0.037703 0)
(-0.00123373 0.0137279 0)
(-0.0765222 2.4232e-05 8.63157e-22)
(-0.0815789 0.0010614 -2.56784e-21)
(-0.06376 0.000380525 -9.28087e-22)
(-0.0812599 0.000370487 2.94102e-21)
(-0.0539673 4.45739e-05 -1.13827e-21)
(-0.0706661 -0.00026224 1.45411e-21)
(-0.004125 0.073874 -8.07882e-22)
(-0.00505784 0.0801677 5.51827e-22)
(-1.0796e-05 0.0634277 0)
(-0.00265141 0.077708 0)
(-0.00179204 0.0855213 -1.10591e-21)
(-0.00218533 0.0576413 7.39651e-22)
(-0.000385195 0.0685156 0)
(-0.0769246 0.000115894 8.82121e-22)
(-0.0813025 -0.000343049 2.24864e-22)
(-0.0641763 0.000228111 1.27364e-21)
(-0.0821719 -0.0021681 -1.96053e-21)
(-0.084203 -0.00248066 -2.07833e-21)
(-0.0520483 -0.00059323 -2.30338e-21)
(-0.0687218 -0.000742396 1.00736e-21)
(0.000440192 0.0769723 8.14029e-22)
(0.000129347 0.0630298 -8.62058e-22)
(-0.00221787 0.0823825 2.67601e-21)
(-0.00116326 0.0824209 -2.0694e-21)
(-0.000769772 0.0568202 0)
(0.000199453 0.0712354 0)
(-0.0735519 -0.00417683 -1.46526e-21)
(-0.0804213 -0.00601367 0)
(-0.081903 -0.0141623 1.80704e-21)
(-0.0550749 -0.00323515 1.05034e-21)
(-0.0758915 -0.016638 -2.01167e-21)
(-0.0818213 -0.0164104 -3.33347e-21)
(-0.0768692 -0.00390941 2.02035e-21)
(-0.0800986 -0.0123747 1.83943e-21)
(-0.0523794 -0.000910982 -3.04087e-22)
(-0.0647595 -5.36459e-05 0)
(-0.000760525 0.076793 -4.5961e-22)
(-0.00371721 0.0689439 0)
(-0.00148569 0.081007 0)
(-0.00175246 0.0806111 3.51594e-22)
(-0.000133576 0.0534686 0)
(0.000285361 0.069597 0)
(-0.0751662 -0.0340833 0)
(-0.077661 -0.0293627 -2.20903e-21)
(-0.0748524 -0.02989 2.98411e-21)
(-0.068925 -0.0450994 0)
(-0.0386357 -0.00724284 0)
(-0.0574686 -0.0128049 -1.21102e-21)
(-0.0636409 -0.0163077 -2.29869e-21)
(-0.0587989 -0.0308067 2.81562e-21)
(-0.0664568 -0.0386793 -1.50686e-22)
(-0.0311414 -0.0153325 -7.03884e-22)
(-0.0142977 -0.00555555 0)
(-0.00655187 -0.0143792 2.21192e-21)
(-0.0728192 -0.0176849 7.71611e-22)
(-0.0744237 -0.030047 -1.91188e-21)
(-0.0497463 -0.000916797 -1.37885e-21)
(-0.065057 -0.0145658 1.97016e-21)
(-0.0644277 -0.0390764 8.92566e-22)
(-0.0645688 -0.0471812 0)
(-0.0563315 -0.0551286 1.61135e-21)
(-0.032001 0.164363 3.45951e-24)
(-0.141521 0.225861 -3.1332e-21)
(-0.149178 0.185597 3.29881e-21)
(0.0752884 0.166993 -2.7806e-21)
(-0.0146317 0.0838184 1.53955e-21)
(-0.0168637 0.0790274 -1.86419e-21)
(-0.0471839 0.121715 -9.56841e-22)
(-0.0148885 0.0825237 -3.29229e-21)
(-0.00118651 0.0800569 -8.58588e-22)
(-0.00799256 0.0811051 3.45182e-21)
(0.000379365 0.0501478 0)
(-0.000239879 0.0654284 3.13329e-22)
(-0.0627673 0.10421 4.53469e-21)
(-0.113837 0.109623 -1.42667e-21)
(-0.0551743 -0.0607528 4.2424e-21)
(-0.0599055 -0.0499164 2.51773e-21)
(-0.0616741 -0.0528415 -3.38569e-21)
(-0.0335058 -0.0264575 5.34274e-22)
(-0.0431758 -0.0534281 0)
(-0.0441183 -0.0365445 2.51675e-22)
(-0.0171127 -0.0307762 -3.09162e-21)
(-0.044184 -0.0700948 -5.9771e-21)
(-0.00963079 -0.042242 0)
(-0.0371689 -0.0727969 2.1012e-21)
(-0.0261162 -0.0798227 0)
(-0.0462204 -0.0154967 3.30562e-21)
(-0.0554635 -0.0345136 0)
(-0.0335496 -0.0596534 -4.82129e-21)
(-0.0491259 -0.0534733 1.17117e-21)
(-0.0104948 -0.000750248 1.46139e-21)
(-0.0302435 -0.00519271 -5.74916e-21)
(-0.145356 0.164606 -5.73963e-22)
(-0.164278 0.127913 0)
(-0.0670431 0.146003 2.16796e-21)
(-0.180894 0.058707 -1.3626e-21)
(0.148084 0.0359587 1.0602e-21)
(-0.0257277 0.0803733 2.13903e-21)
(-0.0486375 0.0819032 -2.43187e-21)
(-0.0093741 0.0667612 -1.78784e-21)
(-0.0191947 0.0654693 3.07564e-21)
(-0.000427092 0.0470297 1.43746e-21)
(-0.00651453 0.0555486 -9.46641e-22)
(-0.185995 0.00145222 0)
(-0.121123 0.0584549 -2.04132e-21)
(-0.163192 0.0389196 1.19672e-22)
(-0.167184 0.0140696 3.28308e-21)
(-0.0580795 0.0586336 -1.29725e-21)
(-0.0945738 0.0483938 1.26406e-21)
(-0.0283896 -0.0648544 2.31275e-22)
(-0.0300386 -0.074005 5.18386e-22)
(-0.0238204 -0.0800734 0)
(-0.0162269 -0.0576509 -2.92016e-22)
(-0.00377563 -0.0604944 1.94515e-23)
(-0.0157116 -0.0811585 -3.65223e-21)
(-0.0159851 -0.0782021 1.83609e-21)
(-0.0110061 -0.0809825 -2.04594e-21)
(-0.0182944 -0.052748 3.30376e-21)
(-0.0128987 -0.0700416 -2.65735e-21)
(-0.00669437 -0.0353449 0)
(-0.00111178 -0.0126074 0)
(-0.138166 0.0350832 -5.04869e-22)
(-0.181751 0.0142256 1.85484e-21)
(-0.0156105 0.035745 -7.7145e-22)
(0.233832 0.0130765 1.87645e-21)
(-0.189774 0.00780793 0)
(-0.203317 0.00499894 0)
(-0.0208434 0.0476435 -2.22712e-21)
(-0.040237 0.0438608 0)
(-0.180624 -0.0116941 0)
(-0.180806 -0.00968525 0)
(-0.00621414 0.0407073 0)
(-0.0107528 0.039911 -9.70887e-22)
(-0.13639 -0.0141676 0)
(-0.135764 0.0024593 -3.31185e-21)
(-0.0537401 0.0152393 0)
(-0.0915906 0.0189783 0)
(-0.107045 0.00384747 2.81298e-21)
(-0.159164 -0.0149554 6.02873e-22)
(-0.00738332 -0.0793687 2.55181e-21)
(-0.00654958 -0.0740423 0)
(-0.000268396 -0.0659708 -4.10005e-23)
(-0.0033669 -0.0774766 0)
(-0.00201692 -0.0853863 0)
(-0.00225273 -0.0562469 -3.50746e-21)
(-0.00112208 -0.0678265 3.19581e-21)
(-0.140431 0.0116353 0)
(-0.0135443 0.00900288 -1.55575e-21)
(0.226903 0.00378092 0)
(-0.201884 0.00476392 -5.1644e-22)
(-0.208691 0.00886998 5.61446e-23)
(-0.144872 0.00482219 -2.61605e-22)
(-0.182236 0.00698369 1.55558e-22)
(-0.0106566 0.00271644 5.44623e-21)
(-0.0404068 -0.00568755 -1.0011e-21)
(-0.0785885 -0.0123327 -2.18351e-21)
(-0.0889175 -0.0188679 0)
(-0.0923972 -0.018105 0)
(-0.000254016 0.00267606 1.71104e-21)
(-0.00272291 0.00460939 -6.43627e-21)
(-0.0668371 -0.00722121 0)
(6.9416e-05 -0.0776381 -5.53532e-22)
(-0.000566388 -0.0669801 4.05971e-23)
(-0.00261667 -0.0818353 -4.69162e-21)
(-0.000838627 -0.0814626 4.36624e-21)
(-0.000969495 -0.0542395 0)
(0.000178443 -0.0703169 -5.42137e-22)
(-0.0365018 -5.86455e-05 0)
(0.215917 -0.00036897 0)
(-0.212029 -0.00120642 4.32604e-22)
(-0.174602 -0.000267427 -3.89595e-22)
(-0.153366 0.000779108 3.55611e-22)
(-0.197491 0.00501177 -5.57368e-22)
(-0.0252968 -0.00111374 0)
(0.0805489 -0.164769 -5.87664e-21)
(-0.160431 -0.180779 1.01002e-20)
(-0.00148709 -0.0784655 1.70973e-22)
(-0.00334198 -0.0698607 0)
(-0.000466382 -0.0808815 4.04588e-21)
(-0.00160915 -0.0810894 -2.94785e-21)
(8.10076e-05 -0.0523271 0)
(0.00014538 -0.0711876 -1.05466e-21)
(-0.0423183 -0.00224922 -3.94582e-23)
(0.211267 -0.00517172 -2.16396e-21)
(-0.2208 -0.00253381 -2.20451e-21)
(-0.177078 -0.00244788 -6.12609e-22)
(-0.153679 0.000825698 5.32997e-22)
(-0.200275 -0.000820398 0)
(0.149543 -0.033526 -7.33928e-21)
(-0.0601804 -0.121705 -6.65371e-21)
(-0.0129274 -0.0832643 0)
(-0.0167843 -0.0792985 0)
(-0.00944526 -0.00796087 -3.20358e-21)
(0.239695 -0.0125503 2.66114e-21)
(-0.000242816 -0.035531 1.22182e-20)
(-0.0506645 -0.117789 0)
(-0.155881 -0.147718 9.51356e-21)
(-0.0354898 -0.168268 1.65981e-21)
(-0.160132 -0.224049 -2.69217e-21)
(-0.0622745 -0.0958747 -1.56856e-23)
(-0.0131775 -0.0818441 -3.94203e-21)
(-0.00131293 -0.0799957 1.68741e-21)
(-0.00713299 -0.0807139 6.23909e-21)
(0.000142092 -0.0549083 -3.72877e-21)
(-0.000919521 -0.0689166 2.42281e-21)
(-0.142269 -0.0109752 2.57743e-21)
(-0.212119 0.00147521 3.7968e-21)
(-0.212757 -0.00809303 -3.54052e-21)
(-0.144937 0.000798319 2.59122e-22)
(-0.186636 -0.000127373 0)
(-0.14635 -0.0393034 -4.01272e-21)
(-0.178357 -0.104935 -2.69962e-21)
(-0.0417419 -0.0783281 -6.57769e-21)
(-0.024508 -0.0787285 7.70367e-22)
(-0.188819 -0.00858907 0)
(-0.178237 -0.0151137 -1.03016e-21)
(-0.139714 -0.0992021 -6.93738e-21)
(-0.0878029 -0.0903378 8.96878e-21)
(-0.0728089 -0.055031 6.54044e-21)
(-0.0507259 -0.0578962 0)
(-0.00855049 -0.0638723 0)
(-0.0178222 -0.063746 -2.56848e-21)
(-0.00141576 -0.0502253 0)
(-0.00691525 -0.0567039 0)
(-0.20346 -0.00274319 2.8953e-21)
(-0.201304 -0.00287136 -5.55273e-21)
(-0.13911 0.00121093 -2.67027e-22)
(-0.173904 -0.00523159 -1.63984e-21)
(-0.174576 -0.000232676 5.28418e-21)
(-0.153179 -0.0292269 -4.53901e-21)
(-0.0213704 -0.0474544 1.53681e-21)
(-0.0373407 -0.0449008 3.67201e-21)
(-0.183009 0.00862945 4.54077e-21)
(-0.166183 0.0129169 -1.818e-22)
(-0.0493804 -0.0157691 -8.03945e-21)
(-0.0792048 -0.024138 3.93623e-22)
(-0.111535 -0.018182 1.43832e-21)
(-0.00641762 -0.0399499 0)
(-0.0119959 -0.0387835 -2.80422e-21)
(-0.135812 -0.0046273 -2.20546e-21)
(-0.160371 0.00990324 1.5946e-21)
(-0.090211 0.0189904 1.43695e-21)
(-0.0121502 -0.00121106 0)
(-0.0397538 0.00786467 3.5464e-21)
(-0.10696 0.0212273 1.63014e-22)
(-0.0957411 0.0129316 0)
(-0.000422687 -0.00271835 0)
(-0.00380736 -0.00398681 0)
(-0.0617386 0.00737596 -3.70785e-21)
(-0.0224883 0.0012287 2.91823e-21)
)
;

boundaryField
{
    movingWall
    {
        type            fixedValue;
        value           uniform (1 0 0);
    }
    fixedWalls
    {
        type            noSlip;
    }
    frontAndBack
    {
        type            empty;
    }
    defaultFaces
    {
        type            empty;
    }
}


// ************************************************************************* //
