/*--------------------------------*- C++ -*----------------------------------*\
  =========                 |
  \\      /  F ield         | OpenFOAM: The Open Source CFD Toolbox
   \\    /   O peration     | Website:  https://openfoam.org
    \\  /    A nd           | Version:  8
     \\/     M anipulation  |
\*---------------------------------------------------------------------------*/
FoamFile
{
    version     2.0;
    format      ascii;
    class       surfaceScalarField;
    location    "9000";
    object      phi;
}
// * * * * * * * * * * * * * * * * * * * * * * * * * * * * * * * * * * * * * //

dimensions      [0 3 -1 0 0 0 0];

internalField   nonuniform List<scalar> 
6926
(
-1.05308
0.0710304
-0.652858
-0.575153
0.174931
-0.941649
0.0740222
-0.11292
-0.539938
0.0688488
-0.756922
-0.752279
-0.0144388
-0.635251
-0.0481788
0.234424
-1.05806
-0.064882
0.0131677
-0.583537
0.177766
-0.717704
-0.644038
0.466534
-0.586709
0.133342
0.025147
-0.660141
-0.828082
-0.244412
-0.409727
-0.0679184
0.0526744
-0.568293
0.156254
-0.873958
-0.555703
-0.534205
0.000171077
-0.533756
0.257372
-0.680506
-0.165025
-0.767877
-0.57277
-0.794975
-0.217314
-0.210007
0.0233042
-0.381591
-0.191513
-0.574196
-0.122765
-0.751193
-0.896195
0.12969
-0.13117
-0.592823
0.119815
-0.423187
-0.812395
0.0723862
-0.511073
0.00017177
-0.528537
-0.00504809
-0.53411
-0.00349325
-0.102483
-0.938838
-0.388219
0.252407
-0.436958
-0.56308
-0.0424531
-0.10126
-0.471844
-0.185245
-0.511716
0.0459093
-0.797102
-0.113065
-0.705417
0.22566
-1.06843
-0.00149971
0.0947436
-0.787324
-0.00262086
-0.533632
-0.788734
-0.00795565
-0.612509
0.000175681
-0.525005
-0.00335976
0.153228
-0.139929
-0.827724
-0.818038
-0.527905
-0.011253
-0.534207
-0.0323656
-0.0383873
-0.648044
-0.523781
0.04437
-0.420777
-0.236312
-0.886583
-0.834037
0.0369351
0.000159941
-0.699401
-0.00617679
-0.867638
0.0248689
-0.983455
0.0335762
-0.727567
-0.256032
-0.533913
-0.010725
-0.522747
-0.753592
-0.13176
-0.14349
-0.759403
-0.849008
0.000187135
-0.528043
0.00321338
-0.519905
-0.0113606
-0.174014
-0.682411
-0.389418
-0.612319
-0.528254
-0.0172062
-0.534173
-0.0219737
-0.0363954
-0.567279
-0.890083
0.0560453
-0.223853
-0.625795
0.143547
-0.0273552
0.275693
-0.391885
-0.332064
-0.558019
0.359358
-0.547875
-0.0835481
0.000177502
-0.61603
0.840962
-0.470747
-0.453763
-0.0328528
-0.958586
-0.0773626
-0.642653
-0.375951
0.0707693
-0.422385
-0.0980921
-0.533891
-0.0226717
-0.521967
-0.00891467
-0.513654
0.584357
-0.592635
-0.0690851
-0.425328
-0.512199
-0.437887
0.252505
-0.292858
-0.349066
0.0160363
-0.522934
0.461579
-0.65956
-0.0258717
-0.387627
0.000197306
-0.54668
0.0188244
-0.510652
-0.00603888
-0.516251
-0.0233642
-0.132559
-0.586248
-0.209275
-0.535603
-0.532877
-0.0185019
-0.0516421
-0.53761
-0.301366
-0.0149851
0.288996
0.869894
-0.234842
0.300144
0.00805336
-0.0535823
-0.346356
-0.284695
-0.00861808
-0.129034
-0.472423
-0.687053
-0.029516
0.000198212
-0.586712
0.121512
-0.621775
-0.575132
0.242882
-0.991439
-0.0208529
-0.551031
-0.0688957
-0.544592
0.013438
-0.533915
-0.0348673
-0.521695
-0.022519
-0.508363
-0.00238048
-0.511076
0.191057
-0.68722
0.672158
-0.357303
-0.38394
-0.0403503
-0.461782
0.0515085
-0.440924
0.000841705
-0.472268
0.0787547
-0.504953
-0.466579
0.107163
-0.41371
0.000212103
-0.580622
0.0341386
-0.529825
0.0379971
-0.524826
0.00253609
-0.528243
-0.0279988
0.0949349
-0.0988364
-0.531702
-0.542955
-0.542603
-0.0135091
0.359347
-0.406339
0.0320063
0.413501
-0.286753
-0.344299
-0.325624
-0.0893331
0.208071
-0.895124
-0.551105
0.009457
0.00022801
-0.596397
-0.00644641
-0.605872
-0.641764
0.0601852
-0.748557
-0.000268493
-0.537325
-0.0014087
-0.543452
-0.0429894
-0.525793
-0.0408307
-0.503383
-0.0173793
-0.493364
0.0130068
-0.523855
-0.188883
-0.497495
-0.494068
0.0511249
-0.0133597
-0.47869
-0.509494
-0.0243444
-0.461283
0.0344758
-0.540838
0.30676
-0.773591
0.000251217
0.000213384
-0.61063
0.0302203
-0.583767
0.0880807
-0.111286
-0.375542
-0.457052
-0.0686552
-0.552053
-0.0185491
0.00471981
0.00261655
-0.539038
-0.551744
0.360358
-0.32869
0.000338169
0.000267894
-0.635157
-0.0347654
-0.418413
0.00039061
-0.325918
-0.00317789
-0.306061
-0.236257
-0.640766
-0.133745
-0.761379
0.00536246
0.000277582
-0.602037
0.00296406
-0.603474
-0.633403
-0.00539654
-0.688372
-0.0441517
-0.536162
-0.038439
-0.549165
-0.0529971
-0.513627
-0.064114
-0.456649
0.0143358
-0.494693
0.0282312
-0.551808
0.054307
-0.513899
-0.467533
0.00716984
-0.514047
0.00966187
-0.481182
0.0131547
-0.464776
-0.028094
-0.551183
-0.624779
0.0143624
-0.625071
0.00054367
-0.628612
0.0750648
-0.363019
-0.205319
-0.65048
-0.590314
-0.0303935
0.00383117
0.0033201
-0.54619
-0.566462
-0.618
-0.00680317
-0.605543
-0.0121196
-0.453631
0.000452405
-0.590751
-0.0144013
0.000514451
-0.457324
-0.0388527
-0.503465
-0.108637
-0.665875
-0.00799607
-0.753382
0.0117738
0.00032831
-0.614139
-0.0325896
-0.55911
-0.623945
-0.0420484
-0.693768
-0.0531077
-0.536052
-0.0432461
-0.559026
-0.0973186
-0.480422
-0.368773
-0.0735398
0.0840418
-0.550503
0.0266141
-0.578094
-0.0180171
-0.523976
-0.472395
-0.00509663
0.00681862
-0.482904
-0.515824
0.00921885
-0.467176
-0.0294157
-0.565013
-0.63821
0.0239612
-0.630364
-0.00730235
-0.668039
0.0926236
-0.765181
-0.0304522
0.00622522
0.00398154
-0.556396
-0.59063
-0.619336
-0.0178318
-0.606078
-0.025377
-0.574875
-0.0154228
-0.591
-0.0294793
-0.0118904
-0.56247
0.000578657
-0.496755
-0.0381545
-0.573948
-0.00804391
-0.665827
0.078046
-0.831428
0.0925001
-0.707007
0.000367557
-0.0311262
-0.435484
-0.359096
-0.295975
-0.735817
-0.0733237
-0.560047
-0.0497556
-0.582594
0.332894
-0.617625
-0.221068
-0.157893
-0.549502
0.000387871
0.0656673
-0.589557
-0.593879
0.0161523
-0.0156557
-0.537736
-0.478832
0.00295957
-0.514802
-0.00158318
-0.478361
-0.00292271
-0.465837
-0.0296296
-0.585139
-0.659721
0.0156425
-0.638117
-0.0289059
-0.69171
0.0191525
0.00257493
-0.014936
-0.544035
-0.618508
-0.61373
-0.0422192
-0.602415
-0.0366913
-0.570493
-0.0359298
-0.593476
-0.038419
-0.0324983
-0.549885
-0.002156
-0.559736
0.000635203
-0.535545
-0.00249439
-0.579497
0.085171
-0.672952
-0.12691
-0.704518
0.492506
-0.395559
-0.25484
-0.302074
-0.665724
-0.366067
0.022658
0.108155
-0.526371
-0.083066
-0.698049
-0.0594166
-0.606244
0.0557561
-0.607714
-0.527254
0.000410311
-0.600873
0.00738214
0.0274734
-0.600878
0.00891398
-0.490669
-0.558452
0.0251905
-0.0333406
-0.470211
-0.504547
-0.0267964
-0.472381
-0.0315937
-0.612962
0.0193084
-0.490353
0.414872
0.0561732
-0.699991
0.0239239
-0.625176
-0.103721
-0.0495368
-0.0104721
-0.484026
-0.648892
-0.600069
-0.0673263
-0.58223
-0.0545303
-0.555979
-0.0734268
-0.0246018
-0.596047
-0.0822996
-0.506177
-0.0058803
-0.546161
0.0103004
-0.569401
0.000694304
-0.538733
0.0367387
-0.531065
-0.532695
-0.292504
0.152247
0.00353775
-0.663143
-0.0224786
-0.68204
0.105473
-0.771197
0.562669
-0.709355
0.00179893
0.0448114
-0.572982
-0.525879
0.000423856
-0.0388864
-0.603406
-0.00156563
-0.643565
0.0299708
-0.610211
-0.601387
0.000924343
0.0137515
-0.607247
0.0116419
-0.601687
-0.505823
0.0617756
-0.0301367
-0.50185
-0.453244
-0.123233
-0.379284
-0.0680917
-0.546436
0.960471
-0.645463
-0.315008
-0.368036
0.541164
-0.153819
-0.562196
-0.296193
0.426271
-0.184481
0.173082
0.696716
0.319928
0.192338
0.292666
-0.058733
-0.322826
-0.614444
-0.947794
-0.474946
-0.576569
-0.688685
0.146412
-0.553686
-0.189529
0.00326037
-0.581548
-0.605559
-0.0639151
-0.316086
-0.371773
-0.00292006
-0.509138
0.0193018
-0.555163
-0.424451
0.135484
0.0237262
-0.592433
0.000750119
-0.502745
-0.439732
0.0609134
-0.490553
-0.195068
0.100156
-0.782195
0.0632701
-0.453667
-0.721551
-0.0606447
-0.00898781
-0.762209
-0.673531
-0.00521528
-0.0725231
-0.495243
-0.531538
0.000443847
-0.599163
-0.00179972
0.0201544
-0.59359
-0.167999
-0.455411
0.0259504
-0.62241
-0.604321
-0.00200145
0.0475965
-0.717376
-0.58146
-0.575679
-0.305455
-0.437184
-0.277251
1.01864
-0.0482191
0.373176
-0.504029
0.427086
-0.0704033
-0.551934
0.530858
-0.132743
-0.669086
-0.179041
-0.0184525
-0.703098
0.656845
-0.0177742
-0.657523
0.604485
0.0216248
-0.0438789
-0.582231
-0.0824133
0.77913
-0.410597
0.135584
0.467351
0.411033
0.0172172
0.397705
-0.0293516
-0.401931
-0.788192
-0.638693
0.208537
-0.430735
-0.397487
0.165328
-0.592803
0.0450646
-0.690528
-0.429444
0.179022
-0.174029
-0.0824009
0.23892
-0.472605
-0.457094
0.0359148
-0.525751
0.0453781
-0.576814
-0.364638
0.0603906
0.028705
-0.620388
-0.442625
0.000793893
0.520225
-0.362101
-0.0948543
-0.104287
0.682709
-0.0865085
-0.13306
0.595874
-0.00916309
-0.550786
0.574417
-0.00200574
0.0375098
-0.799719
-0.708544
0.142092
-0.261263
-0.376073
-0.389914
0.000468437
-0.598116
-0.000603749
-0.010198
-0.595923
0.0799115
-0.647551
-0.812684
-0.611064
-0.0133475
0.141871
-1.1365
-0.745044
0.984561
-0.10559
-0.188554
0.462203
-0.00174805
-0.611503
0.526927
-0.0481667
-0.727597
-0.0629467
-0.0407923
-0.66061
-0.743891
0.0495477
-0.0582192
-0.57356
0.00271287
0.637806
-0.00300341
-0.637516
-0.498526
0.0137548
-0.00183408
0.45543
0.792885
0.329876
0.079323
0.410295
0.00462664
0.434988
-0.00213741
-0.207391
-0.939584
-0.787046
0.277336
-0.509495
0.0405977
-0.588336
0.095052
-0.546659
-0.260172
0.0745563
-0.36661
-0.0675903
-0.0821525
0.111776
-0.502229
-0.503331
0.0567732
-0.537146
0.102098
-0.650208
-0.383041
0.000805827
0.013072
-0.632666
0.423707
-0.466709
-0.051852
-0.0471906
-0.547128
-0.0526407
-0.0377623
0.566588
-0.00133467
0.637963
-0.00216256
0.11615
-0.915869
-0.853657
-0.0495989
-0.571663
0.766506
-0.669631
-0.0974266
0.00055184
0.000518194
-0.595948
-0.00169942
0.0012425
-0.597769
-0.243689
-0.426552
0.000610456
0.707354
-0.416077
-0.340876
0.0464555
-0.125528
-0.6407
-0.786948
-0.475078
-0.0433891
1.01381
0.84137
-0.0610597
-0.0747818
0.550939
-0.02576
-0.633537
0.526806
0.0585639
-0.750204
0.0537203
0.640017
-0.639907
-0.00311292
-0.895643
0.151752
-0.697958
-0.197685
-0.567077
0.0622609
-0.269416
-0.366405
0.692616
0.100269
-0.00534218
0.0032781
-0.00335912
-0.637435
-0.432987
0.639952
0.145353
0.453851
0.0357677
0.442162
-0.00254677
0.580506
-0.0317048
-0.136961
-0.170052
-0.632571
-0.646671
0.123
-0.591898
0.0769513
-0.570235
0.0872035
-0.522087
-0.309243
0.000758945
-0.37749
0.000656126
-0.0673776
0.0745851
-0.509436
-0.513936
0.0737338
-0.508781
0.00130473
-0.63844
-0.63526
0.0034
0.425138
-0.477159
0.00016956
0.000457353
-0.529566
-0.000234222
-0.000739496
0.637923
-0.00129498
0.639814
-0.00196006
0.223786
-1.13965
0.727298
-0.272302
-0.698685
-0.0174121
0.163617
-0.562282
-0.587833
-0.58882
-0.00660962
-0.590815
0.00254619
0.00496879
-0.604437
-0.699534
0.000679857
0.0561343
-0.646338
-0.673597
-0.283403
0.0894995
-0.538664
-0.224432
0.399853
-0.577112
-0.715925
0.896987
-0.0131857
-0.0388364
0.425006
0.510817
0.559343
0.454466
0.822653
-0.0260028
-0.00233276
0.544943
-0.0438972
-0.609178
0.526644
0.141098
-0.910894
0.355435
-0.638832
-0.00443458
0.473112
0.156672
-0.632897
-0.590843
-0.24565
-0.4837
-0.304828
0.0128602
-0.624915
-0.707541
0.218499
0.0326799
0.00365767
-0.00155177
-0.639541
-0.416469
0.542553
0.0566505
0.480882
-0.00295255
0.611598
-0.0336389
0.569845
-0.0566066
-0.0315715
-0.5115
-0.555242
-0.102572
0.0483249
-0.484417
0.0553625
-0.570309
0.063511
-0.546543
0.0692792
-0.516781
-0.636073
0.00157137
-0.636545
0.00112893
-0.0685709
0.0673334
-0.508199
-0.508773
0.00939423
-0.516871
-0.636495
0.00145447
-0.636981
0.000892911
-0.637375
0.000563134
-0.637711
0.000102068
-0.000527143
0.639435
-0.000915806
0.421407
0.0497442
-0.390773
0.386645
0.1608
-0.191984
-0.947671
-0.051913
-0.838756
-0.0417832
0.135337
-0.655835
-0.624647
-0.581787
-0.0292603
-0.533328
-0.0459127
0.0450151
-0.522209
-0.752135
0.000687283
-0.484453
-0.161206
0.323695
-0.76547
-0.675634
-0.424205
-0.47586
0.85995
0.0127641
0.415482
0.405632
0.265074
0.575413
-0.508712
1.06806
0.456571
0.831368
-0.000400992
-0.0818584
0.534536
-0.0517889
-0.519311
0.526402
0.134007
0.130855
-0.29473
-0.634963
-0.0054207
-0.542927
-0.0944042
0.276526
-0.179184
-0.488114
0.519705
0.0555287
-0.433376
0.129315
-0.320854
0.00390828
0.0105195
-0.653968
-0.283246
0.540899
-0.00336616
0.62756
-0.018915
0.640157
-0.103951
0.538644
-0.0607146
0.0663608
-0.593139
-0.00806344
-0.455112
-0.507943
-0.03892
0.0200493
-0.465546
0.0390161
-0.545814
0.05332
-0.530584
0.0615387
-0.510986
-0.636497
0.00157404
-0.636967
0.00159833
0.00968501
-0.509064
-0.00287129
-0.495643
-0.532365
0.0169485
-0.637538
0.00146434
-0.638187
0.00121212
-0.638845
0.000760149
6.23586e-05
0.412485
0.0080061
0.389094
0.0472951
-0.24137
0.140905
0.261265
0.221553
-0.186398
-0.0411857
-0.906485
-0.0344824
-0.845459
0.0117434
0.0683248
-0.735903
-0.642164
-0.376225
-0.311852
0.115617
-0.446826
-0.315355
0.0936341
-0.300488
-0.787352
0.000734864
-0.443283
-0.0404827
-0.102716
-0.373844
-0.0768779
-0.620267
-0.486378
-0.177651
1.04812
0.734724
0.333332
0.290065
-0.272849
0.388416
0.0702105
0.484929
0.133349
0.898635
0.820535
0.0364139
0.726612
0.0120646
0.525956
-0.051343
-0.497911
0.52611
0.105809
-0.437326
0.0702696
-0.005444
-0.618244
-0.00619911
0.297069
-0.104371
-0.371883
-0.527855
-0.0204931
-0.0989306
-0.483588
0.00401742
0.0483327
-0.706319
0.600082
-0.00365508
0.645975
-0.0217804
0.625287
-0.0040449
0.508068
-0.0733749
0.520725
-0.055484
-0.0934231
-0.538636
-0.00725145
-0.427811
-0.476178
-0.0256217
0.00965211
-0.449576
0.0321156
-0.52461
0.0488655
-0.517911
-0.0168115
-0.497046
0.542548
-0.513808
-0.0271415
0.0117569
0.0242081
-0.516323
-0.00451321
-0.466921
-0.477945
-0.0343987
-0.447589
-0.0291443
0.424793
-0.0122452
-0.0220354
0.390892
0.00620783
0.11482
-0.163825
0.18991
0.42338
0.225028
-0.1673
0.240984
-0.130313
0.0418679
-0.948353
0.0355848
-0.839176
-0.752518
0.000751415
-0.271672
0.0877036
-0.551935
-0.467907
0.101015
-0.454208
0.00999772
-0.413202
-0.430827
-0.0117206
0.00881906
-0.423146
0.0317437
-0.564307
-0.548057
-0.110581
0.789901
0.187905
0.58737
0.624716
0.110008
-0.468176
0.563637
0.23787
-0.0251289
0.483755
0.0814392
0.536839
-0.0511519
0.481611
-0.804699
0.715487
0.101277
0.0894349
0.52122
-0.0464535
-0.509048
0.52577
0.0890868
-0.584187
0.145409
0.125856
-0.563209
-0.00670226
0.273613
-0.3225
-0.0554834
-0.565096
0.0310423
-0.0593242
-0.411489
-0.484322
-0.019759
-0.711342
0.200875
-0.195851
-0.0690225
-0.355519
-0.0068152
0.608354
-0.00484734
0.530405
-0.0263821
0.50752
-0.0601701
-0.049056
0.514792
-0.03477
-0.529487
-0.00881692
-0.409342
-0.45288
-0.0229532
0.00633027
-0.432954
0.030667
-0.506411
-0.0140578
-0.520664
-0.464141
-0.0374183
0.609106
-0.494711
-0.141536
0.104539
0.00420674
-0.366589
-0.457816
-0.0712934
-0.434359
-0.0526014
0.416125
-0.0374778
-0.0402698
0.297586
0.132001
-0.159962
0.309249
0.0406229
0.21152
-0.146454
0.216049
-0.142364
0.230358
-0.0870575
0.193168
-1.14152
0.0429456
-0.688954
-0.710302
0.000729154
-0.42644
-0.00363579
-0.122848
0.0875774
-0.516665
-0.489739
0.0645743
-0.508784
0.00118861
-0.405572
-0.423945
-0.010921
0.0516273
-0.528357
-0.5312
-0.013047
0.759816
0.424796
-0.107343
0.472448
0.0556069
0.557094
0.0369009
0.525341
0.59958
0.0251362
0.555991
0.117654
-0.277573
0.422324
0.0931194
0.0382728
0.526922
-0.00172747
0.487415
0.286285
-0.0822478
-0.0267354
0.626315
-0.820419
0.729093
0.192603
0.126845
0.0480107
0.796662
0.51828
-0.0389642
-0.400053
0.525436
-0.0362956
0.622534
0.232415
0.367889
-0.68468
0.112882
-0.357946
-0.0238787
-0.500014
0.0467348
-0.00700798
-0.42424
-0.544983
-0.00638753
-0.00565155
-0.545108
-0.146387
-0.041607
0.510831
0.547486
-0.0219281
0.534118
-0.0529794
-0.0521513
0.506774
-0.0378562
-0.514584
-0.010085
-0.392927
-0.432298
0.0258769
-0.0268744
-0.431956
-0.340158
-0.119776
0.00892833
-0.529397
-0.51809
-0.0399927
0.506742
-0.388754
-0.259525
-0.200004
0.633416
-0.318933
-0.367085
0.173369
-0.251054
0.511163
0.190195
0.15196
0.421278
-0.169135
0.219949
-0.150354
0.207913
-0.11992
-0.937464
-0.204057
0.305847
-0.731497
-0.263304
-0.405075
0.000620116
-0.425076
-0.000634795
-0.424391
-0.00319039
-0.0836676
0.0755871
-0.508585
-0.508833
-0.00262213
-0.504974
-0.417812
0.00131872
0.0558338
-0.508604
-0.513222
-0.870493
-0.0669711
-0.887643
0.0171496
0.0185341
0.633938
-0.00779679
0.535852
0.054677
0.539318
0.0368217
0.526792
0.552875
0.0282522
0.477437
0.0625413
0.387912
-0.00850705
0.0400226
0.485172
0.407323
-0.00215659
-0.0497574
0.575897
0.684393
-0.0580782
0.746016
-0.0616227
0.906464
-0.160448
0.362533
-0.343713
0.945397
0.0392689
0.685139
0.45286
0.94511
0.131907
0.68329
-0.516012
0.504261
-0.0298566
-0.0295402
0.525148
-0.193554
0.169377
0.748177
-0.518135
0.131002
-0.3731
0.00814582
-0.423193
0.0456879
0.545784
-0.00395014
-0.00571168
0.435862
-0.192061
-0.390189
-0.301283
0.21901
0.0471356
-0.0421461
0.499272
0.505816
0.560936
-0.0487469
-0.0855337
0.539328
0.0313621
-0.52007
0.0241078
-0.447477
-0.395694
0.0147325
-0.034808
-0.411881
-0.511256
-0.126611
0.00337978
-0.57277
0.47158
-0.557736
-0.23968
0.538528
-0.309736
-0.0385965
0.323404
0.25613
-0.144589
0.213825
-0.16301
0.20723
-0.14967
-0.839779
-0.0957739
-0.668838
0.000459105
-0.424756
0.000299753
-0.424661
-0.000364985
-0.422412
0.00141015
0.0122375
-0.0265653
-0.494257
-0.499217
-0.508328
0.00467343
0.0343728
-0.516233
-0.500796
0.523466
-0.325294
0.164361
-0.84851
-0.0582406
-0.307894
0.0595931
0.566549
0.0523633
0.538165
0.0494727
0.526667
0.0893544
0.47746
0.48538
0.020309
0.432915
0.0175381
0.401399
-0.00258314
0.0315223
0.451493
0.46714
-0.0315171
-0.207907
0.725726
-0.104374
0.363607
-0.407558
0.209589
-0.127325
0.667541
-0.00343817
-0.599657
-0.151614
-0.0925637
0.394545
0.682471
0.431327
0.416079
0.588437
0.154445
-0.0851496
0.685853
-0.521717
0.485481
0.00637967
-0.0261092
0.0297374
0.524885
0.486811
-0.0434764
-0.392375
0.100184
-0.367518
0.0401062
0.598806
-0.0418198
-0.202906
0.28283
-0.271985
-0.252482
0.234029
-0.321523
0.148159
-0.099052
0.519334
-0.00848834
0.408708
0.575517
-0.0849363
0.0268903
-0.532227
0.0401955
-0.484293
-0.390306
-0.0453852
-0.0721972
-0.294298
0.671493
-0.541341
-0.369831
-0.0278879
0.245349
-0.479681
0.162258
-0.45825
0.46977
-0.252237
0.260112
-0.190876
0.21613
-0.171911
-0.764791
0.000178994
-0.42475
0.000453583
-0.42492
0.000559647
-0.424246
0.0014688
-0.527627
0.0207093
0.00412311
-0.0117455
-0.486634
-0.490421
0.0523949
-0.541737
-0.460147
-0.436389
0.292856
-0.822837
-0.000194465
-0.0794833
0.144266
0.523654
0.539428
0.0612386
0.5264
0.140193
0.475828
0.0746778
0.434305
0.446754
0.00647014
0.421925
-0.00298757
0.0168814
0.432028
0.42062
-0.00538335
0.29718
0.0190662
0.604568
0.0562189
-0.315519
0.0887189
-0.424693
-0.0181507
0.582167
0.0189632
-0.523641
-0.0526653
-0.0340383
0.241962
0.594955
0.572891
0.400101
0.33912
0.190864
0.524727
0.438072
0.0402507
-0.630725
0.378801
0.258304
-0.131949
0.47984
-0.144516
-0.0724188
-0.0529406
0.52546
-0.339801
0.0724663
0.584489
-0.050791
0.242695
0.0698094
-0.221893
0.212105
-0.262418
0.174923
-0.297166
0.105524
-0.660974
0.4131
0.197083
-0.226576
0.269712
-0.0875797
-0.0175823
-0.56003
0.146236
-0.658417
-0.316267
-0.137008
-0.473557
0.247652
-0.455225
0.26831
-0.278221
0.193663
-0.383603
0.233419
-0.225544
0.219787
-0.194533
-0.424824
0.000253046
-0.425177
0.000709819
-0.425132
0.00144589
-0.557162
0.0310037
-0.0496449
-0.0710458
-0.365944
-0.519356
0.143596
-0.702915
-0.387597
-0.52922
-0.000761402
-0.424834
-0.000184517
-0.0745418
0.525777
0.526125
0.166619
0.499974
0.18199
0.368516
0.0308711
0.420315
0.431762
-0.00336637
0.00502356
0.424017
0.43006
-0.00368175
0.453018
-0.00389149
0.51313
-0.00389375
-0.439107
-0.00139433
-0.45517
-0.0020874
0.535806
-0.00371293
-0.50508
-0.00275505
-0.00331209
0.238915
0.52484
0.525095
-0.203385
0.596162
-0.288919
0.516722
0.0419084
0.061574
0.418393
0.101697
-0.36528
0.479069
-0.189628
0.199509
0.515579
-0.358122
0.206039
-0.236653
0.18634
-0.257248
0.135006
-0.196076
0.251054
-0.245074
0.246081
-0.0873055
0.358953
-0.13831
-0.558729
-0.0242624
-0.386503
-0.128397
-0.369422
0.116004
-0.377566
0.228648
-0.27345
0.158331
-0.313286
0.217592
-0.223349
-0.425359
0.000435428
-0.425658
0.00123551
-0.556067
0.000350439
-0.0955163
-0.658024
-0.583869
-0.16285
-0.678375
-0.424765
-0.000830308
-0.425462
-8.11382e-05
0.179381
0.513363
0.515531
0.173888
0.508076
-0.0040529
0.40344
0.00595033
0.419388
0.421549
-0.000897827
0.421217
-0.00335015
0.421625
-0.00429922
0.422292
-0.0045612
-0.424527
-0.00163318
-0.424128
-0.00248595
0.422973
-0.00439409
-0.423598
-0.00328499
-0.00393688
0.208105
0.516498
0.52956
-0.250831
0.481713
-0.343872
0.27701
0.10877
0.136095
0.135958
0.444809
-0.127436
0.317141
-0.188442
0.198128
0.505893
-0.232951
0.202337
-0.227571
0.156663
-0.209342
0.227445
-0.216527
0.253266
-0.136054
0.278479
-0.213458
-0.473668
0.004416
-0.274915
-0.0970577
-0.267949
0.0853607
-0.304595
0.192198
-0.248056
0.142197
-0.263285
-0.426015
0.000792546
-0.514762
-0.0400697
-0.105064
-0.71581
-0.688582
-0.492832
-0.399001
-0.42543
-0.000862581
-0.426237
0.000141238
0.179718
0.507534
0.506806
-0.0172699
0.521293
-0.00482315
0.414213
0.419988
-0.00149808
0.420849
-0.00421081
0.421777
-0.00522726
0.422671
-0.00545469
-0.425207
-0.00185622
-0.424791
-0.00290218
0.423489
-0.00521281
-0.424208
-0.00386763
-0.00465594
0.212534
0.502093
0.491263
0.133703
0.483968
-0.398462
0.379795
0.182443
-0.115351
0.296438
0.0171271
-0.00302385
0.49179
-0.204126
0.178892
-0.183723
0.207042
-0.161078
0.230621
-0.127631
0.245033
7.47045e-05
-6.11423e-05
6.20326e-06
-1.9781e-05
-0.190801
-0.379925
0.0041329
-0.193688
-0.0748438
-0.188972
0.0716907
-0.234089
9.5225e-05
0.000135438
-0.000155968
-0.510885
-0.00308405
-0.401815
-0.326837
-0.119656
-0.246266
-0.349888
-0.275346
-0.337142
-0.225982
-0.363821
-0.426253
-0.000846587
-0.499434
-0.0113103
0.024438
0.499495
0.514702
-0.0224177
0.538888
0.418383
-0.0056682
0.420584
-0.0064112
0.422082
-0.00672561
0.423162
-0.00653439
-0.426022
-0.00208793
-0.425554
-0.00337025
0.424106
-0.00615699
-0.424913
-0.00450868
-0.00546254
0.0692573
0.555708
0.568326
0.156845
0.509566
-0.0614328
0.325877
-0.0864555
0.255263
-0.0258745
0.231743
0.362458
0.035138
0.430777
-9.49473e-06
9.31012e-05
-0.00014477
-4.61679e-05
5.23764e-05
-9.30694e-09
-0.154084
-0.300685
0.00311677
-0.125114
-0.0618808
-0.123974
1.00581e-05
0.000540219
-0.000455059
-2.50217e-05
0.000114287
0.00130391
0.00363812
-0.00493199
0.164471
-0.56937
-0.408632
-0.303141
-0.322094
-0.24765
-0.315474
-0.20715
-0.310755
-0.49436
-0.00592018
-0.47779
-0.10289
0.0432902
0.491343
0.535574
0.542821
-0.0096014
0.498824
0.0375855
0.451362
0.0407364
0.423188
0.0216402
-0.48713
-0.0093177
-0.451295
-0.0392057
0.413279
0.00375125
0.421771
-0.0139545
-0.0340322
0.315115
0.397439
0.10071
0.347423
-0.0221349
0.261557
0.256946
0.289912
0.0331731
0.0986356
0.230649
0.110113
0.353837
-1.3773e-05
-7.78376e-05
8.2113e-05
9.71126e-05
4.83533e-05
-0.000104056
0.000106559
-2.52254e-06
-0.132813
-0.229753
-1.4793e-06
0.000516674
-7.70882e-05
8.73105e-05
0.00163
0.000852425
-0.00117854
0.000977063
0.00265956
-0.423042
-0.288731
-0.284006
-0.285737
-0.240816
-0.281808
-0.182706
-0.260862
-0.489687
0.00597677
-0.175495
-0.350437
0.106408
0.495048
0.632381
0.48538
0.184586
0.432054
0.0940625
0.406675
0.0470193
-0.550907
0.0519018
-0.432512
-0.1576
0.397052
0.0133749
0.401727
-0.0186304
-0.0648171
0.176548
0.321602
0.0620936
0.263194
0.135663
0.219918
0.190651
0.275808
0.128031
0.238281
0.207111
0.274758
5.35389e-05
-0.000557003
0.000489686
8.93912e-05
-7.01167e-05
0.000137813
1.70812e-05
-0.000125842
0.000126691
-3.37934e-06
-0.0016042
-0.00480928
0.00646698
0.00188341
0.000714393
-0.000967825
-7.37852e-06
0.000446958
-9.83918e-05
5.98545e-05
0.00123499
0.000594471
0.000749616
0.00190256
-0.30387
-0.268866
-0.270014
-0.256539
-0.217
-0.247514
-0.166072
-0.313293
-0.510532
-0.40243
-0.0562001
0.427722
0.274436
0.416057
0.196251
0.394944
0.115175
0.378479
0.063485
-0.296148
0.0732564
-0.179539
-0.364021
-0.0897269
0.368879
0.0229739
0.365381
-0.0151316
-0.0634579
0.125419
0.258277
0.170352
0.240217
0.15382
0.247407
0.182685
0.225948
0.237734
0.219709
6.22246e-05
-0.000529841
0.000125193
-5.75125e-05
0.000146515
-2.75774e-06
-0.000127947
0.000128683
-4.12648e-06
-0.00211708
-0.000935488
0.0014483
-0.00123079
-0.00351628
0.00217147
0.000932815
-0.00122089
0.00143484
0.00051453
-8.29769e-06
0.000356859
-0.000103866
3.57655e-05
0.000950557
0.000393488
0.000577318
0.00131694
-0.303852
-0.235029
-0.249878
-0.223661
-0.42006
-0.197086
-0.355288
-0.120972
-0.212815
-0.0692162
0.3115
0.20067
0.346317
0.161435
0.3484
0.113092
0.34198
0.0699044
-0.291242
-0.101112
-0.3031
-0.0778687
0.333109
0.0318452
0.322837
-0.00485996
-0.0437208
0.162831
0.231205
0.182201
0.206578
0.223653
0.178258
-0.00259686
-0.000955685
0.00143558
4.96321e-05
-0.000454295
0.000134774
-4.57815e-05
0.00013895
-1.30449e-05
-0.000120265
0.00011975
-3.63084e-06
-0.00159289
-0.00057338
-0.000955029
-0.00251164
0.00240515
0.000681783
-0.000915469
0.00166796
0.00069967
0.00109967
0.000365441
-7.09451e-06
0.000260081
-0.000100558
1.60451e-05
0.000731946
0.000238839
0.0004505
0.000859347
-0.289876
-0.195031
-0.31411
-0.172852
-0.283404
-0.151678
-0.230476
-0.122144
0.268686
0.155637
0.297042
0.133078
0.306628
0.103506
0.30541
0.0711225
-0.242938
-0.08865
-0.264764
-0.0560428
0.29755
0.039705
0.284562
0.00812844
-0.0239226
-0.00335949
-0.00179845
0.00256101
-0.00193129
-0.000617296
3.32884e-05
-0.000352823
0.000129523
-3.63733e-05
0.00012315
-1.64782e-05
-0.000105335
0.000105056
-3.37397e-06
-0.00120592
-0.000322506
-0.000749661
-0.0017287
0.00260692
0.000961441
-0.00116324
0.00185401
0.000495735
0.00129434
0.000504949
0.000849173
0.000248205
-5.06465e-06
0.000164578
-9.2485e-05
3.17892e-06
0.000568534
0.000120631
0.000352914
0.000501366
-0.00443801
-0.00304566
0.00412453
-0.00250874
-0.00122088
-0.0014333
-0.000389872
1.91442e-05
-0.000242467
0.000114671
-2.79273e-05
0.000100706
-1.21649e-05
-7.91596e-05
7.57856e-05
-0.000917268
-0.000154889
-0.000590205
-0.00111935
0.00256896
0.000145044
-0.000107079
0.00204711
0.000768311
0.00143349
0.000356616
0.00100289
0.000351218
0.000653802
0.000163089
-2.86343e-06
7.49422e-05
-7.59807e-05
0.000436909
3.63713e-05
0.000276908
0.000221593
-0.00574321
-0.00495871
0.00626476
-0.00340303
-0.00215128
-0.00186081
-0.00079332
-0.00107295
-0.000234197
9.41121e-06
-0.000137249
9.16944e-05
-1.89473e-05
6.36206e-05
-0.000697347
-4.77161e-05
-0.000466569
-0.000643371
0.000829173
-0.00662246
0.00836221
0.00203485
0.000157312
0.00160951
0.000592225
0.00111289
0.000246603
0.000779456
0.000225384
0.000503807
9.64036e-05
-1.03863e-06
0.000325834
-1.2912e-05
-0.0077526
-0.012064
0.0140726
-0.0045768
-0.00378295
-0.00256668
-0.0014453
-0.00137088
-0.000495274
-0.000794806
-0.000136759
2.46459e-06
-4.80565e-05
4.46732e-05
-0.000529347
1.51313e-05
-0.000364378
-0.000276528
-0.000244899
-0.00288146
0.0039555
0.000583618
-0.00517127
0.00161903
0.000147832
0.0012745
0.000430597
0.000862208
0.000164009
0.000600831
0.000128097
0.000374861
4.76521e-05
0.000207643
-0.000220554
-0.00668728
0.00473439
-0.00579796
-0.00646673
-0.0101749
-0.00359569
-0.00274996
-0.00191058
-0.000905451
-0.00100861
-0.000280904
-0.000591923
-7.42311e-05
-3.38327e-06
-0.000385397
3.62427e-05
-0.000480485
-0.000165091
0.000400683
-0.000271542
-0.0020263
0.000392691
-0.003945
0.00128784
0.000134491
0.00100593
0.000286652
0.000669964
9.5095e-05
0.000453949
4.86559e-05
0.000255294
-0.00636189
-0.000636441
0.000309002
-0.00559805
0.00386864
-0.00541222
-0.00836126
-0.00280238
-0.001857
-0.00138693
-0.000527526
-0.00072974
-0.000142202
-0.000430094
-2.95919e-05
-0.000243669
0.000279911
-0.000466289
4.71688e-05
-6.13756e-05
-0.00041487
-2.17774e-05
-0.000278528
-0.00135503
0.000248864
-0.00290605
0.00102024
0.000120384
0.000787782
0.000168505
0.000504611
4.47281e-05
0.000303951
-0.00465455
0.00815093
-0.00985916
-0.0053815
-0.000855218
-0.00467105
0.00313271
-0.00451263
-0.00665144
-0.00214456
-0.00108227
-0.000979346
-0.000278308
-0.000518711
-5.24811e-05
-0.000273258
-0.000282081
0.000728871
-0.000913088
-0.000400555
3.28537e-05
-0.000352018
5.16798e-05
-0.000271037
-0.00083514
0.000139867
-0.002026
0.00080648
0.000101969
0.0006056
6.70669e-05
0.000348678
-0.00293389
0.00692117
-0.00864187
-0.00386717
0.00663591
-0.00453111
-0.00100178
-0.00387588
0.00249755
-0.00379535
-0.00501747
-0.00158207
-0.000458185
-0.000669719
-0.000127764
-0.00032574
2.53688e-06
0.00100946
-0.00129407
-0.000237759
0.00056606
-0.000340774
2.16307e-05
-0.000294408
7.50433e-05
-0.000253166
-0.000441818
5.49082e-05
-0.00127489
0.000641043
6.69293e-05
0.000415746
-0.00145688
0.00433095
-0.00580798
-0.00236095
0.00541468
-0.00318807
0.00529191
-0.00381643
-0.00106293
-0.00321193
0.00194235
-0.003211
-0.0034106
-0.00109916
-1.58301e-06
-0.000453455
0.00029461
0.00103437
-0.00132644
2.05981e-06
0.000769639
-0.000198823
0.000424076
-0.000288224
1.54421e-05
-0.000242809
6.45326e-05
-0.000227023
-0.000159492
-2.49146e-05
-0.000609438
0.000482674
-2.30733e-06
0.00488726
-0.00634161
-0.00119304
0.00316293
-0.00188982
0.00411688
-0.00264315
0.00411797
-0.00321148
-0.00109162
-0.00263779
0.00141298
-0.00272567
-0.00181054
-0.000455085
0.000486236
0.000761539
-0.000953155
0.000247376
0.000789054
1.65312e-06
0.000569175
-0.000165225
0.000301064
-0.000240341
1.31199e-05
-0.000198798
3.60712e-05
-0.000190435
6.48227e-06
-0.000126763
0.00140469
0.00476241
-0.00616913
-3.10777e-06
0.00369745
-0.000976064
0.00224884
-0.00150609
0.00297939
-0.00216904
0.0030726
-0.00274743
-0.00101913
-0.00209606
0.000841627
-0.00226549
0.000494454
6.77535e-06
-1.49761e-05
0.000417578
0.000591344
0.000206635
0.000584046
1.31678e-06
0.00040262
-0.000136575
0.000197171
-0.0001981
1.26462e-05
-0.00015934
4.68575e-06
-0.000120282
0.00279301
0.00406376
-0.00545167
0.00115546
0.00360372
-1.99862e-06
0.00272374
-0.000798716
0.00154142
-0.00119776
0.00201058
-0.00178174
0.00210159
-0.00239401
-0.00077878
-0.00142407
0.000254598
-0.00021238
0.000452231
0.000423902
4.56225e-07
0.000354442
0.000443553
0.000171588
0.000413766
1.05098e-06
0.000265091
-0.000111431
0.000110294
-0.000157445
1.10199e-05
-0.000115595
0.00446419
0.00684823
-0.00851871
0.00225067
0.00296897
0.000943503
0.00265773
-1.19143e-06
0.00192634
-0.00065071
0.000992959
-0.000944761
0.00117642
-0.00143885
0.00113616
-0.00220288
-0.000791579
-0.00280457
0.00385081
0.00027584
-6.43051e-05
0.000358189
-3.30849e-06
0.000300163
0.000314971
0.000141838
0.000272866
8.38457e-07
0.000152961
-8.89531e-05
4.1538e-05
-0.000104576
0.00621212
0.00860314
-0.0103479
0.00370858
0.00538946
0.00179987
0.00211325
0.00077048
0.00188594
-5.55276e-07
0.00127769
-0.000530757
0.000577
-0.000746878
0.000489034
-0.0010667
-0.00247818
-0.0064299
0.00811651
-0.000556005
-0.0019727
0.00027862
1.52887e-05
0.000299323
-2.4633e-06
0.000250615
0.000206287
0.000116017
0.000157501
6.81075e-07
6.35089e-05
-6.30377e-05
0.00672364
-0.000560931
4.72227e-05
0.00524795
0.00706762
0.00306897
0.00411464
0.00144073
0.00144313
0.000629719
0.00125252
-4.37764e-08
0.000749183
-0.000425248
0.000252194
-0.000577675
-0.00253978
7.91062e-05
-1.74519e-05
-0.00196898
-0.00501689
-0.000374594
-0.0013195
0.000269148
4.54686e-05
0.000246983
1.05923e-06
0.000206872
0.000115564
9.26337e-05
6.5302e-05
4.70846e-07
0.0078488
0.00457411
-0.00569956
0.00564015
-0.000955437
0.00442825
0.00571476
0.00253232
0.00302277
0.00114166
0.000934409
0.000513153
0.000734694
6.50498e-07
0.000326852
-0.000325474
-0.00232852
0.000985093
-0.00119629
-0.00199224
0.000102397
-0.00156632
-0.0038251
-0.000237497
-0.000812813
0.000250517
4.20492e-05
0.000201783
5.98381e-06
0.000164037
4.43313e-05
6.57732e-05
0.00573046
-0.0119592
0.0140785
0.00654253
0.00367451
0.00469094
-0.00122571
0.00374355
0.0045065
0.0020895
0.00204501
0.000908248
0.000543613
0.000412832
0.000315017
1.36441e-06
-0.00208754
0.000681194
-0.000922115
-0.00179523
0.00078812
-0.00157156
0.000107636
-0.00124616
-0.0028164
-0.000134079
-0.000428373
0.000223413
2.05922e-05
0.000161431
8.38957e-06
0.000110104
0.0044422
-0.00491841
0.00620551
0.0045642
-0.00997993
0.00545664
0.00291689
0.00388946
-0.00137461
0.00320944
0.00341906
0.00171612
0.00119538
0.000720621
0.000242604
0.000316396
-0.00182696
0.000861139
-0.00112168
-0.00161041
0.0004964
-0.0013887
0.000605298
-0.00124313
0.000104633
-0.00098652
-0.00196372
-5.20265e-05
-0.000153119
0.000185723
-3.48674e-06
0.000118494
0.00339813
-0.00292448
0.00396789
0.00340566
-0.00376092
0.00360765
-0.00812826
0.00454362
0.00226363
0.00320339
-0.00141239
0.00279048
0.00239998
0.00138652
0.000453709
0.000558767
-0.00158937
0.000658375
-0.00089594
-0.00139131
0.000642071
-0.00124709
0.000354804
-0.00107592
0.000438114
-0.000980016
9.80612e-05
-0.000784773
-0.00123061
2.48809e-05
7.51208e-06
0.000115007
0.0026105
-0.00190674
0.00269391
0.00255046
-0.00206973
0.00257989
-0.00273584
0.00281229
-0.00639582
0.00377811
0.00172876
0.00262454
-0.00131528
0.00253422
0.00133839
0.0010127
0.00124441
-3.18232e-05
0.00338792
-0.00460049
0.000896174
-0.00124111
-0.00120849
0.000475567
-0.00107172
0.000466736
-0.00096703
0.000245954
-0.000837993
0.000296203
-0.000773143
8.63513e-05
-0.000618687
-0.000586644
0.00012252
0.00211611
-0.00098555
0.00147968
0.00194168
-0.00129819
0.00188879
-0.0013792
0.00191136
-0.00183517
0.00216282
-0.00476911
0.00315887
0.00124492
0.00209299
-0.000959785
0.00235087
-6.59598e-05
0.000593926
-0.000559787
0.000939049
-1.89768e-05
0.00246785
0.000626749
-0.000933394
0.000337245
-0.000827454
0.000327194
-0.00075605
0.000163988
-0.000647599
0.000170831
-0.000591465
5.90159e-05
-0.000464125
0.00163772
-0.000876404
0.00135473
0.00159563
-0.000639633
0.00144449
-0.000853984
0.00139732
-0.000865693
0.00139476
-0.0010777
0.00160791
-0.00320229
0.00263129
0.000780642
0.00139137
-0.00490376
-7.36147e-05
0.0066151
-5.80861e-05
0.000173734
-0.000181602
3.08253e-05
0.000544126
0.000720068
-1.49301e-05
0.00176271
0.000413435
-0.000718541
0.000228345
-0.000636767
0.000208003
-0.000582119
9.85055e-05
-0.000489277
6.88778e-05
-0.000405108
0.00125179
-0.00053258
0.00121078
-0.000406118
0.00108055
-0.000537573
0.00102532
-0.000497683
0.000988031
-0.000470843
0.00112031
-0.00166953
0.00217205
-0.00358327
-6.86866e-05
3.20398e-05
-0.000556214
0.000450561
-6.80815e-05
6.11633e-05
-5.11592e-05
5.20528e-05
0.000152508
6.94151e-05
0.000459784
0.000557687
-1.24991e-05
0.00121753
0.000252592
-0.00055823
0.000149787
-0.000487977
0.000114018
-0.000436659
4.58847e-05
-0.000336231
1.87367e-05
-0.000144121
0.000157429
0.00014751
-0.000196846
0.000968522
-0.000290307
0.000919533
-0.00024523
0.000802308
-0.000314036
0.000748702
-0.000260543
0.0006779
-4.55414e-05
0.000502488
-0.00256004
-5.46947e-05
-8.46892e-05
-0.000540213
5.2762e-05
6.04589e-05
0.000102625
0.000119305
8.55837e-05
0.000361705
0.000434125
-1.09848e-05
0.000794389
0.000128527
-0.000431484
9.32737e-05
-0.000364851
4.24201e-05
-0.000290345
-0.000101512
-0.000127294
9.87613e-05
0.000760757
-0.000131592
0.00070037
-0.000143726
0.000598829
-0.000163722
0.00053257
-0.000118074
0.00045694
-0.00176257
-3.67095e-05
-0.000127424
-0.000467467
0.000109984
5.31082e-05
0.000120885
8.40078e-05
8.95533e-05
0.000261171
0.000341465
-1.00265e-05
0.000462951
3.85731e-05
-0.00031957
4.79663e-05
-0.000247925
-0.000150034
-0.000104664
5.87217e-05
0.000599177
-3.01754e-05
0.00052964
-7.52017e-05
0.000433257
-6.38622e-05
0.000338868
-0.00114219
-2.1194e-05
-0.000139398
-0.000364766
0.000131417
4.25821e-05
0.000121737
5.18304e-05
8.71373e-05
0.000164016
0.000267657
-9.26963e-06
0.000204564
-1.32521e-05
-0.000199959
-0.000161605
-8.24436e-05
2.85402e-05
0.000476355
2.33706e-05
0.000386328
-2.90991e-05
0.000275004
-0.000655323
-1.05009e-05
-0.000134537
-0.000251396
0.000133866
3.04623e-05
0.000112599
2.63811e-05
7.99051e-05
7.48526e-05
-0.000213211
-0.000153353
-6.36043e-05
9.06267e-06
0.000369557
4.0485e-05
0.000245905
-2.79667e-06
-0.000282965
-0.000119674
-0.000142174
0.000124961
1.81149e-05
9.94021e-05
6.89836e-06
6.62058e-05
8.64682e-06
-0.000137045
-4.61918e-05
-3.00626e-06
0.00028639
-9.46517e-05
-5.02721e-05
0.000109408
8.1262e-06
7.31042e-05
-0.000113383
-2.74201e-05
-6.96377e-06
-4.68467e-05
-3.4252e-06
8.12305e-05
-7.42667e-05
0.191862
-0.247346
-0.251732
0.164674
-0.0598697
-0.232561
0.172691
-0.0453835
-0.187177
0.157604
-0.202987
-0.0460326
-0.201313
-0.23321
-0.225192
-0.264408
0.144488
-0.0997339
-0.243992
0.144258
-0.0713009
-0.226628
0.155327
-0.0690238
-0.185745
0.116721
-0.0339816
0.135608
-0.101626
-0.120844
0.0868622
-0.028905
-0.0919388
-0.112622
0.0837174
-0.0367042
-0.0759181
-0.0457917
-0.139953
0.10717
-0.152962
-0.027728
-0.175259
-0.167681
-0.0302408
-0.202969
-0.2055
-0.00407921
-0.221113
-0.207049
-0.212967
-0.0893029
0.0525986
-0.0409578
-0.0483451
-0.264998
0.115328
-0.12051
-0.244104
0.123594
-0.0998459
-0.213113
0.113267
-0.0577864
-0.189419
0.131632
-0.0726977
-0.163227
0.090529
-0.0560568
0.0795511
-0.0620769
0.141628
-0.126501
0.0644241
-0.0396388
-0.112119
0.0724797
-0.0284012
-0.102672
0.0742703
-0.0500729
-0.0246317
-0.12833
-0.126258
-0.0128373
-0.113421
-0.104776
-0.00264892
-0.102127
-0.078567
-0.119525
-0.01814
-0.149541
-0.14647
-0.0286617
-0.176838
-0.178203
0.00382988
-0.210878
-0.173009
0.0285528
-0.24152
-0.182326
-0.201413
-0.0798161
-0.0397087
0.0200031
-0.0998192
0.0484153
-0.0984882
0.0707215
-0.0223063
0.0911473
-0.0711443
0.0428022
-0.055686
-0.262042
0.0901313
-0.146714
-0.239828
0.0931135
-0.116233
-0.21264
0.0964068
-0.099373
-0.191953
0.09258
-0.0603208
-0.168985
0.108664
-0.0784563
0.0631717
-0.0638333
0.127005
-0.137832
0.0739987
-0.073408
-0.12285
0.0494421
-0.0503705
-0.0952111
0.0448407
-0.0209408
-0.0821911
0.0612503
-0.0114696
-0.0486044
0.0371348
0.0525862
-0.0748925
0.00398177
0.00104414
-0.147514
-0.112377
0.0235955
-0.135972
-0.0785316
-0.11824
-0.00115518
-0.177048
-0.148669
0.0133156
-0.186324
-0.163732
0.0379825
-0.220308
-0.148342
0.248476
-0.17601
0.0470629
-0.173245
-0.0148995
-0.103341
-0.114719
-0.0110626
-0.103656
0.0755651
-0.0866278
0.00442089
-0.0759241
0.00103162
0.022089
-0.0777751
-0.0538351
0.0714351
-0.0670142
-0.00634002
-0.253487
0.0589532
-0.163355
-0.228926
0.0655708
-0.135813
-0.204669
0.0688566
-0.108262
-0.184612
0.0763497
-0.0920321
-0.160547
0.0685145
-0.0518822
-0.141323
0.0894406
-0.0143178
0.120066
-0.0460669
0.105748
-0.116773
0.070706
-0.0673307
-0.115516
0.0481853
-0.0706754
-0.00942517
-0.0557626
0.0463374
-0.072536
0.0167735
-0.0354012
-0.0600829
0.0246817
-0.0561012
-0.0527444
0.053776
0.00210711
-0.0548515
-0.00232517
-0.0571617
0.0592687
0.018289
-0.166958
-0.117683
-0.0029729
-0.11471
-0.106314
0.255918
-0.150394
0.0799083
0.0252311
-0.188963
-0.141727
0.0438508
-0.192193
-0.145112
0.225797
-0.145888
0.0525513
-0.139641
0.264259
-0.129253
0.113865
0.0180454
-0.124359
-0.0856106
0.0289861
-0.114597
0.0244532
-0.0489815
0.0245283
-0.0327085
0.00320772
-0.0521892
0.101402
-0.0724156
0.0147739
0.0728427
-0.0580688
0.00582847
0.0768384
-0.0831784
0.0230033
0.0318483
-0.0645567
0.0559266
-0.0500982
-0.0272518
-0.248878
0.0255296
-0.189925
-0.223643
0.0337183
-0.158073
-0.196062
0.0379894
-0.127205
-0.172817
0.0456111
-0.0964669
0.153367
-0.0848524
0.0569
-0.161665
0.0768128
-0.0722247
-0.138398
0.0661731
-0.03265
0.109043
-0.0383374
0.0763934
-0.10037
0.0620324
-0.0521846
-0.0799819
0.0277974
0.0771999
-0.0308625
-0.00278209
0.0540262
-0.0508185
0.0319698
0.0220564
0.056498
-0.071003
0.0401405
-0.0542296
-0.0723582
0.0181286
-0.0476765
-0.0580961
0.0557709
0.00117264
0.00809444
0.0388251
0.0176729
0.0399978
-0.00610799
-0.0191153
0.0252232
0.0238942
-0.000570499
-0.0233237
0.0177862
0.0121353
-0.00335634
-0.00877901
-0.016248
0.0156774
0.00269401
-0.018942
-0.00740523
0.0100992
0.00473008
0.0115911
-0.153318
-0.103119
0.0387153
-0.141834
-0.0856439
0.229309
-0.115444
0.0834206
0.0329468
-0.178059
-0.120372
0.198449
-0.115028
0.0588074
-0.119252
0.251046
-0.0943824
0.121792
0.226957
-0.105165
0.111513
0.0407146
-0.126359
-0.0738821
-0.0874699
0.0150543
0.021527
-0.095409
-0.0659429
0.0114473
-0.0305626
0.0354978
-0.0240505
-0.0366002
0.0554111
-0.0188109
0.0064236
-0.0430238
-0.0443949
0.00266723
-0.067224
-0.049522
0.00394806
-0.0534701
-0.0404469
0.070771
-0.0571796
-0.0135914
-0.0641241
0.0791783
0.00664693
0.0211096
0.0721518
-0.0510422
0.0220536
0.0588901
-0.0368365
0.0316382
-0.0355858
-0.00193513
-0.0286275
-0.0252589
0.000675378
-0.000695163
0.00424303
-0.029502
-0.014699
-0.0180554
-0.000736821
0.00380669
-0.00306989
-0.00951584
-0.000399256
-0.00911661
-0.0184546
-0.236574
-0.011483
-0.211044
-0.219932
0.00888767
-0.186213
-0.198
0.0117871
-0.160011
-0.187758
0.0277466
-0.142147
-0.157639
0.0154925
-0.100739
0.131115
-0.0543024
0.030376
-0.141799
0.0874965
-0.0756258
-0.107036
0.0314104
-0.0306429
0.0858904
-0.0544801
0.100904
-0.0388713
0.0702608
-0.0723349
0.0334636
-0.085208
0.0128731
-0.0574107
-0.0723163
0.0149056
0.0750984
-0.0349579
-0.0291828
0.0512392
0.0262283
0.0183454
0.0318111
-0.0501566
0.0445737
0.034054
0.0171853
0.0517268
-0.0636765
0.0287186
-0.0455479
0.0603858
-0.0522914
0.0148379
0.0288795
0.0228473
0.0688773
0.0165859
-0.000341191
0.0321523
-0.00176375
0.0269869
-0.033734
0.0333928
0.000871718
0.0261152
-0.0148143
0.015686
0.0201173
-0.00233112
0.00530297
0.000277564
0.00039781
0.000121593
0.0167748
-0.00109736
0.0144437
-0.00109062
0.00148841
0.00271606
0.00744613
-0.0100953
0.00899795
-3.90405e-06
0.00745
0.0348354
-0.155207
-0.106999
0.0330133
-0.140012
-0.0933452
0.196878
-0.085365
0.0818501
0.188054
-0.106204
0.0688022
-0.0864047
0.240689
-0.0617971
0.146306
0.218401
-0.0720944
0.113235
0.188543
-0.0753071
0.103178
0.0370206
-0.130366
0.102691
-0.0656708
0.00728245
0.0830778
-0.0757953
0.0171349
-0.0400447
-0.0788802
0.00308493
0.0275803
-0.0463912
0.0225763
-0.0466269
0.00801291
-0.0366405
-0.038614
0.00575388
-0.0487777
-0.0406374
-0.00416927
-0.0446085
-0.0446162
0.0484575
-0.0885021
-0.0193841
-0.0252321
0.0233301
-0.0589159
0.03014
-0.0495241
0.0665285
-0.0180709
0.0529371
0.0595282
-0.00659104
0.0661751
0.0850691
-0.0188939
0.0340269
0.0648383
-0.0308115
0.0280018
-0.0309142
-0.00138343
-0.0352571
-0.0308854
-0.00549742
-0.0297597
-0.000477956
-0.000217216
-0.00354786
-0.000361989
-0.0060919
-0.0247935
0.0167331
-0.0228251
-0.00172149
0.00936764
-0.0110892
-0.000251034
-0.00329683
-0.218048
-0.0452373
-0.229531
-0.177286
-0.0568033
-0.222523
-0.215217
-0.0143135
-0.206329
-0.198799
-0.00753067
-0.187012
-0.178643
-0.00836909
-0.150896
-0.162407
0.011511
-0.146915
-0.104336
0.134712
-0.0168397
-0.0122025
-0.12483
0.107991
-0.03894
-0.109672
0.0551917
-0.039411
0.0358456
-0.0752566
-0.074429
0.0354891
-0.0192373
-0.0473221
0.0831676
0.0880438
-0.0545803
0.0127873
0.0618803
-0.049093
0.0145582
-0.0643849
0.00980462
-0.0515118
-0.0691457
0.017634
-0.0542401
-0.069702
0.0154619
-0.0409834
-0.0272095
0.0443947
0.0173642
0.0133519
0.0188004
0.030716
0.0335635
0.0108313
0.0564107
-0.0702501
0.0292667
-0.0554123
0.0484428
0.00796789
0.0650287
0.00961647
0.0124513
0.0209415
0.0312517
-0.00397477
0.0249162
0.0227221
0.00339311
0.0187473
0.0162476
-0.000561556
0.0196407
0.0132027
0.00124098
-0.0185056
0.0179441
-0.000333471
0.00115494
0.00861866
0.000379279
0.00985963
-0.00367293
0.00405219
0.00377705
-0.0484132
-0.0819526
0.0669857
-0.15339
-0.0730264
-0.12144
0.168918
-0.0657401
0.0627139
-0.0906765
0.0216767
-0.103629
0.231336
-0.0242935
0.169539
0.205306
-0.0357678
0.133212
0.178737
-0.0455253
0.10343
0.156306
-0.0528756
0.0905656
0.219132
0.0114882
0.194839
-0.194078
0.205566
0.0509544
-0.171421
0.222375
0.0838419
0.0920679
-0.0640761
-0.0279918
0.113745
0.0480738
-0.0308064
-0.0685944
-0.0199077
-0.0655094
-0.0538565
-0.0116528
-0.0846629
0.0405218
-0.0460192
0.0019077
-0.0387297
0.0284368
-0.0536689
0.0161717
-0.0549014
0.0418023
-0.0617099
0.0670645
-0.0252621
0.0489936
-0.0333291
-0.0203399
0.0380659
-0.06898
0.0114582
-0.0447873
0.0584535
-0.0094599
0.0518625
0.0638633
-0.0120008
0.0449694
0.0605651
-0.0155956
0.0297536
-0.0392264
-0.0258947
-0.0201246
-0.00224918
-0.0275105
-0.0270428
-0.00515519
-0.0223553
-0.0310499
0.000872617
-0.0279154
0.000246461
-0.000608452
-0.00305038
-0.000526336
0.0181983
-0.0173257
-0.00462677
0.00821651
-0.0128433
-0.00287265
-0.00592303
-0.0875337
-0.0375801
-0.144337
-0.17861
-0.0439132
-0.192924
-0.114832
-0.0295055
-0.158745
-0.181752
-0.0111718
-0.189283
-0.16722
-0.0220626
-0.175589
-0.157954
-0.017635
-0.146443
-0.129315
-0.0171279
-0.141518
-0.0335272
-0.0972072
0.0636799
-0.0960554
-0.00115178
-0.0605663
-0.060007
-0.000559392
-0.0792443
0.00392332
-0.0504903
0.0544136
0.0663303
-0.0517721
0.01584
0.0717904
-0.0619858
0.0226974
0.059419
-0.0367216
0.00764682
0.0691666
-0.0515326
0.00718078
-0.0690134
0.0174808
-0.0535515
-0.0574109
0.0038594
-0.0281443
0.00110469
0.030147
-0.0318207
0.042652
0.0436932
-0.00104124
0.0516611
-0.0593547
0.0312105
0.0382888
0.0133723
0.0479053
-0.0114495
0.0228888
0.0020274
0.0530358
0.0129412
0.00669946
-0.0316885
0.0337159
0.0154069
0.00253713
0.0221064
0.0083154
0.00154422
0.0108525
0.00287365
0.00441787
0.136135
0.125422
0.219977
0.014737
-0.136177
-0.0888922
0.162666
-0.0721007
0.0719898
-0.0641868
0.0299443
-0.118836
-0.0341317
0.194106
0.000732856
0.158338
0.173256
-0.014918
0.127731
0.154352
-0.0266215
0.101477
0.128515
-0.0270386
0.0564145
0.17987
0.025696
0.180603
-0.16615
0.191846
0.0562253
-0.147082
0.203307
0.072895
0.0542852
-0.0884169
0.0262935
0.0862342
-0.0599407
0.00157134
-0.0512484
-0.0104614
-0.0629013
-0.0575216
-0.00537951
-0.0559502
0.0308119
-0.0511519
-0.0240895
-0.0442141
0.0396658
-0.0501271
0.0560425
-0.0163767
0.0307805
0.0511241
-0.0203436
0.0416642
0.011391
-0.0561784
-0.0397609
0.0158351
-0.0550616
-0.0403432
0.0546181
-0.0129539
0.0426173
0.0592948
-0.0166775
0.0436992
-0.0113624
-0.00961897
-0.0345951
-0.0301945
-0.000855411
-0.0398134
0.0411311
-0.0419865
0.0187757
-0.00913969
0.0143357
-0.0234754
-0.00299
-3.66514e-05
-0.00595969
0.00787706
-0.0108671
-0.00496623
-0.0005073
-0.00445894
-0.0337683
-0.090206
-0.0713485
-0.0501916
-0.179561
-0.140398
-0.0361228
-0.0352257
-0.0656283
-0.137134
-0.0216108
-0.148306
-0.053351
-0.0122773
-0.0749618
-0.12771
-0.0205955
-0.149773
-0.123815
-0.0259575
-0.14145
-0.121138
-0.020312
-0.138266
0.0498399
-0.0509917
-0.140277
0.00201025
-0.0765966
-0.0849215
0.00832487
-0.0350816
-0.074919
0.0239274
-0.0754784
-0.0210648
-0.0611997
0.0401349
-0.0453597
0.0483531
-0.0407063
0.00299338
-0.0541605
0.0174389
-0.0469797
0.0550942
-0.0376553
0.0143879
0.055789
-0.0383082
0.0088093
-0.0567367
0.0184285
-0.0528773
-0.0216669
0.0442441
0.0087917
0.0432029
0.0330321
0.0101708
0.0464044
-0.0495869
0.02792
0.0554885
-0.00908414
0.044039
-0.00554788
0.0293916
0.00432429
0.0381833
0.0204076
0.00169879
0.0247319
0.00972488
0.00112764
0.0114237
0.00345004
0.00457768
0.0957744
0.16742
0.221196
0.112378
0.108818
0.185273
0.153298
-0.0968835
0.0891112
-0.0297252
0.0824993
-0.112224
-0.00591753
0.182515
-0.00191135
0.167597
0.148398
0.0191985
0.121777
0.135209
-0.0134329
0.108171
0.0112874
-0.153025
0.151114
0.0388204
-0.128691
0.167511
0.0746161
-0.114119
0.188735
0.0711542
0.0772076
-0.0112705
-0.065937
0.0712901
0.0113495
-0.0592799
0.00332976
-0.0479303
-0.062184
0.0509136
-0.0434861
-0.00664095
-0.0488656
-0.0550608
0.00619543
-0.051731
0.0438505
-0.0504913
-0.0126278
-0.0219674
-0.0523887
0.050418
-0.00656737
0.0340414
0.0551774
-0.0211358
0.0348339
0.0594575
-0.0246235
0.0513545
0.00810298
0.0384007
0.0511369
-0.0624992
-0.0107936
-0.0415951
0.0565616
-0.0181609
0.0398841
-0.0226151
-0.0342364
-0.0055771
-0.0562038
-0.0381078
-0.00387868
-0.043685
0.0190144
-0.0228931
-0.00446091
0.00862487
-0.0130858
-0.00224223
0.00301064
-0.00525287
-0.0492187
-0.211643
-0.22878
-0.0245297
-0.115868
-0.0597554
-0.0352929
-0.193487
-0.151161
-0.0144036
-0.0453518
-0.026681
-0.0653727
-0.00958912
-0.0859682
-0.0136283
-0.0130527
-0.0232175
-0.0865999
0.000631692
-0.112557
-0.075407
-0.0371505
-0.095719
-0.0861587
-0.00956037
-0.0841484
0.0766932
-0.0527658
0.0416116
-0.0813373
-0.00281115
-0.0730124
-0.0314009
0.0744592
-0.0343244
0.0216934
0.0406158
-0.0262279
-0.0597091
0.0253847
-0.0494672
-0.0102419
0.0464738
-0.00585798
-0.0457087
0.0080534
-0.0368994
0.0450894
-0.037036
0.0188615
0.0510903
-0.0326618
0.0141909
-0.0507107
0.0180489
-0.0227907
-0.0315589
0.00876821
0.0378202
0.000363055
0.047991
0.0389068
0.0340146
0.00489224
0.0284667
-0.0030922
0.022612
0.00211992
0.022975
0.00970225
0.00172141
0.0118222
0.00335678
0.00507819
-0.0153798
-0.232134
-0.227023
0.0699521
0.188325
0.237372
0.0926685
0.144703
0.201486
0.0976711
0.103815
0.168825
0.121871
-0.110583
0.0096463
-0.0562906
0.0408319
-0.0971224
-0.0213521
0.13368
0.0174338
0.152879
0.128531
0.0243478
0.115098
0.004515
-0.125609
0.143042
0.0419029
-0.107765
0.149667
0.0809708
-0.0908965
0.171867
0.0779288
0.0436186
-0.0649705
0.0898641
-0.0389504
0.0419338
-0.00979708
0.0725316
-0.0289129
0.0335812
-0.049014
-0.0014772
-0.0428185
-0.0409446
-0.00187366
-0.0507416
0.0431086
-0.0445856
0.0456712
-0.00256244
0.0391039
-0.0332064
-0.0229975
-0.0748014
0.0601685
-0.0210644
0.0390327
0.0587567
-0.0197238
0.0341332
0.0633985
-0.0292653
0.0715015
0.0533405
0.0810031
-0.0276626
-0.058388
-0.0164135
-0.0296767
-0.0140084
-0.0526743
-0.0182949
-0.0045982
-0.0323035
0.0105584
-0.0151566
-0.00252739
0.00381729
-0.00634466
-0.0163656
-0.210657
-0.209853
-0.0271262
-0.124035
-0.072478
-0.0348251
-0.175028
-0.15886
-0.0107146
-0.0617635
-0.0237673
-0.0222918
-0.000925729
-0.0216601
-0.00296083
-0.0208065
-0.00388659
0.0109975
-0.048148
-0.0236981
0.002038
-0.0127006
-0.042373
-0.00577502
-0.0519334
-0.0529729
0.00103946
-0.055784
0.0547115
-0.0330181
0.0233106
-0.0460048
-0.00977928
-0.0226942
0.0457707
-0.020386
0.0127526
0.036779
-0.0179175
0.030921
-0.035905
0.0155189
-0.0291777
-0.00672734
0.0394196
-0.00849854
-0.0342702
0.0163527
0.0390501
-0.0248593
0.00201409
-0.0241976
-0.0100726
-0.0221835
0.0363037
-0.0182548
0.0114444
-0.0281216
0.00986675
-0.0193533
0.019176
-0.0222682
-0.000177344
0.020023
0.00295199
0.0249152
0.00264703
0.0097954
0.00202677
0.0127474
0.00416272
0.00618949
0.0261704
-0.249832
-0.205963
0.00958184
-0.215545
-0.201075
0.0429849
0.204422
0.23131
0.0638734
0.167436
0.208577
0.0738978
0.134679
0.177713
-0.071444
0.149373
0.106269
0.0104131
0.220792
0.214835
-0.0714564
0.0064859
-0.0198022
-0.051654
0.116925
-0.11241
0.107397
0.0356449
0.131745
0.0193357
-0.103558
0.139203
0.0461091
-0.0842069
0.130316
0.0876606
-0.0561318
0.143792
0.0932411
0.0633663
-0.0568803
0.0344535
0.0582259
-0.0237723
0.0330005
0.0252255
-0.0665818
0.0158403
0.0423476
-0.0442211
-0.00223786
0.0518367
-0.0359962
0.00761573
0.0318262
-0.0340639
0.0485547
-0.0167283
0.0459924
-0.0363856
0.0196575
0.0596911
-0.0136985
0.0386268
-0.0414629
-0.0112116
-0.0578765
0.0656594
-0.0270324
0.0459356
0.0727989
-0.0268632
0.0435336
0.0672064
-0.0236729
-0.0395439
-0.0183326
-0.0248539
-0.00744965
-0.0360657
0.0111016
-0.0185514
-0.0040551
0.00378365
-0.00783869
-0.012986
-0.188089
-0.188014
-0.0218034
-0.137056
-0.0835669
-0.0296003
-0.158413
-0.166657
-0.00906021
-0.0745067
-0.0298667
-0.000394646
-0.00349197
0.00164333
0.000234338
-0.0301011
-0.00325766
0.0150265
-0.0208016
0.00232586
-0.000713751
0.00235703
0.00161209
0.0111245
-0.0209038
-0.0225538
0.00175227
-0.0215144
-0.0191306
-0.0023838
-0.00800613
0.0310846
-0.018332
0.00839036
-0.0197816
-0.00112222
-0.0113912
0.0269693
-0.0114503
0.00863727
-0.0173788
0.0059285
0.0248935
-0.00854089
0.016395
0.0208724
-0.00447748
0.0141451
-0.00323376
-0.0172055
0.00866456
-0.0101985
-0.00700693
-0.0202712
0.0271543
-0.0157099
0.00497076
-0.0151506
-0.00512052
-0.0101799
0.0204121
-0.0105454
0.00470217
-0.0138565
0.00331115
-0.0140338
0.0113516
0.00139581
0.0139986
-3.52478e-05
0.00502624
0.00642206
0.0611113
-0.256142
-0.18872
0.02818
-0.2169
-0.187365
0.00858619
-0.195951
-0.179503
0.0278995
0.186936
0.195336
0.0392946
0.156041
0.173974
-0.0456229
0.138864
0.147142
-0.0408729
0.101519
0.133101
-0.0301081
0.236686
0.190684
-0.0192797
0.209964
0.167656
-0.0664685
0.244726
0.170218
-0.0992862
0.254923
0.14544
-0.0573233
0.000443113
-0.108977
0.126001
-0.106665
0.0170235
0.0325386
0.0368585
0.102006
-0.0825386
0.115077
0.0477774
-0.0807157
0.128493
0.0630768
0.0999353
0.0445408
0.0574648
-0.0392482
0.083789
0.0607079
-0.0602647
-0.0629556
0.0391834
-0.00224762
0.0554314
-0.0162479
0.0309956
0.024436
0.0562212
0.0202251
0.0426097
-0.0349937
0.00854593
0.0499994
-0.029774
0.0150058
0.0403696
-0.0318234
0.00398405
0.0482408
-0.028583
0.0345424
0.0400121
-0.0360277
0.0114292
0.0522915
-0.0177488
0.0252591
-0.0207616
-0.015304
-0.0390942
0.054034
-0.0287747
0.0271707
0.0487839
-0.0216133
-0.025111
-0.0139836
0.01031
-0.0256144
-0.00824135
0.00371416
-0.0119554
-0.0150833
-0.16442
-0.173497
-0.0330321
-0.133625
-0.107539
-0.0252283
-0.148268
-0.158853
-0.0029517
-0.104587
-0.0330528
0.00278638
-0.00604407
0.00514339
0.000976715
-0.0340295
-0.00506739
0.00044706
0.00130518
0.00205913
0.00302152
0.00212184
0.00508063
0.0100906
-0.0112128
0.00208443
-0.000976992
0.00228214
0.00571867
-0.00363427
-0.00333488
0.00235786
-0.00868482
-0.00252799
0.020076
-0.0114388
0.0139901
-0.00806161
0.0025513
0.00771214
-0.0109459
-0.00034948
0.0114252
-0.00276068
0.00694772
0.0104301
-0.00348235
-0.000515864
-0.00570799
0.00294731
-0.0037779
-0.00193011
-0.0107848
-0.00536005
-0.00542481
-0.0104806
0.0136611
-0.0089589
0.00348117
-0.00699941
0.0113474
-0.00803627
0.0023885
0.00631498
-0.00627973
-0.00175654
-0.00738359
-0.157036
0.0748199
-0.247671
-0.181322
0.0586421
-0.239964
-0.158258
0.044023
-0.202281
-0.151928
-0.159312
0.111169
-0.262847
-0.136502
0.143261
-0.265405
-0.119586
0.167225
-0.255875
-0.0981805
-0.125325
0.258403
0.129598
-0.143879
0.247385
0.114524
-0.17409
0.245212
0.0732957
-0.197634
0.237339
0.0475782
0.19881
-0.254853
-0.057065
0.207949
-0.231872
-0.0469036
-0.214065
0.222194
0.0232741
-0.00967792
0.0064581
0.161198
0.162499
0.0236846
0.138815
0.156785
0.126878
-0.0253587
0.0876299
0.131427
-0.0532979
0.223516
0.156666
-0.0183045
0.174971
0.142894
-0.0714886
0.216929
0.152027
-0.0896588
0.219257
0.12727
0.110412
-0.0227818
0.104747
-0.0877236
0.0444826
0.0273537
0.0317953
0.0681401
0.0892601
-0.075477
0.102831
0.0530162
0.121156
-0.0201293
0.109389
0.0636597
-0.0210684
0.0847281
0.0893434
0.0600441
-0.0155614
-0.0421608
0.0399132
0.0178834
-0.0491364
0.0328886
-0.0092231
0.0476446
-0.0147558
0.0247697
0.0228751
0.0492057
0.0194318
0.0392123
-0.0242063
0.00738903
0.0409635
-0.0215314
0.0167573
0.0410436
-0.0336542
0.00501592
-0.0371412
0.0193924
0.0415022
-0.0300727
0.00436106
0.0316947
-0.0266784
0.00162192
0.0412681
-0.0218756
0.0124938
-0.0166247
-0.00899037
-0.0306085
0.0348717
-0.0223781
-0.0132584
-0.0173506
0.00569062
-0.0146805
-0.00944425
-0.147592
-0.157712
-0.043091
-0.0614961
-0.0478817
-0.110971
-0.0909728
-0.0285232
-0.129189
-0.139494
0.00489649
-0.0663926
-0.029133
0.00246347
-0.00753089
0.0045853
0.00518756
-0.0343206
-0.00234333
-0.00925033
-0.0250703
-0.000596498
0.00518176
-0.00448413
0.00676625
0.00447198
-0.00700001
0.000837702
0.00211664
0.0046496
0.00447448
-0.00107479
0.00191246
0.00339968
-0.00693974
-6.02791e-05
-0.00438845
0.00386029
-0.00420978
-0.000528179
0.00371188
-0.00422777
-0.000497919
0.0057744
-0.00282712
-0.00229204
-0.00193576
-0.00221659
-0.000610537
0.000693691
-0.00262381
-0.0015229
-0.000824367
-0.00179945
-0.00624919
0.00889519
-0.0065067
0.00189577
-0.00435342
0.00660566
9.8959e-05
-0.0192249
-0.128367
-0.120573
-0.0387388
-0.139798
0.104298
-0.2408
-0.135666
0.0730024
-0.208668
-0.129279
-0.168018
0.115488
-0.235074
-0.125313
0.145339
-0.24352
-0.0897342
0.16691
-0.223975
-0.0766099
-0.119066
0.23359
0.100191
-0.149385
0.222681
0.0842053
-0.17605
0.223629
0.0466301
-0.17869
0.201964
0.0449386
0.178848
-0.225752
-0.0451268
-0.206326
0.196648
-0.00436193
-0.0291034
-0.00649364
0.149387
0.132321
0.00124968
0.131072
0.132676
0.109895
-0.0325047
0.184532
0.142466
-0.0286841
0.17115
0.120703
-0.0526713
0.179941
0.13186
-0.101774
0.201965
0.0781671
0.0900265
0.0198682
0.00892857
0.0804149
0.098955
-0.0740439
0.0584826
0.028787
0.0379886
0.0714008
-0.0568839
0.0856711
0.0642726
0.102261
-0.0148934
0.0862943
0.0698348
-0.00620017
0.076035
0.0742147
-0.0536578
0.0444349
-0.0357744
0.0227084
-0.0473688
0.0326131
-0.00293376
0.03727
-0.0046567
0.0220069
0.0152634
0.044882
0.0233507
0.0359887
-0.0192312
0.00233456
0.0314466
-0.00809572
0.0122156
0.0308094
-0.0284746
0.00413102
0.0279622
-0.023601
0.00608689
0.0298235
-0.028201
0.00622232
0.0295215
-0.02539
0.00132032
0.0264297
-0.0203428
0.00405184
0.017959
-0.0139063
-0.000608395
-0.0245583
-0.103809
-0.153748
-0.0204083
-0.133339
-0.0133464
-0.0776263
-0.079739
-0.0403566
-0.0991379
-0.117983
-0.119546
-0.0277976
-0.0519414
-0.0370479
0.00175052
-0.00409388
0.00693227
-0.0099213
-0.0271266
-0.00445748
0.000363591
0.017743
-0.0276643
-0.0073273
-0.0117848
-0.00332819
-0.0084566
-0.00271388
0.00736344
0.00421838
-0.000232963
0.00017266
0.0016795
0.0019763
0.00538713
0.00537598
-0.00176436
0.00344386
0.00361161
-9.23159e-05
0.000264956
-0.00062051
0.000440088
-0.000938039
-0.000180437
5.88577e-05
-0.00199467
-0.000879192
0.000442462
-0.00105304
-0.00155221
-0.000773994
-0.000748925
-0.00182704
-0.000879779
-0.000919667
-0.00162871
0.00405445
0.000298972
-0.00121864
-0.0549789
-0.0848191
-0.158788
-0.0805857
-0.0874321
-0.165405
0.0998488
-0.225161
-0.10882
-0.196252
0.146193
-0.235927
-0.0789686
0.14275
-0.21936
-0.0931768
0.147247
-0.192374
-0.0721129
-0.121752
0.205958
0.0802127
-0.136612
0.183242
0.0693461
-0.147078
0.192016
0.0361639
-0.179851
0.175489
0.012165
-0.189257
0.160154
-0.0137674
-0.0322205
-0.0319149
0.152618
0.0991567
0.119025
0.0572322
0.0617927
-0.0391004
0.170961
0.13205
-0.0168253
0.148875
0.135793
-0.0944567
0.172624
0.0765041
-0.0997384
0.179951
0.0728854
0.0304094
0.0685457
0.0876416
0.00762363
0.0665911
0.0761693
-0.0704143
0.0356228
0.0347916
0.01588
-0.045414
0.0681225
0.0402573
0.04271
0.0595515
0.0585901
-0.00959924
0.0498568
0.0499524
0.00579107
0.0608
-0.0169684
0.0525912
0.0590666
0.0648577
-0.0461947
0.0432611
0.0219279
-0.0363402
0.0316837
0.00692107
-0.0239015
0.0391651
0.00778235
-0.0317762
0.0236807
0.00738899
0.0339188
-0.0217031
0.00544426
0.0302272
-0.00654627
0.00852411
0.0261138
-0.0206694
0.000723834
0.0155434
-0.0148193
0.0258138
-0.0195911
0.00547095
0.02088
-0.00533645
0.0222008
0.00260961
0.0197042
-0.0142334
-0.0956177
-0.0239285
-0.0855507
-0.0732371
0.0338969
-0.119448
-0.0994423
0.00390241
-0.103345
-0.0917153
0.0271837
-0.0791251
0.0907992
-0.114728
0.0065051
-0.0336317
-0.07262
-0.000795234
0.00501359
-0.000431653
0.00875287
-0.0423846
-0.0189114
-0.00129191
0.000860238
-0.0046201
0.000111218
-0.0190226
-0.00834539
0.000903028
-0.00924842
-0.00371707
-0.00120152
0.00658861
0.00381207
-0.00243977
0.0027047
0.00100409
0.000777336
0.00581126
0.00438894
0.00539303
-0.00189517
0.00101593
0.00207561
0.000629067
-0.00214284
0.000590571
-0.00112691
-0.00205164
0.00022457
-0.00146108
-0.00152794
-0.000100792
-0.00130337
-0.000817958
-0.00091875
-0.0741963
-0.0912084
-0.147433
0.121457
-0.200426
-0.0747947
-0.166003
0.094018
-0.187195
-0.106408
0.111801
-0.183914
-0.0753934
0.132357
-0.164577
-0.0515576
-0.111444
0.180791
0.0685067
-0.131032
0.167196
0.0497589
-0.158519
0.170684
0.00867678
-0.159062
0.145295
0.0116214
-0.0192821
0.0102828
0.0773588
0.0283544
0.107439
0.090147
0.10043
-0.0659744
0.142479
0.0829007
0.0274773
0.0799613
0.110378
-0.0768581
0.149744
0.0656204
-0.106252
0.174759
0.0434915
0.01534
0.0608293
0.0926987
0.00644953
0.0862492
0.0215465
0.0392535
0.0823758
-0.00147141
0.0540627
0.0201223
0.0384681
0.054914
0.0534426
-0.0311276
0.0530558
0.0187293
-0.0304143
0.0491439
0.0195383
0.0580066
0.031541
0.0333167
0.0707945
0.0212257
0.032837
0.0545424
-0.00435494
0.037192
-0.0350852
0.0420065
0.0179708
-0.0202944
0.0276836
-0.0439235
0.0236295
0.0361412
0.0058658
-0.0282996
0.0217535
-0.000615866
0.0216731
8.05009e-05
-0.0301972
0.00952773
0.0231593
-0.0136314
0.00833994
0.0174369
-0.00909671
0.0121004
0.0113157
0.000784223
0.0139244
-0.0730959
-0.0416318
-0.0287968
-0.118637
-0.0137889
-0.0779265
-0.0868848
0.0760725
-0.104869
-0.0433751
0.0373466
-0.0807217
-0.0659981
-0.00183803
-0.0641601
-0.0797645
-0.0403498
-0.0322702
-0.0819816
-0.0190701
-0.0233145
-0.0513404
-0.000404526
0.00421658
0.000455712
0.00719439
-0.0305089
-0.0118283
0.000455133
5.80107e-07
-0.00326194
0.00463695
-0.0164652
-0.00461147
-0.00787342
-0.00122651
0.00703774
0.00299008
-0.00456428
0.00519332
0.000828736
0.00339612
0.00364162
0.00422486
-0.00423219
0.00310524
0.00096114
-0.00324363
0.00178252
-0.000138385
-0.00237048
0.00106711
-0.000587954
-0.000980125
8.69794e-05
-0.0576528
-0.0609838
0.0645705
-0.170978
-0.101433
-0.159085
-0.041105
-0.11798
0.0893659
-0.164759
-0.0816123
0.103105
-0.154662
-0.0616545
0.114636
-0.133918
-0.0400261
-0.0995536
0.149313
0.075205
-0.142804
0.151481
0.00650814
-0.129416
0.141037
0.0220653
0.00711889
-0.0678647
0.14307
-0.0126809
0.0926422
0.0877489
0.0941984
-0.0333816
0.126024
0.0769963
0.142617
0.0338969
0.0603014
0.127408
0.0152085
0.1709
0.103035
0.0485397
0.0377094
0.0824366
-0.0262098
0.0639191
0.078857
0.00351877
0.0526472
0.0527669
0.0180276
0.0562857
0.0373657
0.0160771
0.0330108
0.0337693
0.0242376
0.0498465
-0.0269697
0.0449408
0.0221744
0.0464121
0.036669
0.0178734
0.0546966
0.0239899
0.0132022
0.0418633
0.0256182
0.00739274
0.0388204
-0.0288177
0.0346839
0.0161233
-0.0219141
0.0212985
0.00171561
-0.0230396
0.0247557
0.0116446
-0.0228164
0.022897
-0.00151782
-0.025736
0.0121046
-0.00283893
0.0196028
-0.00749803
0.0105061
0.00907493
0.00143107
-0.0421572
-0.0398244
-0.0207336
-0.0661512
-0.0628908
-0.068779
-0.0360902
-0.129763
-0.00147536
-0.0782891
-0.0676265
0.0678451
-0.103935
-0.0128766
-0.0770367
0.0078244
-0.0848611
-0.0704647
-0.0251025
-0.0262379
-0.0649269
-0.0113411
-0.0191678
-0.0375789
-0.000281513
0.0032716
-0.000280927
0.00971691
-0.0288847
-0.0067483
0.00559347
-0.0123418
-0.00227994
-0.00256086
-0.000409765
0.00405138
0.00286184
-0.00381482
0.00477594
-0.000410039
0.00446143
-0.00265605
0.00251765
0.0021199
-0.00211982
0.00153188
0.000397834
-0.000826108
0.000705781
0.0804658
-0.121571
-0.049297
0.0530004
-0.134613
-0.0649799
0.0759555
-0.140935
-0.0456154
0.078612
-0.140267
-0.0560007
0.0992691
-0.139295
-0.0409974
0.106869
-0.0997503
-0.0324261
0.13023
0.0128393
0.136738
-0.129254
0.151319
0.00748444
0.051569
0.0635456
0.018891
0.0967856
0.00624924
0.109625
0.119304
-0.0096795
0.0221784
0.103845
0.0824797
0.119054
0.0050542
0.0584913
0.0875339
0.0969796
0.0220742
0.103229
-0.0499504
0.0688412
0.0139686
0.0435038
0.00914328
0.0574724
0.0528283
0.00345727
0.0619716
0.0442969
0.0103997
0.0477541
0.0331901
0.0166565
0.040583
-0.0197147
0.0358384
0.0266977
0.0433544
0.0313486
0.0105147
0.0417483
0.018667
0.0201535
0.0291817
0.0303164
0.0102668
0.0058847
0.0244318
0.0260382
-0.0167619
0.0284071
0.0190767
-0.0182258
0.0167082
0.00653009
-0.0096311
0.0161615
0.0187763
-0.01605
0.0132113
0.000658285
-0.0159315
0.00843366
-0.0027201
-0.00721079
0.00122286
-0.0321059
-0.032821
-0.0113163
-0.0515745
-0.0434222
-0.0104087
-0.0572178
-0.0619832
-0.0584188
-0.0455166
-0.107716
-0.00982172
-0.060643
-0.0670395
-0.0588236
-0.0260375
-0.10434
-0.0866805
-0.0165023
-0.0210767
-0.0493233
-0.014866
-0.0140187
-0.0359427
-0.000852391
-0.00170848
-0.00124224
0.00038986
0.0016196
0.0040859
-0.0181046
-0.00825587
-0.00102747
-0.00722839
-0.00273594
-0.00201825
-0.000717681
0.000722914
0.0037385
0.00234252
-0.000677642
0.00279754
0.00306088
-0.000715431
0.00111327
0.00208212
-0.000588288
0.000524986
0.0702714
-0.115887
-0.0374444
0.0747934
-0.130794
-0.0661419
0.0704118
-0.136554
-0.045475
0.102123
-0.143121
-0.028671
0.118297
-0.066728
0.0858709
-0.0572496
-0.124041
0.0573132
0.112361
0.00694367
0.119845
-0.00419619
0.0157156
0.0531255
0.0742069
0.0966537
0.00657505
0.0869742
0.0943312
-0.00735707
0.101275
0.0129252
0.0746087
0.087132
0.0966828
0.0743659
0.0223168
0.0809409
0.0579792
-0.000506933
0.0203887
0.0375904
0.0735141
0.0508999
0.0110716
0.0503929
0.0504248
-3.20793e-05
0.0436529
0.00410115
0.0547244
0.0356934
0.00605484
0.0397945
-0.0164006
0.0354778
0.026954
0.037221
0.000299998
0.0257383
0.0294817
0.0355366
0.00767996
0.0295414
0.0321119
0.00942309
0.0226889
0.0351614
0.0164006
0.0190776
0.0038404
0.0149362
0.0202413
-0.0139018
0.0145603
0.00225986
0.0171964
-0.0113314
0.0086115
0.00322903
-0.00458511
0.00402652
0.00757986
-0.0510021
-0.0417434
-0.0065476
-0.0351958
-0.00317596
-0.0588073
-0.0541781
0.000474627
-0.0675142
-0.0583327
0.055566
-0.0930104
-0.0487743
-0.00377847
-0.082902
-0.0712926
0.0271149
-0.0758891
-0.0557871
-0.0232175
-0.0127252
-0.0297651
-0.0130181
-0.016747
-0.0095411
-0.00856351
-0.0222663
0.00134274
-0.000952854
-0.000675499
0.00138967
0.00432995
-0.0128934
-0.00289844
-0.00361611
-0.000944935
-0.00267116
-0.00162044
0.00116124
0.00189965
0.00255092
0.000463231
0.0016189
0.00236289
-0.00080145
0.000817447
0.0654886
-0.110964
-0.0275218
0.0854273
-0.114098
-0.0511264
0.0654783
-0.116605
-0.0454852
0.147284
-0.0899709
0.0900345
-0.0240638
-0.0933076
0.00333671
0.108379
-0.00710469
0.104183
0.0108756
0.0116657
0.0618483
0.0987977
-0.0844469
0.0773422
0.0820994
-0.00115852
0.0747423
-0.00970469
0.0537203
0.0450773
0.076037
0.0616594
0.0143775
0.0605009
0.0206521
0.0297725
0.0582425
0.0159621
0.0422803
0.0778103
0.0503636
0.00436048
0.0503315
-0.023429
0.0532014
0.0269024
0.0364163
0.00337805
0.0407767
0.0413351
-0.00579854
0.044713
-0.00339224
0.0224705
0.0261493
0.0357557
-0.000594174
0.0299571
0.00871656
0.0174332
0.0314056
0.0308116
0.00545592
0.014786
0.0279268
0.00340415
0.0137926
0.0181905
-0.00408273
0.00731196
0.00971008
-0.00231507
0.00499687
0.00483843
-0.0590165
-0.0303574
-0.0433755
-0.000921034
-0.0574116
-0.0599375
-0.00693862
-0.064354
-0.0643502
-0.0692702
-0.0066189
-0.0967921
-0.0587422
0.0029551
-0.0653611
-0.0613989
-0.0140354
-0.0293401
-0.012523
-0.00974322
-0.02927
-0.0220156
-0.00725442
0.0078128
-0.0218482
-0.0142028
-0.00609544
-0.00679799
-0.0158387
-0.00206432
0.000443902
0.000486598
2.20783e-05
-0.00682004
-0.00264907
-0.00131301
-0.00133606
-0.000869116
0.0012918
0.0010711
0.00177839
-0.000135701
0.000935402
-0.0729667
-0.0238254
0.0401725
-0.0856577
-0.0327942
0.0979697
-0.122034
-0.0186351
0.0522174
-0.0708524
-0.0334403
0.0856189
-0.0747433
0.0889555
-0.0330781
0.0979489
-0.0206067
0.0232056
0.0628966
-0.0959747
-0.0737353
0.0531286
0.0364698
0.0413404
0.0815471
0.0897935
-0.0292927
0.0800888
0.0063534
0.0523635
0.0291835
0.066741
0.0374482
0.0228353
0.0303659
0.0651155
0.0295028
0.0356127
0.0708431
0.0491445
-0.00836803
0.0231819
0.0259624
0.0500841
0.0280195
0.0220644
0.0583853
0.0443107
0.000402187
0.0359426
0.0394101
-0.00945288
0.0398122
0.0120731
0.0158543
0.0295066
0.0330299
-0.00221798
0.023577
0.0201509
0.00935598
0.0179331
0.00698333
0.0112078
0.0228383
0.0037553
0.00595508
0.0149636
-0.00117218
0.004783
-0.00753866
-0.0523989
-0.0368787
-0.00674876
-0.0546502
-0.0565393
-0.00781089
-0.0632881
-0.0602098
0.0336753
-0.0575007
0.0779667
-0.0442914
0.0126056
-0.0420446
0.00783851
-0.0447173
0.0284134
-0.0205749
0.00656523
-0.00871697
-0.00712168
-0.0159714
0.0202821
-0.0137169
0.00607927
-0.00989212
-0.00269993
-0.00412009
-0.00982161
-0.00181971
0.000950595
-4.13126e-05
-0.000517494
-0.00360259
-0.00185355
-0.00090296
0.000920429
0.000879116
0.0541869
-0.0869811
-0.00331381
0.0462544
-0.0796947
-0.0407267
0.0974957
-0.0345991
0.0266433
-0.0530515
0.0682368
-0.0151083
0.0914424
-0.00453234
-0.0619733
0.0468649
0.053207
-0.0577393
0.0739694
-0.0207624
0.0393703
0.0671192
-0.0607659
0.00514594
0.0460005
0.0248426
0.075184
0.0439874
0.0311965
0.0814356
0.0206696
0.0300007
0.0283844
0.0656133
0.0371777
0.0284355
0.0620202
0.0429962
-0.00705378
0.027876
0.0151199
0.0538382
0.0324071
0.0214308
0.0544713
0.0291939
0.0252771
0.0575782
0.042271
-0.00245897
0.0352171
0.0325769
-0.0089997
0.030118
0.0118941
0.0109446
0.0212505
0.0083317
0.01292
0.0262649
0.0172661
0.00834487
0.00661915
0.0192901
-0.000668365
0.00595068
0.00234011
-0.0625499
-0.0423771
0.0292696
-0.0713141
-0.0340185
0.0216345
-0.055653
-0.0409154
0.0445048
-0.0478186
0.000213466
0.048058
-0.0478446
-0.0232561
-0.00184824
-0.0405289
0.0260527
-0.0279009
0.00547772
0.0190056
-0.0135279
0.00528878
-0.00281597
-0.00700563
0.0127081
-0.0074193
-0.000108602
-0.00349395
-0.00711423
-0.000428387
-0.00306555
-0.00133135
-0.0642476
0.0164289
0.0512094
-0.0460635
0.0239891
-0.0647158
-0.0402585
0.0746153
-0.0352451
0.0215638
-0.0431519
0.0400256
0.0111838
0.0868905
0.0291512
-0.0343911
0.0455748
0.0626205
-0.0334694
0.041858
0.0567231
-0.0148651
0.021478
0.0663955
-0.045726
0.0203319
0.0449056
0.0171145
0.0761021
0.0303761
0.0239458
0.0336323
0.0523813
0.039405
0.0129762
0.0565195
-0.0283801
0.0620122
0.0385232
-0.00330651
0.0318257
0.00669705
0.0469453
0.0337952
0.0131498
0.0552256
0.0370326
0.0181928
0.0623094
0.0339293
0.0330014
-0.00288458
0.0296945
0.0245741
-0.00730805
0.0216896
0.00764064
0.0116504
0.0205611
0.0132545
-0.0025678
0.00908291
0.00617323
-0.0470886
-0.0343557
0.0379973
-0.0612534
-0.0176558
-0.0647444
0.0584031
-0.0419741
0.0105585
-0.0506948
0.00603596
-0.0403917
0.0255655
-0.0195296
-0.00233542
0.0132383
-0.0155738
-0.000289599
0.00840686
-0.00869647
0.000987552
-0.00612667
-0.000785261
-0.0053414
-0.0485384
0.00656421
0.0182323
-0.0584908
-0.030306
0.0537468
-0.0334149
0.0193557
0.070646
-0.049168
0.0274941
-0.0309968
0.0446162
-0.0252605
0.0311963
0.0134199
0.0767711
0.0433017
0.061995
-0.0186933
0.0471299
-0.00203814
0.0643318
-0.0339558
0.0309169
0.0665512
-0.0100318
0.0325955
0.0339814
0.0280308
0.0469575
0.047048
-9.0539e-05
0.0370161
-0.023309
0.0513397
0.0563284
-0.0223992
0.0330194
0.0234254
0.00626832
0.0301221
0.0244864
0.00563521
0.0376361
0.0319262
0.00570928
0.0501189
0.0277196
0.0194621
0.00222672
0.0257298
-0.0012636
0.0119908
0.0142161
0.0024526
-0.067197
-0.0379391
0.0579728
-0.0514086
0.00727799
-0.059919
-0.000652749
-0.0372864
0.0211272
-0.02178
0.00159763
0.0147807
-0.0131831
-0.000793035
0.00592135
-0.00671436
-0.00277511
0.0218703
-0.0521763
-0.0295383
0.0296447
-0.0606415
-0.0225316
0.0623975
-0.0314808
0.037137
0.050588
-0.0526262
-0.0100535
0.0447119
-0.00757495
0.0581317
0.0621955
-0.00406377
0.0435022
-0.00912404
0.0575607
-0.0249653
0.0260799
0.0448061
-0.0187262
0.0587261
-0.0217101
0.0337608
0.0539068
-0.00256709
0.0538162
0.0578022
-0.00398603
0.0360921
0.048905
-0.0158855
0.046338
0.0452074
-0.0174877
0.0293219
0.0206144
0.00511451
0.0262492
0.0240935
0.00215499
0.0298028
0.0123146
0.014263
0.0193778
0.0085895
-0.0685085
-0.0286969
0.0283369
-0.0578753
-0.0401716
0.00608017
-0.0347771
0.0255431
-0.019463
0.00376311
0.0147969
-0.0110338
0.00161381
0.00673181
-0.00511796
0.0353538
-0.0578854
-0.0225214
0.0403665
-0.05042
-0.017519
0.0578528
-0.0130468
0.0502778
0.042148
-0.051272
-0.00827203
0.0487152
0.00156256
0.0446514
-0.00662062
0.0209421
-0.0339889
0.045188
-0.0242459
0.0526113
-0.0188505
0.0338851
-0.000103858
0.0590081
-0.022916
0.0401576
0.0588058
-0.0124678
0.0548197
0.0319036
0.0459409
-0.016619
0.0334731
0.0290004
-0.0166859
0.0123814
0.013678
0.015833
-0.000852174
0.010971
-0.0511425
-0.0238062
0.0211159
-0.0436373
-0.0300267
0.00839978
-0.032206
0.0221334
-0.0137336
0.00267041
0.013181
-0.0105107
0.00214725
0.00631425
-0.00416698
0.022714
-0.040233
-0.0209233
0.0354086
-0.0436806
-0.00482444
0.0506061
-0.00541814
0.0521686
0.0460329
0.00613571
0.0394122
-0.00426839
0.0370038
-0.0371077
0.0127578
0.0356434
-0.0228857
0.0302253
0.0577042
-0.0175467
0.0205965
0.0462375
-0.014334
0.0286908
0.041477
-0.00800394
0.027143
0.0216823
-0.00930113
0.0136784
0.0132263
0.00392472
0.00367118
-0.0336979
-0.0285348
0.0140131
-0.0349364
-0.0196848
0.000732911
-0.0292677
0.0162763
-0.0155434
0.00254265
0.0120327
-0.0094901
0.00152209
0.0050891
-0.00356699
0.0367038
-0.00647858
0.0322015
-0.0370259
-0.00273499
0.0368359
-0.0411043
-0.000189994
0.0332848
0.00341902
0.0394205
-0.00168384
0.0388155
-0.0182191
0.0159298
0.0287402
-0.0128104
0.0319373
-0.00319723
0.0254588
0.0415973
-0.0129066
0.0233782
0.0358067
-0.00866379
0.0229
0.0198302
-0.00615205
0.0111664
0.0101302
0.00397789
0.0313511
-0.0340861
0.0116664
-0.0176014
0.00669621
-0.0242976
0.018318
-0.0116218
0.00277457
0.0110164
-0.00824183
0.00152629
0.00468867
-0.00316237
0.0265472
-0.00108843
0.0299662
0.0362904
-0.0364804
0.00220425
0.0351045
-0.00513835
0.0334207
-0.00305978
0.0294253
-0.00604717
0.0166149
0.0184365
-0.00182161
0.0152392
-0.0247255
0.023637
0.0239483
-0.0087091
-0.000777197
0.0263901
-0.00349017
0.0203429
0.0154412
-0.00427492
0.011951
0.00794576
0.00367071
0.0222912
-0.020087
-0.0020064
0.0139056
-0.015912
0.00228379
0.0102363
-0.00795248
0.00199444
0.00405831
-0.00206385
0.0252863
-0.00164929
0.0201479
0.0280871
-0.0079392
0.0250273
0.00494035
0.0232537
-0.00291092
0.0214321
0.012723
-0.0158011
0.0141518
0.0147519
-0.00202891
0.0139746
-0.00182645
0.0140431
-0.00209228
0.0111322
0.00636461
0.00427224
0.0182681
-0.0133277
0.00235609
0.0109433
-0.00858725
0.00299086
-0.000314096
0.00330496
-0.00491458
0.0170424
-0.00289062
0.00910319
0.0151636
-0.00606041
0.0160814
-0.000917848
0.0027537
-0.0108209
0.00793026
0.0129663
-0.00183417
0.0109374
0.0120953
-0.00115797
0.0102689
-0.000552029
0.00575192
0.00391773
0.0107912
-0.00803751
0.00220398
0.00461594
-0.00241195
-0.000298644
-0.00085843
0.011658
-0.00372773
0.00559758
0.0076218
-0.00202421
0.00670395
-0.00133356
0.00847148
-0.00902353
0.00474375
0.00527246
0.00411448
-0.00490905
0.00170604
0.00292153
-0.00425508
0.000509583
0.00104003
-0.000530448
0.00628764
-0.00154391
0.00426344
8.35409e-06
0.00204747
-0.000341444
0.000503561
0.00010911
0.000581607
-0.000573252
0.000266539
0.000770098
)
;

boundaryField
{
    top
    {
        type            symmetryPlane;
        value           uniform 0;
    }
    bottom
    {
        type            symmetryPlane;
        value           uniform 0;
    }
    inlet
    {
        type            calculated;
        value           nonuniform List<scalar> 
17
(
-0.97042
-0.92719
-0.97042
-0.8859
-0.92719
-0.85771
-0.8859
-0.85697
-0.85771
-0.85735
-0.85697
-0.85772
-0.85735
-0.85783
-0.85772
-0.85782
-0.85783
)
;
    }
    outlet
    {
        type            calculated;
        value           nonuniform List<scalar> 
17
(
0.98205
0.938657
0.897654
0.869418
0.870678
0.897674
0.8697
0.876296
0.938759
0.869076
0.814424
0.868783
0.981955
0.877396
0.762964
0.877926
0.806596
)
;
    }
    deck
    {
        type            calculated;
        value           uniform 0;
    }
    frontAndBack
    {
        type            empty;
        value           nonuniform List<scalar> 0();
    }
    defaultFaces
    {
        type            empty;
        value           nonuniform List<scalar> 0();
    }
}


// ************************************************************************* //
