/*--------------------------------*- C++ -*----------------------------------*\
  =========                 |
  \\      /  F ield         | OpenFOAM: The Open Source CFD Toolbox
   \\    /   O peration     | Website:  https://openfoam.org
    \\  /    A nd           | Version:  8
     \\/     M anipulation  |
\*---------------------------------------------------------------------------*/
FoamFile
{
    version     2.0;
    format      ascii;
    class       volVectorField;
    location    "0.099";
    object      U;
}
// * * * * * * * * * * * * * * * * * * * * * * * * * * * * * * * * * * * * * //

dimensions      [0 1 -1 0 0 0 0];

internalField   nonuniform List<vector> 
656
(
(0.743372 0.0565316 -9.65483e-25)
(0.927889 0.0140691 1.86667e-24)
(0.954788 -0.00127375 0)
(-0.0910749 0.118994 2.40002e-23)
(0.556742 0.0977245 1.12098e-23)
(0.841242 0.000939743 0)
(-0.0571798 0.0672276 -4.93901e-23)
(-0.0145962 0.018846 9.85105e-24)
(0.968227 -0.00015084 0)
(-0.000504632 0.138601 -2.37829e-24)
(-0.00304958 0.193131 -7.83496e-23)
(-0.117738 0.172053 0)
(0.376006 0.139834 1.00526e-23)
(0.715019 0.00930684 0)
(0.890989 0.00127448 -1.70667e-22)
(0.906567 0.000583103 4.77898e-23)
(0.00104044 0.0823432 9.70495e-24)
(0.00137428 0.0267217 0)
(0.971852 -7.63387e-05 -3.43357e-23)
(0.913662 0.00029856 -1.43719e-22)
(-0.0123884 0.0928732 7.71105e-23)
(-0.00523408 0.062872 0)
(-0.0239222 0.125114 1.33361e-24)
(-0.00789614 0.242543 1.53982e-22)
(-0.136115 0.223437 -1.67657e-22)
(0.210343 0.18042 -2.26587e-23)
(0.577674 0.0245875 0)
(0.8007 0.00637692 2.66449e-22)
(0.829494 0.00303222 -8.91624e-23)
(-0.00144234 0.0356645 0)
(-0.000151562 0.0114448 0)
(0.916986 0.000158368 5.13467e-23)
(0.973373 -4.69459e-05 -3.66608e-23)
(0.842959 0.00161743 1.95816e-22)
(0.849425 0.000810496 -5.18089e-23)
(0.854031 6.35069e-05 -1.08889e-22)
(-0.00677975 0.0608904 -1.05381e-22)
(-0.00280707 0.0409241 1.7071e-23)
(-0.0137926 0.0825097 -1.88325e-22)
(-0.0408484 0.158564 -1.577e-22)
(-0.01671 0.28282 1.66501e-22)
(-0.143742 0.269547 -4.7771e-24)
(0.0686489 0.217917 4.55154e-22)
(0.433182 0.0474137 0)
(0.696558 0.0162323 0)
(0.739382 0.0080265 -3.69821e-22)
(-0.000821629 0.0230279 -5.40252e-24)
(-0.000128818 0.00732298 0)
(0.854943 -0.000883152 1.20144e-22)
(0.919453 2.84588e-05 -2.78104e-23)
(0.974008 -2.02049e-05 4.92918e-24)
(0.75977 0.00435533 0)
(0.769765 0.00218552 0)
(0.776843 0.000152046 -1.06666e-22)
(0.778388 -0.00237205 4.59706e-22)
(0.763627 -0.00604324 0)
(-0.0103745 0.0366041 2.00131e-22)
(-0.00502145 0.0257396 2.95145e-22)
(-0.00202819 0.0165171 -2.87513e-22)
(-0.0250269 0.104803 -1.85263e-22)
(-0.0193443 0.0489366 5.84786e-22)
(0.28681 0.0796721 -1.32799e-22)
(0.57847 0.0319868 1.75137e-22)
(0.635201 0.0165802 -5.20768e-22)
(-0.000553535 0.00884741 4.53702e-23)
(-6.70888e-05 0.00256179 6.0905e-23)
(0.844861 -0.00224246 -2.5466e-22)
(0.92 -0.00014638 8.54502e-23)
(0.974687 1.29043e-05 5.47827e-24)
(0.726768 -0.015198 -1.16792e-23)
(0.662692 0.0091193 0)
(0.676457 0.00466462 1.93316e-22)
(0.686387 0.000386473 2.04132e-22)
(0.688971 -0.00481304 -8.82331e-22)
(0.669712 -0.0125431 2.27279e-22)
(-0.0083988 0.0139349 8.88421e-22)
(-0.00405364 0.00913809 -6.8345e-24)
(-0.00182771 0.00550512 0)
(-0.00064361 0.00295303 1.0577e-22)
(0.447786 0.0558281 0)
(0.516952 0.0303683 6.66113e-22)
(-8.94476e-05 0.00127332 -1.00135e-22)
(5.5325e-05 0.000241389 -3.08628e-23)
(0.604786 -0.0240906 4.71813e-22)
(0.82026 -0.00592587 1.49694e-22)
(0.914485 -0.000374947 0)
(0.975031 4.1989e-05 -5.28356e-23)
(0.619973 -0.0302311 -2.88771e-22)
(0.468209 -0.0472383 7.26193e-22)
(0.251479 -0.190757 -8.79081e-22)
(0.550826 0.0170805 0)
(0.568151 0.00874891 4.66271e-23)
(0.58124 0.000992659 -1.45194e-22)
(0.585541 -0.00871512 5.11886e-22)
(0.56258 -0.0231808 -8.69611e-22)
(-0.0147911 0.00626418 3.73776e-22)
(-0.00924712 0.0030667 -3.98853e-22)
(-0.00537222 0.00139791 -1.97735e-22)
(-0.00279645 0.000480314 3.91348e-22)
(-0.00116583 4.38411e-05 4.713e-23)
(-0.000203188 -6.20621e-05 -2.84975e-23)
(-0.136728 -0.250241 5.90066e-23)
(0.411944 -0.147966 -6.13836e-23)
(0.732778 -0.00901641 -7.95845e-22)
(0.901186 -0.00112449 0)
(0.973747 0.000109572 0)
(0.499722 -0.0539486 5.52146e-22)
(0.325513 -0.0810145 -2.7733e-22)
(0.106283 -0.230036 1.02582e-22)
(-0.141409 -0.298198 1.38428e-21)
(-0.0465803 0.0112551 0)
(-0.0340209 0.00583953 1.86863e-22)
(-0.0235913 0.00285792 -6.59976e-22)
(-0.0149878 0.00114531 1.84041e-22)
(-0.00792708 0.000287612 -4.38527e-23)
(-0.00212802 2.17914e-05 -2.72268e-23)
(-0.00754381 -0.28903 0)
(-0.120665 -0.194926 0)
(0.582914 -0.103403 4.88166e-22)
(0.850387 -0.000878696 -3.99584e-23)
(0.970606 0.000203289 -1.0304e-22)
(-0.0155568 -0.33292 -1.64648e-21)
(-0.0760015 0.0100106 0)
(-0.0568623 0.00552754 1.9315e-22)
(-0.0403702 0.00276358 -1.41142e-24)
(-0.0262671 0.00117179 9.54885e-23)
(-0.0142712 0.000360379 -4.48733e-23)
(-0.0041164 7.1802e-05 0)
(-0.0276218 -0.164276 -5.51166e-22)
(-0.00296271 -0.233229 0)
(-0.0949969 -0.136206 5.08316e-22)
(0.75789 -0.0597746 0)
(0.956555 0.00135216 7.64116e-23)
(-0.0466778 -0.205096 0)
(-0.0980846 0.00828981 0)
(-0.0741666 0.004609 1.20078e-22)
(-0.0531752 0.00234379 -3.48152e-22)
(-0.0349417 0.0010281 1.12646e-22)
(-0.0192397 0.000345413 5.03483e-23)
(-0.00578431 8.89842e-05 -1.68739e-23)
(-0.015655 -0.119028 2.82625e-22)
(-0.0145371 -0.123353 0)
(-0.000248162 -0.169217 -4.45518e-22)
(-0.0605237 -0.0776122 4.30418e-22)
(0.931395 -0.0147218 0)
(-0.0284336 -0.148595 0)
(-0.107005 0.00724216 1.53155e-22)
(-0.0810007 0.0040877 -1.47862e-22)
(-0.0581645 0.00207797 1.43073e-22)
(-0.0382911 0.000905995 -2.73887e-22)
(-0.0211551 0.000304644 3.76654e-22)
(-0.00650423 7.86168e-05 -5.02184e-23)
(-0.0133574 -0.0678614 2.43769e-22)
(-0.00771819 -0.0890991 -5.22016e-22)
(-0.00596344 -0.0840668 1.52074e-22)
(0.00181257 -0.100771 -4.6198e-22)
(-0.014189 -0.0214027 1.30993e-23)
(-0.0241151 -0.0868543 0)
(-0.0154617 -0.0452171 -5.49846e-23)
(-0.107964 0.00780896 -1.88582e-22)
(-0.0816244 0.00492893 7.60118e-22)
(-0.0586941 0.00264441 -7.25763e-22)
(-0.0387755 0.00113992 0)
(-0.0215135 0.000351544 0)
(-0.00671228 7.27362e-05 -5.50899e-24)
(-0.00849448 -0.035083 1.17253e-22)
(-0.00666788 -0.0497941 3.44448e-24)
(-0.00302972 -0.0605439 3.97954e-22)
(-0.00125803 -0.047567 -1.49542e-22)
(0.00233743 -0.0310268 0)
(-0.00873869 -0.0196314 8.91155e-22)
(-0.0632764 0.00409156 8.291e-22)
(-0.0414414 0.00257074 -8.57304e-22)
(-0.0227755 0.000908334 0)
(-0.00700821 0.000157904 -7.76624e-24)
(-0.0048067 -0.0146297 -2.36315e-22)
(-0.00418807 -0.0254858 -9.16752e-23)
(-0.00273025 -0.0332938 1.89004e-22)
(-0.000643011 -0.0342514 -1.29325e-22)
(0.000182382 -0.0143651 4.94292e-23)
(-0.00447459 -0.00526455 0)
(-0.0027061 0.00320108 -1.02407e-21)
(-0.0505276 0.00118011 0)
(-0.0176846 0.000393826 -2.71406e-23)
(-0.00152208 0.000804228 0)
(-0.00238157 -0.00358821 -2.40559e-22)
(-0.0023452 -0.0102343 -4.59275e-22)
(-0.00172138 -0.0168636 -6.24874e-23)
(-0.000724386 -0.0186278 1.27155e-22)
(7.65249e-05 -0.0106535 -4.96195e-23)
(-0.00108027 -0.000901919 2.08811e-21)
(-0.0013063 0.00154805 2.17907e-21)
(-0.00310789 0.00369399 7.02071e-23)
(-0.000132311 0.00198951 -4.81421e-22)
(-0.000749166 0.00104835 -9.82527e-25)
(-0.00111843 -0.00225137 1.24587e-22)
(-0.000958388 -0.00653704 3.71986e-22)
(-0.000484012 -0.00935182 7.62147e-24)
(-6.56822e-05 -0.00583944 -2.27909e-23)
(-0.000147413 -0.00257552 -1.88367e-24)
(-0.000453325 -0.00141137 -1.74693e-21)
(-0.000547705 0.000678964 -5.2692e-22)
(-0.00136143 0.0015789 0)
(-0.00319377 0.00914432 1.51722e-21)
(0.000389224 0.00151009 -2.58748e-22)
(-4.0122e-06 0.00176505 2.56504e-22)
(-0.000314501 0.00105893 1.28438e-22)
(-0.00044023 -0.00126609 0)
(-0.000272132 -0.00350621 -1.2192e-22)
(-6.47756e-05 -0.00293412 1.71268e-23)
(0.000229806 -0.00282421 8.27434e-22)
(1.29855e-05 -0.00241843 3.33751e-22)
(-0.000162193 -0.00146221 1.96694e-22)
(-0.00017392 0.000193328 5.36033e-23)
(-0.00033495 0.000545887 -6.14605e-23)
(-0.000459822 0.00212039 1.0924e-21)
(0.000310253 0.000534795 1.08136e-21)
(0.000248397 0.0012694 -4.0476e-22)
(2.98061e-05 0.00143277 -2.63976e-22)
(-0.000107181 0.000883886 -1.28486e-22)
(-0.000115847 -0.00058416 0)
(-3.9677e-05 -0.00106227 -1.12742e-23)
(0.000528014 -0.00205874 0)
(0.000185019 -0.00240456 -2.86303e-22)
(4.71862e-05 -0.00200888 -9.86503e-22)
(-3.77056e-05 -0.00121451 3.2149e-22)
(-2.21867e-05 -2.83743e-05 -3.58209e-22)
(-1.25002e-05 1.19663e-05 9.65594e-24)
(0.000532085 0.000192065 -4.69797e-22)
(0.000171521 0.000398941 7.16204e-22)
(0.00013952 0.000980737 -6.92982e-22)
(2.76356e-05 0.00103608 1.32346e-22)
(-1.72689e-05 0.00058397 0)
(-1.10015e-05 -0.000141972 1.11475e-23)
(0.00038892 -0.000698817 0)
(0.000316803 -0.00169629 5.50365e-22)
(0.000115032 -0.00187535 7.1644e-22)
(3.78161e-05 -0.00146587 9.39679e-22)
(8.23572e-06 -0.000791221 -3.338e-22)
(9.77958e-06 -5.50435e-05 -2.20475e-23)
(0.00120548 0.000277322 -5.60813e-22)
(0.000378431 0.000104435 0)
(8.37105e-05 0.000273317 5.14328e-22)
(6.48717e-05 0.000678702 0)
(1.68368e-05 0.000614535 0)
(6.22763e-06 0.000211533 0)
(0.000718729 -0.000234868 6.27186e-22)
(0.00020989 -0.00052455 -5.69271e-22)
(0.000168867 -0.00128773 -5.60028e-22)
(5.82735e-05 -0.00130855 -4.18078e-22)
(2.38481e-05 -0.000872145 -4.34759e-22)
(1.31875e-05 -0.000279336 1.31222e-23)
(0.00168604 0.000145662 0)
(0.000961276 0.000159191 1.40554e-22)
(0.000249786 5.15543e-05 0)
(3.23405e-05 0.000167288 1.98728e-27)
(2.197e-05 0.000385242 0)
(8.67187e-06 0.000196664 -8.98034e-23)
(0.00183427 -2.67093e-05 0)
(0.00156423 -0.000258272 -5.66059e-22)
(0.0005222 -0.000131928 -1.5799e-22)
(9.94303e-05 -0.00036013 2.91849e-22)
(7.56702e-05 -0.00087747 -4.14964e-22)
(2.4537e-05 -0.000750079 -1.31464e-22)
(1.22931e-05 -0.000280633 9.15686e-23)
(0.00135352 8.23618e-05 -1.88764e-23)
(0.000715536 8.24802e-05 -2.10202e-22)
(0.000149287 2.0036e-05 0)
(6.3175e-06 8.3015e-05 -1.0821e-22)
(5.5172e-06 0.000112645 9.05926e-23)
(0.00147075 -1.80443e-05 2.09892e-24)
(0.00124731 -0.000151887 6.35707e-22)
(0.000352543 -6.60395e-05 -4.72322e-27)
(3.77793e-05 -0.000221169 1.34934e-25)
(2.46168e-05 -0.000490543 -2.65275e-22)
(9.49868e-06 -0.000226849 8.36337e-23)
(0.00101782 4.25611e-05 1.4857e-22)
(0.00048319 3.63803e-05 1.02542e-22)
(7.34215e-05 3.85864e-06 -1.26143e-22)
(-1.22142e-06 1.91401e-05 2.30053e-23)
(0.00110592 -1.07263e-05 2.0944e-24)
(0.000931297 -8.12827e-05 -1.40607e-22)
(0.000215853 -2.61383e-05 4.54169e-22)
(7.22531e-06 -0.000110376 -2.1277e-22)
(6.01147e-06 -0.000139094 3.4038e-26)
(0.00069615 1.89761e-05 0)
(0.000271398 1.19834e-05 1.13807e-22)
(1.73684e-05 -1.10294e-06 7.96668e-23)
(0.000756922 -5.78912e-06 0)
(0.000631554 -3.71001e-05 -2.057e-22)
(0.000108929 -5.34277e-06 3.95909e-22)
(-1.46385e-06 -2.55816e-05 4.39588e-23)
(0.000398347 6.50694e-06 -9.70975e-25)
(8.26854e-05 2.82898e-06 -1.43009e-22)
(0.000433646 -2.79698e-06 9.69712e-25)
(0.000356552 -1.29663e-05 -1.14033e-22)
(2.67361e-05 1.18712e-06 1.12934e-22)
(0.000128978 1.65491e-06 4.33798e-23)
(0.000140688 -1.23321e-06 0)
(0.000109505 -3.5885e-06 -1.09967e-23)
(-0.142805 0.304015 2.22384e-21)
(-0.0269628 0.258916 5.09922e-22)
(-0.0419225 0.128296 0)
(-0.0753956 0.189539 2.78623e-21)
(-0.0629118 0.19421 -2.94436e-21)
(-0.073022 0.268242 0)
(-0.0373497 0.311078 0)
(-0.0980452 0.353175 -1.02569e-21)
(-0.0849303 0.314173 0)
(-0.038841 0.266567 -1.88531e-21)
(0.152159 0.126701 4.23773e-21)
(-0.0955074 0.278837 0)
(-0.0338099 0.0636954 -3.65697e-22)
(-0.0560702 0.10525 0)
(-0.0162072 0.0192656 -3.81809e-21)
(-0.0385986 0.0469828 3.90721e-21)
(-0.0831657 0.121715 -2.27027e-21)
(-0.114795 0.159415 0)
(-0.0954014 0.203483 0)
(-0.119101 0.24024 6.18362e-22)
(-0.10878 0.295516 0)
(-0.0974965 0.289536 1.95869e-21)
(-0.0152742 0.19448 2.36968e-21)
(0.0946772 0.155501 -5.71835e-21)
(0.302808 0.0912269 1.1234e-21)
(-0.149954 0.235269 -5.90024e-22)
(-0.140543 0.252469 0)
(-0.0215697 0.0120701 -3.15874e-21)
(-0.0491873 0.028652 8.65326e-22)
(-0.0607813 0.052156 7.20345e-22)
(-0.0913818 0.081873 2.30837e-21)
(-0.121538 0.0806729 -4.44499e-21)
(-0.167505 0.115469 -3.93327e-21)
(-0.159415 0.156947 -3.00645e-21)
(-0.184491 0.185495 5.63124e-21)
(-0.130934 0.208746 -1.64175e-21)
(-0.0600026 0.184083 -1.71406e-21)
(0.0433093 0.128478 0)
(0.387488 0.0504159 -5.74685e-21)
(0.190368 0.106437 0)
(0.423925 0.0298139 0)
(0.243699 0.0593234 4.83685e-21)
(-0.20681 0.172881 0)
(-0.178848 0.179871 0)
(-0.010847 -0.277365 6.03709e-21)
(-0.146114 -0.33037 0)
(0.386544 -0.0835116 0)
(0.436603 0.0148339 -1.97023e-22)
(0.273597 0.0341755 0)
(0.269522 -0.0944413 0)
(0.456531 -0.0376443 1.1832e-21)
(0.458429 0.00179161 3.69632e-21)
(0.29658 0.00855295 0)
(0.320022 -0.0442478 0)
(0.473855 -0.0152629 0)
(0.325097 -0.0149193 -3.75314e-21)
(-0.0639559 0.0225517 1.14952e-21)
(-0.0974187 0.0360227 -1.44531e-21)
(-0.120521 0.0485927 4.75467e-21)
(-0.173508 0.0548069 0)
(-0.202303 0.0851153 0)
(-0.231692 0.0954738 -3.1048e-21)
(-0.249597 0.120086 -2.36308e-21)
(-0.152318 0.139204 0)
(0.0674798 0.0804193 3.34717e-21)
(-0.035285 0.118036 0)
(0.151949 0.0435661 0)
(0.00479693 0.068208 -3.61974e-21)
(-0.267033 0.106391 7.84726e-21)
(-0.228673 0.113315 -2.31886e-21)
(-0.011209 -0.264237 -3.40716e-21)
(0.172354 -0.13773 7.67052e-21)
(0.147215 -0.156983 -6.00212e-21)
(-0.114827 -0.387008 1.70474e-21)
(-0.0771423 -0.329038 -3.71048e-21)
(-0.0361737 -0.360388 2.43751e-22)
(0.0477277 -0.183755 -6.36435e-21)
(0.0511364 -0.153934 2.08615e-21)
(0.149731 -0.110152 3.22715e-21)
(0.134005 0.0100575 0)
(0.0258903 0.0381281 0)
(0.0865159 -0.0943346 -3.55657e-21)
(0.189492 -0.0572682 0)
(0.101099 -0.0463002 -3.31618e-21)
(0.200539 -0.0211011 3.02412e-21)
(0.0615376 -0.00977474 4.60933e-21)
(-0.0973006 0.0161603 1.65291e-21)
(-0.141108 0.0248625 0)
(-0.16821 0.0343271 0)
(-0.213582 0.0401081 3.2834e-21)
(-0.245119 0.0588381 0)
(-0.274296 0.0598917 8.2624e-21)
(-0.294493 0.0759786 -7.06126e-21)
(-0.108256 0.0542717 0)
(-0.132025 0.0690211 -5.67658e-21)
(-0.222718 0.0874099 1.15629e-20)
(-0.195121 0.040059 0)
(-0.292502 0.0752986 -7.47357e-21)
(-0.306172 0.0691419 -3.98623e-21)
(-0.085696 -0.315049 0)
(-0.0705381 -0.248577 7.72744e-21)
(-0.0719272 -0.243756 0)
(-0.0639319 -0.32305 -5.27585e-22)
(-0.0899583 -0.326036 4.14361e-22)
(-0.102161 -0.242422 -7.93624e-21)
(-0.0603376 -0.188507 -7.29072e-21)
(-0.0903591 -0.162641 9.69494e-21)
(-0.0371748 -0.116158 2.98966e-21)
(-0.103641 -0.0834656 -3.91714e-21)
(-0.0500293 -0.0527866 0)
(-0.0772185 -0.0178729 -3.18618e-21)
(-0.172125 0.010897 0)
(-0.123471 0.0131842 0)
(-0.16778 0.0198124 -1.28101e-21)
(-0.198094 0.0256513 -5.01979e-21)
(-0.23252 0.0320193 4.30488e-21)
(-0.261246 0.0426995 -1.53211e-21)
(-0.279707 0.0448654 -1.96661e-21)
(-0.307512 0.0567953 6.22748e-21)
(-0.277592 0.0468826 -6.94643e-21)
(-0.30105 0.0619539 8.46946e-21)
(-0.264018 0.0155269 0)
(-0.298747 0.0397609 -1.19023e-21)
(-0.321167 0.0618845 0)
(-0.314361 0.0565674 0)
(-0.0467887 -0.174297 -1.23693e-20)
(-0.0894344 -0.248999 4.26681e-21)
(-0.10988 -0.258996 5.15499e-21)
(-0.121751 -0.288646 -7.1046e-22)
(-0.137725 -0.25931 6.5544e-22)
(-0.172231 -0.210031 -7.46635e-21)
(-0.174967 -0.170587 0)
(-0.195617 -0.112959 -9.32941e-21)
(-0.281277 0.0178955 -4.39168e-21)
(-0.237521 -0.0819603 6.78736e-21)
(-0.273983 -0.0184046 2.80128e-21)
(-0.135494 0.0115885 4.51752e-21)
(-0.294669 0.0530498 2.69733e-21)
(-0.173485 0.0179241 -3.22747e-21)
(-0.198936 0.0232821 -2.79434e-21)
(-0.226295 0.0312888 -6.05195e-21)
(-0.261507 0.03974 1.35422e-21)
(-0.270898 0.0439445 -3.43182e-21)
(-0.294278 0.0460245 -2.6992e-21)
(-0.318238 0.0607729 6.72778e-22)
(-0.313226 0.0515553 1.23265e-21)
(-0.27484 0.0591654 4.81691e-21)
(-0.291153 0.0568452 1.99652e-21)
(-0.301957 0.0645256 -1.27921e-21)
(-0.29412 0.0611493 -1.91856e-21)
(-0.242414 0.0645946 -6.67711e-21)
(-0.0389574 -0.105086 0)
(-0.0625013 -0.165992 8.27743e-21)
(-0.183074 0.0661275 0)
(-0.221453 0.0555661 4.37741e-21)
(-0.120778 0.0615411 8.4773e-21)
(-0.146578 0.0581732 -5.59777e-21)
(-0.0860444 -0.181451 0)
(-0.125147 -0.221315 -4.90037e-21)
(-0.162279 -0.198663 1.5002e-20)
(-0.21943 0.0286151 -5.83721e-21)
(-0.245524 0.00874593 4.6204e-21)
(-0.179571 -0.157312 -1.06991e-20)
(-0.23049 -0.0769409 1.13788e-22)
(-0.222386 -0.0475248 -9.42586e-21)
(-0.135738 0.0117714 0)
(-0.266246 0.0528007 0)
(-0.245172 0.0395979 2.5967e-22)
(-0.250757 0.0463455 -3.54415e-22)
(-0.169208 0.0200999 -5.02247e-21)
(-0.197278 0.0263329 5.3414e-21)
(-0.215701 0.0314427 4.634e-21)
(-0.284841 0.0701729 1.83082e-21)
(-0.276875 0.0697534 -4.16907e-22)
(-0.247391 0.0774342 3.63316e-21)
(-0.228234 0.0764842 1.32583e-21)
(-0.259229 0.0572893 -5.47572e-21)
(-0.264837 0.0719029 1.99898e-23)
(-0.271602 0.0638713 4.67546e-21)
(-0.201417 0.0821183 2.29948e-21)
(-0.176506 0.0804322 -7.50234e-21)
(-0.119858 0.0731996 2.8829e-21)
(-0.145064 0.0806275 2.3815e-21)
(-0.0957101 0.07092 -3.36804e-21)
(-0.057566 0.052447 0)
(-0.0759414 0.0589828 2.79832e-21)
(-0.0918716 0.0547554 -2.40034e-22)
(-0.0834284 0.0470407 0)
(-0.0249327 -0.0547229 -4.19627e-21)
(-0.0490764 -0.0950176 4.10557e-21)
(-0.059507 -0.102593 2.88711e-21)
(-0.0951234 -0.1383 0)
(-0.107709 0.0317551 1.0204e-20)
(-0.141142 0.0342308 0)
(-0.168901 0.01889 5.66236e-21)
(-0.121308 -0.116504 1.30633e-22)
(-0.152644 -0.0268255 1.53358e-21)
(-0.151436 -0.124331 -4.2194e-21)
(-0.179981 -0.0561373 8.46574e-21)
(-0.0139535 -0.0251678 -4.96204e-22)
(-0.0255739 -0.0430874 0)
(-0.126003 0.0107819 0)
(-0.0850572 0.0038402 -5.1455e-22)
(-0.102856 0.00502801 5.18696e-22)
(-0.223808 0.0441785 -3.00818e-21)
(-0.234485 0.0542651 2.64529e-21)
(-0.150076 0.0166046 0)
(-0.184907 0.0256346 -2.45616e-21)
(-0.201145 0.0351563 2.95873e-21)
(-0.199209 0.0864364 1.24116e-21)
(-0.239285 0.076743 -2.01769e-21)
(-0.232767 0.0817438 -2.56042e-21)
(-0.218733 0.0602222 -3.409e-21)
(-0.219075 0.0716474 6.75997e-22)
(-0.176345 0.084306 0)
(-0.148089 0.0843909 0)
(-0.134587 0.0828167 0)
(-0.107081 0.0793854 -2.97558e-21)
(-0.0874891 0.0727909 -1.67582e-21)
(-0.0674394 0.0661629 3.98958e-21)
(-0.0505259 0.0542456 0)
(-0.00780859 0.0145318 0)
(-0.00500053 0.00961374 -6.67879e-22)
(-0.0142651 0.0259851 3.59747e-21)
(-0.0228616 0.0350548 -3.1536e-21)
(-0.0363453 0.0471486 0)
(-0.0258689 0.0329102 -5.85684e-21)
(-0.0393752 0.0403164 3.75504e-23)
(-0.010753 0.0154365 0)
(-0.0146983 0.02018 -4.59986e-21)
(-0.00493268 0.00587305 0)
(-0.0416708 0.0354756 1.35517e-23)
(-0.0597482 0.040125 2.0577e-23)
(-0.0589282 0.0304378 3.55591e-21)
(-0.0924813 0.0259541 -4.32545e-21)
(-0.0363816 -0.0479479 8.81291e-21)
(-0.0604586 -0.0669844 -1.85481e-20)
(-0.0882053 -0.0672187 3.9511e-21)
(-0.087776 0.00901598 -2.28004e-21)
(-0.0966009 -0.0379682 8.37686e-21)
(-0.117178 -0.0226119 -5.88531e-21)
(-0.00690021 -0.00708611 0)
(-0.013082 -0.015461 0)
(-0.0161977 -0.0167657 -3.64655e-21)
(-0.0323236 -0.0283306 -5.33373e-21)
(-0.00421485 0.00680789 5.65156e-22)
(-0.117804 0.0104127 1.25357e-21)
(-0.0697795 0.000824363 0)
(-0.0874994 0.00282399 -1.09677e-21)
(-0.1467 0.0292967 1.49045e-21)
(-0.173555 0.0375351 -4.4578e-21)
(-0.189332 0.055049 -8.10666e-23)
(-0.162316 0.0678504 4.04891e-21)
(-0.181567 0.0761271 -4.75263e-21)
(-0.169064 0.0815084 3.23332e-21)
(-0.0990768 0.0791471 -3.93072e-21)
(-0.128483 0.0781587 6.07468e-23)
(-0.125918 0.0828421 1.11158e-21)
(-0.0371326 0.053147 4.04607e-21)
(-0.0566226 0.0645364 -4.42169e-23)
(-0.0786216 0.0718143 1.95872e-21)
(-0.0111595 0.0273613 1.76765e-21)
(-0.027357 0.0448949 -2.14115e-21)
(-0.00631043 0.017761 -1.5888e-21)
(-0.0165704 0.0185408 5.23523e-21)
(-0.0262081 0.0239918 0)
(-0.00504104 0.00498553 4.11264e-21)
(-0.00739841 0.00750807 -7.26838e-21)
(-0.00222774 0.000334643 0)
(-0.00222406 0.000331511 0)
(-0.00450598 -0.00215494 -1.1554e-21)
(-0.0267828 0.0194267 5.2423e-21)
(-0.0413393 0.0217629 -1.58194e-23)
(-0.0412693 0.0142473 -1.0782e-20)
(-0.0632521 0.00757531 1.0884e-20)
(-0.0389594 -0.0179361 3.80771e-21)
(-0.0543288 -0.0178048 -3.09013e-21)
(-0.0479365 -0.00261631 -3.8081e-21)
(-0.006548 -0.00306622 7.17178e-22)
(-0.0130978 -0.0071277 2.03319e-21)
(-0.0214457 -0.00661996 1.40881e-21)
(-0.00507095 0.0134532 -3.05322e-21)
(-0.0292689 0.0495639 0)
(-0.0616475 0.0639657 0)
(-0.0931573 0.0360272 3.94697e-21)
(-0.108841 0.0553778 -2.76841e-21)
(-0.101076 0.0672077 0)
(-0.0222632 0.00259982 3.06211e-23)
(-0.0626343 0.0148131 0)
(-0.010026 0.0309592 -1.03653e-22)
(-0.000829238 0.00176167 -6.08664e-22)
(-0.000217485 0.0020489 2.99376e-21)
(-0.00929535 0.00687251 7.49977e-21)
(-0.0147098 0.0105717 0)
(-0.00154227 -0.000792462 -3.39873e-21)
(-0.00344565 0.000626278 -1.07878e-20)
(-0.000489371 -0.00230163 5.95606e-21)
(-0.00139594 0.00147407 4.21849e-22)
(-0.00538017 -0.000676496 0)
(-0.0159002 0.00597547 0)
(-0.0257753 0.00784403 0)
(-0.0282725 0.000492426 0)
(-0.00745368 -0.00058491 4.81293e-21)
(-0.0162943 -0.00291936 -4.11252e-21)
(-0.0185755 0.00057425 0)
(-0.00132115 0.0099391 0)
(-0.000409825 0.00166614 2.7225e-21)
(0.000580179 0.0016684 -6.82894e-21)
(0.000651866 0.00195467 1.18869e-20)
(0.000635507 0.00178197 -7.18398e-21)
(0.000874933 0.0012266 -2.33877e-21)
(0.000468799 0.000635643 0)
(-0.00314242 -8.88333e-05 3.51874e-21)
(-0.00669418 0.00129195 0)
(0.000156539 -0.00293465 0)
(-0.0002234 -0.00243948 0)
(0.000225394 -0.00302253 -1.29477e-21)
(-0.000778034 0.0010991 2.23582e-21)
(-0.00308818 0.000834684 0)
(-0.0023881 0.000434778 6.76851e-21)
(-0.00463287 0.000682399 1.79024e-21)
(-0.00598595 0.00148011 -6.75079e-21)
(0.00116038 0.00146338 0)
(0.000773541 0.00130195 5.27914e-21)
(0.00124129 0.00107039 8.56216e-21)
(0.00149016 0.00125018 -9.71163e-21)
(0.000673669 0.000345589 -1.74315e-22)
(0.00121946 0.000655746 7.2328e-21)
(0.00078213 -0.00231937 1.45299e-21)
(0.000204431 -0.0013259 -1.08956e-21)
(0.000750335 -0.00229659 -8.36624e-21)
(0.000954189 -0.00268613 1.14318e-20)
(0.00119873 -0.00254161 0)
(0.00133519 0.000953263 -5.358e-21)
(0.000533765 0.000832203 -7.84286e-21)
(0.00172025 -5.61243e-06 1.1628e-20)
(0.00158779 -0.00102097 0)
(0.00107278 -0.00147857 0)
(0.000583667 -0.000820107 4.46027e-21)
(0.0019711 0.00084183 3.35733e-21)
(0.00209815 0.000794887 -5.95497e-21)
(0.00144455 0.000458189 -1.30425e-22)
(0.00190989 0.000597489 1.78982e-24)
(0.00158028 -0.0013438 0)
(0.00195001 -0.00163249 1.9505e-21)
(0.00220291 -0.00110396 -1.68504e-21)
(0.0025576 0.000271592 -4.16511e-24)
(0.00246089 -0.000551089 7.99863e-22)
(0.00247631 -0.000120493 6.32241e-21)
(0.000882628 -0.000391645 -5.91228e-21)
(0.00160535 -0.000761256 0)
(0.00201976 0.000251026 -8.83114e-21)
(0.00245047 0.000199229 4.21039e-21)
(0.0022059 -3.67633e-05 4.4837e-21)
(0.00189761 -0.00043761 0)
(0.00231389 -0.000458556 -4.91229e-21)
)
;

boundaryField
{
    movingWall
    {
        type            fixedValue;
        value           uniform (1 0 0);
    }
    fixedWalls
    {
        type            noSlip;
    }
    frontAndBack
    {
        type            empty;
    }
    defaultFaces
    {
        type            empty;
    }
}


// ************************************************************************* //
