/*--------------------------------*- C++ -*----------------------------------*\
  =========                 |
  \\      /  F ield         | OpenFOAM: The Open Source CFD Toolbox
   \\    /   O peration     | Website:  https://openfoam.org
    \\  /    A nd           | Version:  8
     \\/     M anipulation  |
\*---------------------------------------------------------------------------*/
FoamFile
{
    version     2.0;
    format      ascii;
    class       volVectorField;
    location    "0.079";
    object      U;
}
// * * * * * * * * * * * * * * * * * * * * * * * * * * * * * * * * * * * * * //

dimensions      [0 1 -1 0 0 0 0];

internalField   nonuniform List<vector> 
424
(
(-0.00293621 -0.000189995 6.81095e-26)
(-0.014652 0.000961574 0)
(-0.0131023 0.00276779 2.04594e-23)
(0.0001796 0.00315106 -1.16709e-24)
(-0.0473548 0.00514743 -2.47654e-23)
(-0.0230455 0.000844537 -3.38784e-23)
(-0.00299441 0.0138302 3.23462e-24)
(-0.000995357 0.0155059 -7.93776e-25)
(-0.068738 0.00259473 -3.61313e-23)
(-0.0257659 0.000296803 3.10979e-23)
(-0.0703255 0.00228287 9.63782e-23)
(-0.0240387 0.000465981 0)
(-0.00519774 0.0503254 1.16757e-24)
(-0.000963648 0.0244886 0)
(-0.0744422 0.000564815 3.30262e-23)
(-0.0255819 -4.07925e-05 1.7511e-23)
(-0.0590507 0.000689217 0)
(-0.0196487 7.81012e-05 0)
(-0.000341382 0.027114 0)
(-0.00267693 0.0732645 -2.78436e-23)
(-0.0734046 4.81233e-05 3.49546e-23)
(-0.0258215 -0.000338613 -1.87546e-23)
(-0.0573215 0.000236502 0)
(-0.0196379 5.60108e-05 0)
(1.31928e-05 0.0260442 1.30696e-23)
(-0.000172603 0.078135 2.51264e-23)
(-0.00233368 0.0684529 -3.74646e-23)
(-0.00041822 0.0233107 -3.89039e-23)
(-0.0750861 -0.000327186 5.88744e-23)
(-0.0232416 -0.000848009 0)
(-0.0150336 -0.000969415 -1.31698e-22)
(-0.00303884 0.000215711 0)
(-0.0530533 -1.92098e-05 -1.05689e-22)
(-0.0180556 3.82494e-05 9.88301e-23)
(-0.0222842 0.0479302 6.83822e-23)
(0.00023987 0.0268008 0)
(0.00014588 0.0295884 -2.27069e-22)
(0.00335075 0.0631454 2.33921e-22)
(8.24673e-05 0.0746657 2.79496e-23)
(-0.000419355 0.0601156 3.92267e-24)
(-6.77591e-06 0.0199988 -3.85033e-24)
(-0.0699967 -0.00256861 -1.05446e-22)
(-0.0489924 -0.00549412 1.33518e-22)
(-0.0141029 -0.00310154 0)
(0.000224063 -0.00336417 -2.9552e-22)
(-0.0494751 -0.000265432 3.47e-22)
(-0.0162228 -3.37425e-05 0)
(-0.106049 0.152678 -1.89065e-22)
(0.809203 0.0278417 -5.01856e-23)
(-0.000696194 0.0781781 -1.62202e-23)
(-0.00573082 0.0866581 0)
(-0.00507355 0.16685 -3.61594e-24)
(-0.000244499 0.0579453 0)
(-4.43909e-05 0.0199181 0)
(-0.00400048 -0.015198 5.94384e-23)
(-0.00125643 -0.0170692 2.58428e-22)
(-0.0531165 -0.00062931 0)
(-0.0174759 -0.000155197 0)
(0.405639 0.118729 1.41482e-22)
(0.861377 -0.00378849 -1.19167e-23)
(0.000144676 0.0544642 -9.27305e-23)
(-8.89672e-06 0.0187231 8.78984e-23)
(-0.00671239 -0.0544273 0)
(-0.00104169 -0.0268098 0)
(0.551439 0.0129208 1.56435e-22)
(0.88273 -0.00213942 0)
(0.000408101 0.0516099 -7.97504e-23)
(9.8766e-05 0.0174753 7.33892e-23)
(-0.000335117 -0.0292968 6.02646e-23)
(-0.00298281 -0.0790294 -1.8595e-23)
(0.880718 -0.00128592 -1.38276e-23)
(0.626377 0.00206134 -1.15916e-22)
(-0.00228602 0.0558799 0)
(-0.000204675 0.0209852 0)
(7.71621e-05 -0.028887 4.72764e-23)
(-0.000366266 -0.083487 1.91048e-23)
(-0.00189939 -0.0659015 -3.97209e-22)
(-0.000343532 -0.0224367 0)
(0.879096 -0.000317033 1.30632e-23)
(0.637004 -0.000768029 -4.91209e-23)
(0.826678 -0.0267488 0)
(0.000338165 -0.0288252 -9.0996e-23)
(0.881774 0.0014074 0)
(0.886712 0.00204224 0)
(0.86584 0.00377292 0)
(-0.019522 -0.0491256 0)
(0.00355482 -0.0683082 -4.80777e-22)
(0.000174793 -0.0308337 5.95671e-22)
(0.000290597 -0.0821768 4.36576e-23)
(-0.00055984 -0.0577271 0)
(-3.69076e-05 -0.0192448 0)
(0.639156 -0.000725825 -2.08443e-23)
(-0.104736 0.00186897 -4.20517e-23)
(0.447584 -0.115196 9.64676e-22)
(-0.000518008 -0.0839586 -8.91269e-23)
(0.641641 0.00131801 -1.2372e-22)
(0.643164 -0.00139843 2.57371e-22)
(0.570045 -0.010839 -1.24185e-21)
(-0.1084 -0.154019 -1.80905e-22)
(-0.00644843 -0.179398 7.0105e-22)
(-0.00653525 -0.0905125 -5.69201e-22)
(5.53175e-05 -0.0573292 -3.09734e-23)
(3.52042e-05 -0.0196929 3.00378e-23)
(-0.0932055 5.79637e-05 0)
(-0.0405075 -4.34206e-05 -4.09737e-23)
(0.00038759 -0.0594264 -1.38401e-22)
(6.08916e-05 -0.0204909 -1.31589e-22)
(-0.095611 -0.000318148 2.40234e-23)
(-0.0338639 6.27882e-06 0)
(-6.39995e-05 -0.0579802 9.9537e-23)
(8.5533e-05 -0.0199461 -9.48901e-23)
(-0.0893456 -0.000141652 -2.48828e-22)
(-0.0351832 -0.000111242 -2.27468e-23)
(-0.00299844 -0.0605835 0)
(-0.000220433 -0.0234979 0)
(-0.0824074 0.000297717 1.35986e-22)
(-0.0326823 -6.71748e-05 0)
(-0.0935477 -0.00161889 0)
(-0.0294517 -9.46613e-06 1.21641e-22)
(-0.03509 -0.000114701 0)
(-0.0797317 0.0171039 2.51294e-24)
(-0.023656 0.011848 0)
(-0.0636804 0.0352365 0)
(-0.0121547 0.0248784 -1.8493e-24)
(-0.129976 0.107081 2.70483e-23)
(-0.157666 0.0741222 4.77134e-22)
(-0.0864186 0.136106 3.60164e-23)
(-0.107477 0.116589 -1.33055e-23)
(-0.154488 0.0625102 -8.02904e-22)
(-0.15926 0.0373129 -2.6392e-23)
(-0.136499 0.0285386 -7.20601e-22)
(-0.122901 0.0288308 -1.92553e-22)
(-0.146445 0.0477393 -6.42762e-22)
(-0.166191 0.0511775 8.39106e-22)
(-0.173063 0.0243201 -6.00139e-22)
(-0.180489 0.0268218 1.08107e-22)
(-0.112014 0.00669862 1.81303e-22)
(-0.16521 0.00739673 1.24484e-21)
(-0.109431 0.0054931 2.62644e-22)
(-0.136145 0.00295639 3.40126e-22)
(-0.0367949 0.0645064 2.99e-23)
(-0.103696 0.113235 0)
(-0.0718239 0.0680867 -2.47503e-23)
(-0.101902 0.091594 0)
(-0.0735688 0.138995 5.29996e-23)
(-0.0750855 0.148146 -1.36484e-22)
(-0.0193364 0.0863862 -2.96774e-25)
(-0.0501185 0.16508 2.19494e-22)
(-0.0697588 0.133919 -4.78432e-23)
(-0.0472394 0.157528 2.86958e-22)
(-0.0615904 0.103859 -5.76521e-23)
(-0.0975236 0.0922581 -2.77374e-23)
(-0.108764 0.0662127 0)
(-0.0950891 0.0359805 1.22423e-22)
(-0.0232887 0.00244744 -2.99281e-22)
(-0.0654526 0.0141521 3.45283e-22)
(-0.160689 0.00870839 0)
(-0.179708 0.00904302 0)
(-0.188162 0.00221192 -8.63635e-22)
(-0.124782 0.000722847 -1.54644e-21)
(-0.181814 0.00212984 2.80047e-21)
(-0.102248 0.00153801 7.08786e-22)
(-0.144517 -0.000259791 7.39601e-22)
(-0.0349222 0.131605 -2.11265e-23)
(-0.0443207 0.153552 2.0579e-23)
(-0.0339301 0.178058 -2.34686e-22)
(-0.00640145 0.118414 7.74655e-22)
(-0.0204743 0.182828 1.1594e-22)
(-0.0260384 0.150759 4.82124e-23)
(-0.0147848 0.168127 -3.00196e-22)
(-0.0335774 0.0890475 1.67347e-22)
(-0.0206282 0.131576 -1.1726e-21)
(-0.0144273 0.0642289 0)
(-0.00246984 0.0228901 0)
(-0.170577 -0.000968536 8.75419e-22)
(-0.187706 -0.000297724 -2.61181e-21)
(-0.127501 0.000711337 -9.19981e-22)
(-0.178981 0.000117983 2.91445e-21)
(-0.100096 -4.62383e-05 -1.15726e-21)
(-0.145376 -0.00044748 1.43859e-21)
(-0.00533171 0.164867 -6.92783e-22)
(-0.00649977 0.183318 5.23057e-22)
(0.00121432 0.128621 0)
(-0.00490274 0.160077 0)
(-0.00167917 0.187762 -1.05471e-21)
(-0.00396854 0.103317 8.0192e-22)
(-0.000375951 0.133326 0)
(-0.170379 0.00217819 8.74408e-22)
(-0.185667 0.00138098 1.97118e-22)
(-0.131551 0.00071677 1.261e-21)
(-0.178105 -0.00155613 -1.91413e-21)
(-0.183751 -0.0033211 -2.01379e-21)
(-0.0963173 -0.000686807 -2.26911e-21)
(-0.13644 -0.000602635 9.84814e-22)
(0.003813 0.168855 7.6684e-22)
(0.000864427 0.122818 -8.12003e-22)
(-0.000312762 0.181907 2.55928e-21)
(0.00248014 0.187941 -1.97768e-21)
(-0.000652052 0.105071 0)
(0.000628259 0.145955 0)
(-0.162262 -0.00625048 -1.45071e-21)
(-0.181825 -0.0087791 0)
(-0.180358 -0.0274052 1.76531e-21)
(-0.114265 -0.00652879 1.05929e-21)
(-0.170279 -0.0355169 -1.96641e-21)
(-0.171153 -0.0328458 -3.24545e-21)
(-0.15473 -0.0074073 1.95861e-21)
(-0.16112 -0.0241942 1.79043e-21)
(-0.0954478 -0.000730657 -2.94384e-22)
(-0.122674 0.000427552 0)
(-0.000571283 0.168873 -4.27418e-22)
(-0.00393657 0.132695 0)
(0.00113358 0.180573 0)
(-0.000381221 0.186296 3.26982e-22)
(-6.54116e-05 0.0991026 0)
(0.00167035 0.144387 0)
(-0.148562 -0.0653403 0)
(-0.161662 -0.0580384 -2.1617e-21)
(-0.162012 -0.0621512 2.91989e-21)
(-0.134406 -0.087156 0)
(-0.0786442 -0.0163425 0)
(-0.127568 -0.0277473 -1.22211e-21)
(-0.146687 -0.0352267 -2.28638e-21)
(-0.134201 -0.069147 2.80832e-21)
(-0.146144 -0.0820309 -1.4793e-22)
(-0.0647447 -0.0339414 -7.0344e-22)
(-0.0248712 -0.0119634 0)
(-0.0137941 -0.0257317 2.1484e-21)
(-0.136469 -0.0334227 7.37918e-22)
(-0.140754 -0.0566626 -1.83379e-21)
(-0.0868077 -0.00147803 -1.29961e-21)
(-0.11818 -0.0266907 1.85713e-21)
(-0.117378 -0.0719274 8.61229e-22)
(-0.121011 -0.0882658 0)
(-0.104341 -0.102068 1.57276e-21)
(-0.0302054 0.234871 3.19097e-24)
(-0.128204 0.299478 -2.98934e-21)
(-0.141198 0.2238 3.13432e-21)
(0.118559 0.18675 -2.51992e-21)
(-0.015448 0.171948 1.44027e-21)
(-0.0177908 0.139174 -1.74392e-21)
(-0.048146 0.207909 -8.93421e-22)
(-0.0168484 0.183938 -3.07492e-21)
(0.000772257 0.1768 -7.87751e-22)
(-0.00789494 0.181164 3.18216e-21)
(0.00109408 0.0941243 0)
(0.00223928 0.134327 2.89811e-22)
(-0.0626411 0.19977 4.23153e-21)
(-0.0997083 0.192643 -1.31935e-21)
(-0.107519 -0.119148 4.15216e-21)
(-0.128713 -0.104842 2.4784e-21)
(-0.125953 -0.106707 -3.33255e-21)
(-0.0773414 -0.0621161 5.3392e-22)
(-0.0964963 -0.120792 0)
(-0.102261 -0.086678 2.48066e-22)
(-0.0382326 -0.0629168 -3.0029e-21)
(-0.0847185 -0.141333 -5.8435e-21)
(-0.0226883 -0.0888587 0)
(-0.0698213 -0.142168 2.05127e-21)
(-0.0496999 -0.159883 0)
(-0.0788914 -0.0274557 3.18106e-21)
(-0.0957403 -0.0620452 0)
(-0.060229 -0.106029 -4.67065e-21)
(-0.0861542 -0.0946136 1.13909e-21)
(-0.0172819 -0.00145214 1.35887e-21)
(-0.0507195 -0.00948896 -5.47204e-21)
(-0.105469 0.23843 -5.3455e-22)
(-0.127766 0.20261 0)
(0.00997118 0.194911 1.96852e-21)
(-0.135427 0.109099 -1.29744e-21)
(0.264747 0.0573692 9.57978e-22)
(-0.0273372 0.180243 2.01689e-21)
(-0.0485776 0.178461 -2.2714e-21)
(-0.00850183 0.150351 -1.66483e-21)
(-0.0187018 0.153298 2.87486e-21)
(0.000855253 0.0913691 1.34302e-21)
(-0.00632756 0.118254 -8.88797e-22)
(-0.15513 0.0189396 0)
(-0.108122 0.126071 -1.91578e-21)
(-0.139491 0.0884271 1.08995e-22)
(-0.146369 0.0485675 3.14563e-21)
(-0.0530432 0.13796 -1.22836e-21)
(-0.0850107 0.113889 1.19671e-21)
(-0.0634099 -0.147593 2.24966e-22)
(-0.0629152 -0.16259 5.05551e-22)
(-0.0471753 -0.172971 0)
(-0.0377283 -0.127873 -2.84041e-22)
(-0.00865082 -0.129643 1.90402e-23)
(-0.0279934 -0.178662 -3.58784e-21)
(-0.0307187 -0.154786 1.83877e-21)
(-0.0212039 -0.167539 -2.03165e-21)
(-0.0332075 -0.0926042 3.19133e-21)
(-0.0244246 -0.132068 -2.661e-21)
(-0.012608 -0.0609829 0)
(-0.00220222 -0.0213963 0)
(-0.0530301 0.057331 -4.54545e-22)
(-0.11384 0.0269366 1.63241e-21)
(0.105245 0.0607374 -6.68e-22)
(0.37544 0.0176543 1.67353e-21)
(-0.123019 0.0162645 0)
(-0.172583 0.0106476 0)
(-0.0163136 0.119149 -2.08481e-21)
(-0.0331325 0.114459 0)
(-0.163598 -0.004227 0)
(-0.160853 0.00215906 0)
(-0.00694388 0.0859441 0)
(-0.00615599 0.0972076 -9.49256e-22)
(-0.123091 0.00539087 0)
(-0.121483 0.0338199 -3.18304e-21)
(-0.0434857 0.0642323 0)
(-0.0821226 0.0683798 0)
(-0.0965807 0.0406593 2.69347e-21)
(-0.150181 -0.0106022 5.67791e-22)
(-0.0119628 -0.182393 2.51299e-21)
(-0.0113697 -0.167618 0)
(0.00025255 -0.135176 -4.01938e-23)
(-0.00728742 -0.159291 0)
(-0.00351158 -0.186136 0)
(-0.00453414 -0.1021 -3.52124e-21)
(-0.00281881 -0.132142 3.21294e-21)
(-0.0441263 0.0167196 0)
(0.124828 0.0123441 -1.38807e-21)
(0.375687 0.0025508 0)
(-0.182732 0.00432347 -4.68445e-22)
(-0.15312 0.00878666 1.18157e-23)
(-0.142649 0.00537148 -2.50514e-22)
(-0.172593 0.00599821 1.30656e-22)
(-0.00425785 0.031464 5.48588e-21)
(-0.0320761 0.0259311 -1.03255e-21)
(-0.0693667 0.0123287 -2.11791e-21)
(-0.0823754 -0.0142283 0)
(-0.0825946 -0.00359466 0)
(0.000298173 0.00911763 1.72035e-21)
(-2.2945e-05 0.0229906 -6.5031e-21)
(-0.0634984 -0.00552303 0)
(0.00202326 -0.175052 -5.4429e-22)
(0.000380858 -0.134965 3.98485e-23)
(-0.00164376 -0.179632 -4.63203e-21)
(0.00125194 -0.187523 4.30828e-21)
(-0.00146794 -0.0997894 0)
(0.000229433 -0.143153 -5.35959e-22)
(0.0990919 -0.00268344 0)
(0.363312 -0.00154231 0)
(-0.166799 -0.00193055 4.27492e-22)
(-0.0927952 -0.00224103 -3.64903e-22)
(-0.148395 0.000225629 3.3149e-22)
(-0.182007 0.00674319 -5.56593e-22)
(-0.0244859 -0.00084903 0)
(0.131224 -0.186402 -5.76534e-21)
(-0.150136 -0.226962 9.8275e-21)
(-0.000619268 -0.173003 1.67242e-22)
(-0.0034286 -0.137473 0)
(0.000954987 -0.179219 3.94843e-21)
(-0.000664174 -0.186344 -2.87809e-21)
(0.000625351 -0.0970347 0)
(0.00241493 -0.148322 -1.02843e-21)
(0.0909811 -0.000121625 -3.84592e-23)
(0.357841 -0.00326453 -2.0955e-21)
(-0.189022 -0.00314946 -2.14092e-21)
(-0.101894 -0.000177924 -6.25798e-22)
(-0.151641 0.00168137 5.32874e-22)
(-0.18976 -0.00175636 0)
(0.267641 -0.0533255 -6.96174e-21)
(0.0263777 -0.16661 -6.40574e-21)
(-0.0150105 -0.173317 0)
(-0.0192393 -0.143806 0)
(0.131366 -0.00836381 -3.06327e-21)
(0.383164 -0.0157358 2.61088e-21)
(0.128938 -0.0594237 1.15832e-20)
(-0.0540536 -0.21281 0)
(-0.112195 -0.219811 9.1946e-21)
(-0.0350485 -0.250749 1.60225e-21)
(-0.147575 -0.306096 -2.59642e-21)
(-0.0665402 -0.195536 -1.80324e-23)
(-0.0153805 -0.183524 -3.8379e-21)
(0.00021081 -0.178016 1.65009e-21)
(-0.0063636 -0.180816 6.07317e-21)
(0.00117438 -0.106714 -3.64512e-21)
(0.000157345 -0.145252 2.36684e-21)
(-0.0479159 -0.013828 2.45578e-21)
(-0.169379 0.00266201 3.73796e-21)
(-0.164809 -0.00565767 -3.37347e-21)
(-0.143884 7.09723e-05 2.48791e-22)
(-0.174275 -0.000250876 0)
(-0.0616517 -0.0658551 -3.84541e-21)
(-0.147683 -0.173657 -2.63116e-21)
(-0.0446729 -0.175864 -6.38868e-21)
(-0.0270792 -0.177154 7.55009e-22)
(-0.12636 -0.0150689 0)
(-0.114875 -0.0286257 -9.97055e-22)
(-0.130298 -0.17351 -6.74511e-21)
(-0.0889187 -0.178285 8.70803e-21)
(-0.0734742 -0.131089 6.39506e-21)
(-0.0510665 -0.1403 0)
(-0.00744728 -0.143666 0)
(-0.0175685 -0.147978 -2.51028e-21)
(-0.00140215 -0.0992762 0)
(-0.00755864 -0.121876 0)
(-0.186493 0.00012225 2.82187e-21)
(-0.177038 -0.00531144 -5.44353e-21)
(-0.136607 0.00214878 -2.61904e-22)
(-0.168411 -0.00295499 -1.59655e-21)
(-0.155213 -0.0198206 5.16631e-21)
(-0.147629 -0.0742904 -4.46188e-21)
(-0.0183609 -0.117652 1.505e-21)
(-0.0341589 -0.116475 3.62302e-21)
(-0.173419 0.00442187 4.46161e-21)
(-0.155496 0.00194187 -1.78856e-22)
(-0.0429279 -0.0654248 -8.0097e-21)
(-0.0769081 -0.0786347 3.85607e-22)
(-0.109516 -0.0626818 1.41767e-21)
(-0.00735668 -0.0840876 0)
(-0.00803366 -0.094665 -2.74651e-21)
(-0.137208 -0.00455777 -2.16307e-21)
(-0.157896 0.00805673 1.53813e-21)
(-0.087952 0.0166487 1.42689e-21)
(-0.0065856 -0.0285024 0)
(-0.0340084 -0.0216168 3.56602e-21)
(-0.102337 0.0107551 1.60376e-22)
(-0.0931696 -0.00936155 0)
(0.000154883 -0.00962616 0)
(-0.00109518 -0.0231282 0)
(-0.0611991 0.0066516 -3.74766e-21)
(-0.0225737 0.00111853 2.94956e-21)
)
;

boundaryField
{
    movingWall
    {
        type            fixedValue;
        value           uniform (1 0 0);
    }
    fixedWalls
    {
        type            noSlip;
    }
    frontAndBack
    {
        type            empty;
    }
    defaultFaces
    {
        type            empty;
    }
}


// ************************************************************************* //
