/*--------------------------------*- C++ -*----------------------------------*\
  =========                 |
  \\      /  F ield         | OpenFOAM: The Open Source CFD Toolbox
   \\    /   O peration     | Website:  https://openfoam.org
    \\  /    A nd           | Version:  8
     \\/     M anipulation  |
\*---------------------------------------------------------------------------*/
FoamFile
{
    version     2.0;
    format      ascii;
    class       volScalarField;
    location    "4000";
    object      nut;
}
// * * * * * * * * * * * * * * * * * * * * * * * * * * * * * * * * * * * * * //

dimensions      [0 2 -1 0 0 0 0];

internalField   nonuniform List<scalar> 
4109
(
0.000666266
0.00066115
0.000658994
0.000666502
0.000669123
0.000677727
0.000672308
0.000677834
0.000675094
0.000656935
0.000666836
0.000678393
0.000667751
0.000671225
0.000676896
0.000677629
0.000666106
0.000673771
0.00067917
0.00067574
0.000660309
0.000678075
0.000675373
0.000678083
0.000673687
0.000668146
0.000656618
0.000672735
0.000677465
0.000681392
0.000677358
0.00067659
0.000669906
0.000671165
0.00067748
0.000682464
0.000673898
0.000667084
0.00066703
0.000669973
0.00066723
0.000662685
0.000674089
0.000681481
0.000678126
0.00148316
0.000834773
0.000677923
0.000677392
0.00066401
0.000673181
0.000677458
0.000676978
0.000672719
0.000675509
0.000660891
0.000660638
0.000678151
0.000676614
0.000669937
0.000675942
0.00196287
0.000684656
0.000680092
0.000679294
0.000741799
0.00123255
0.000678716
0.00067353
0.00066074
0.000671611
0.000678935
0.000689437
0.000677356
0.000679782
0.000673423
0.000670733
0.000667935
0.000647711
0.000675108
0.000679321
0.000679841
0.000675673
0.000668504
0.000726755
0.000741524
0.00152886
0.00193109
0.00194655
0.000684497
0.000685493
0.000680569
0.000680244
0.00068043
0.000680313
0.000942865
0.000676796
0.000663067
0.00069215
0.000686003
0.000682332
0.000686539
0.000692451
0.000684845
0.000673051
0.00067629
0.000674326
0.00066592
0.000657618
0.000678675
0.000652004
0.000680808
0.000680681
0.000677075
0.000670762
0.00210019
0.000824454
0.000992995
0.0012665
0.00196986
0.00201129
0.000668883
0.000687798
0.000689215
0.000682885
0.000682043
0.000681575
0.000676994
0.00093715
0.000657079
0.000665114
0.000692982
0.000689521
0.000694141
0.000692902
0.000681226
0.000689443
0.000676528
0.000673792
0.000672699
0.000659616
0.000677551
0.00068211
0.000681496
0.000682111
0.000678205
0.000671111
0.00175784
0.00102423
0.00194705
0.0013118
0.0020108
0.000801764
0.000690524
0.000688852
0.000683249
0.000682933
0.000682979
0.000681023
0.00066557
0.000818527
0.000635773
0.000694228
0.000690487
0.000696296
0.000694303
0.000695497
0.000696317
0.000680837
0.000679227
0.000676962
0.00067095
0.000655682
0.000680035
0.00067429
0.000683537
0.000683208
0.000678962
0.000673496
0.00118958
0.00227665
0.00121377
0.00194045
0.00199604
0.000750671
0.000685814
0.000686142
0.000684843
0.00068279
0.000684422
0.000668604
0.000860116
0.000634041
0.000688896
0.000689207
0.000697156
0.000692025
0.000697555
0.000700321
0.000691743
0.000685022
0.000679219
0.000676857
0.000673319
0.000662554
0.000682541
0.000676114
0.000684285
0.000684251
0.000681517
0.000673604
0.00116444
0.00214268
0.00198169
0.00117128
0.00202801
0.000748298
0.000685986
0.00068805
0.000685624
0.000671571
0.000858367
0.000647797
0.000689095
0.000691109
0.000692439
0.000692303
0.000695298
0.000700714
0.000698417
0.000702046
0.00068664
0.000682463
0.000679902
0.000674887
0.000659759
0.000685262
0.000672549
0.000685586
0.00068589
0.000682365
0.000683525
0.000676447
0.0010979
0.00216684
0.00120795
0.00196803
0.00201432
0.000727695
0.000688585
0.000688749
0.000679212
0.000857242
0.000655256
0.000692144
0.00069162
0.000694055
0.000695813
0.000695599
0.000695854
0.000701318
0.00070361
0.000696693
0.000693041
0.000682286
0.000678419
0.000666224
0.000683515
0.000688391
0.000674505
0.000687144
0.000685079
0.000676341
0.000685537
0.0021835
0.0010475
0.001989
0.00118719
0.00203998
0.000725486
0.000782843
0.000674348
0.000680933
0.000851149
0.000657078
0.000692622
0.000690041
0.000694584
0.000698564
0.000699208
0.00069712
0.000698764
0.000704659
0.000703081
0.000707616
0.000698337
0.000692275
0.000662495
0.000680378
0.000675024
0.000684947
0.000685321
0.000692616
0.000673973
0.000690215
0.000679519
0.000687189
0.00101659
0.00217078
0.00196067
0.00114786
0.00201504
0.000712802
0.000754227
0.000791965
0.000796536
0.000776138
0.000781047
0.000789428
0.000933754
0.000657992
0.000630108
0.000676563
0.000661394
0.000688513
0.000694437
0.000701275
0.000696714
0.000699048
0.000710218
0.000699522
0.000705478
0.000710252
0.000707384
0.000699009
0.000706458
0.000701032
0.000673306
0.000677398
0.000686296
0.000688456
0.000679285
0.000694702
0.000677233
0.000691019
0.000689164
0.000985911
0.00223349
0.00196212
0.000704654
0.000781649
0.000845627
0.000776562
0.000788894
0.000787184
0.000805403
0.000707786
0.000723057
0.000731182
0.000762507
0.000766352
0.000739405
0.000774973
0.000783626
0.00147096
0.000617695
0.000601109
0.000642124
0.000694912
0.000712885
0.00069793
0.000699944
0.000702225
0.000700739
0.000709239
0.000702444
0.000709218
0.000715881
0.00071441
0.000708488
0.000719718
0.000730565
0.000729091
0.000666378
0.000682993
0.000689834
0.000688669
0.000682667
0.000690363
0.000696156
0.000674272
0.000694434
0.000954522
0.00236979
0.000812917
0.000817778
0.000783554
0.000782797
0.000801207
0.000722358
0.000710015
0.000739573
0.00072885
0.00073474
0.000743961
0.000750938
0.00078008
0.000773021
0.000771031
0.00251427
0.00108342
0.000550396
0.000616969
0.000684841
0.000713753
0.000713381
0.000700474
0.000704156
0.000700361
0.000702779
0.00070872
0.000703469
0.000718359
0.000718383
0.000723985
0.000723503
0.000728303
0.000726314
0.000678458
0.000685221
0.000693821
0.000693994
0.000691277
0.000682441
0.00069246
0.000696406
0.000699829
0.000700012
0.000676552
0.000982147
0.000792404
0.000845205
0.000813598
0.000783767
0.000789003
0.000800714
0.000729181
0.000719264
0.000725845
0.00073684
0.000740067
0.000740451
0.000729982
0.000732529
0.000734725
0.000755152
0.000775065
0.000770398
0.000767088
0.00240637
0.00188758
0.000629083
0.000630264
0.000682899
0.000713236
0.00071153
0.000699833
0.000703763
0.000705577
0.000704536
0.000706444
0.000716621
0.000717352
0.00072241
0.000722517
0.000722847
0.000726497
0.000672548
0.000695166
0.000691415
0.000696601
0.000697503
0.000685976
0.000685736
0.000693737
0.000697295
0.000689702
0.00150581
0.0017793
0.00070375
0.000651939
0.000816201
0.0008158
0.000834058
0.000843411
0.000818474
0.000779392
0.000787528
0.000804595
0.000732342
0.000729804
0.000734656
0.00074018
0.000749291
0.000738791
0.000754095
0.000735516
0.0007412
0.000764273
0.000759209
0.000770821
0.000774489
0.00278705
0.00217927
0.0023702
0.000591718
0.000604259
0.000676027
0.000707724
0.000710786
0.000703375
0.000708562
0.00070566
0.000706809
0.000712341
0.000715506
0.000717361
0.000720665
0.000723511
0.000728441
0.000729592
0.000686518
0.000689663
0.000704267
0.000697061
0.000696096
0.000696621
0.000699745
0.000705148
0.000689766
0.000692916
0.000650528
0.000609122
0.000833277
0.000811154
0.000822821
0.000772177
0.000753121
0.000853262
0.000810039
0.000783689
0.000786126
0.000799478
0.000735317
0.000733734
0.000732548
0.000762816
0.00074474
0.000749484
0.000739535
0.000741817
0.000760119
0.000755396
0.000767055
0.000773012
0.000721584
0.00284978
0.00248791
0.0025029
0.000636201
0.000600579
0.000674867
0.000708724
0.000711171
0.000707912
0.000700743
0.000709742
0.000713253
0.000715882
0.000718168
0.000720999
0.000724378
0.000726663
0.000730681
0.000732654
0.000677461
0.000699524
0.000701347
0.00070218
0.000701214
0.000703283
0.000702603
0.000701552
0.000690968
0.000698237
0.000698537
0.000682313
0.000833755
0.000762114
0.000775929
0.000825512
0.000768338
0.000858778
0.000806156
0.000785537
0.000791953
0.000800142
0.000808147
0.000738785
0.000736162
0.000736588
0.000732746
0.000742885
0.000752132
0.000748784
0.000759373
0.000764204
0.00077204
0.000772974
0.000699701
0.00290545
0.0025804
0.00264829
0.000610362
0.000589565
0.000668027
0.000714169
0.000709998
0.000712515
0.000707618
0.000714456
0.000718744
0.000723482
0.000719201
0.000724659
0.00072971
0.000729241
0.000734192
0.000737182
0.000690588
0.0006943
0.000709379
0.000707812
0.000704253
0.000705805
0.000709921
0.000693728
0.000695727
0.000699242
0.000655394
0.00082534
0.000807001
0.000754352
0.000745641
0.000768304
0.000808853
0.000760515
0.000818821
0.00084857
0.000783231
0.000794061
0.00079613
0.000809212
0.000741998
0.000737881
0.0007391
0.000738972
0.000738732
0.00074731
0.000747499
0.000745284
0.000756144
0.000765072
0.000775426
0.00077977
0.000797024
0.00293716
0.00277236
0.002672
0.00063935
0.000581252
0.000682171
0.000715726
0.000712733
0.00070527
0.000715765
0.000719123
0.000722538
0.000720519
0.000726678
0.000731714
0.000734373
0.000735651
0.000738373
0.000685476
0.000706242
0.000708059
0.000694955
0.000708171
0.000706523
0.000708098
0.000704476
0.000699446
0.000700365
0.000650409
0.000845329
0.000821365
0.000823159
0.000792267
0.000736472
0.000737744
0.000751785
0.000773107
0.000801711
0.000773511
0.000735647
0.000829516
0.000837311
0.000849638
0.000782745
0.000796472
0.000798009
0.000798372
0.000743636
0.000740386
0.000737116
0.000738382
0.000747728
0.000753438
0.000746811
0.000783374
0.000761238
0.000761567
0.000773242
0.000721174
0.00298113
0.00287836
0.00282563
0.000682569
0.000613355
0.000593678
0.000721205
0.000712281
0.00072261
0.000718751
0.000725871
0.000726003
0.000723071
0.000732461
0.000734353
0.000735736
0.000700274
0.000704206
0.00071307
0.000697666
0.000700463
0.0007123
0.00070751
0.000709266
0.000715087
0.000700225
0.000645648
0.000694303
0.000705103
0.000824769
0.000810524
0.000811036
0.00078288
0.000733993
0.00075163
0.000771076
0.000765716
0.000792585
0.000723135
0.00072049
0.000719677
0.000711725
0.000703351
0.000833502
0.000814181
0.000830033
0.000815876
0.000786427
0.000785195
0.000787096
0.000784132
0.000745601
0.000741333
0.000743367
0.000755038
0.00075122
0.000749794
0.00074309
0.000772467
0.000772577
0.00076588
0.000769388
0.000862247
0.00308122
0.00301784
0.0026616
0.000600212
0.000588988
0.000716576
0.000668537
0.000733371
0.000721289
0.000731016
0.00073407
0.000737602
0.000699794
0.000716519
0.000699384
0.000702589
0.000708991
0.000713346
0.000710726
0.000712196
0.000647733
0.000700408
0.000704605
0.000705744
0.000704582
0.000810358
0.000803001
0.000801587
0.000773699
0.000731446
0.000758601
0.000788226
0.000758369
0.000739198
0.000722786
0.000722326
0.000714225
0.000711871
0.000701136
0.000712633
0.000819152
0.000851431
0.000813152
0.000820597
0.000772633
0.000775945
0.000779164
0.000764174
0.000744143
0.000743613
0.00075278
0.000747537
0.000753147
0.000748821
0.000747916
0.000773077
0.000774199
0.000764009
0.000600702
0.00301888
0.00303522
0.0027192
0.000584693
0.000576716
0.000739584
0.00104363
0.000729137
0.00073408
0.000737348
0.000726354
0.000701943
0.000705363
0.000719139
0.000713343
0.000717107
0.000710645
0.000668272
0.000709481
0.000715242
0.000722546
0.000798205
0.000800707
0.000795473
0.000791689
0.000765053
0.00076085
0.000779182
0.000751578
0.000743675
0.000753169
0.000736905
0.000726932
0.000734466
0.000729807
0.00072856
0.000729323
0.000780501
0.00080262
0.000785538
0.000810352
0.000764549
0.00076335
0.000772525
0.000767059
0.000786338
0.0007447
0.000759009
0.000754338
0.000753462
0.0007514
0.000747544
0.000761087
0.000763733
0.000762832
0.000652082
0.00316725
0.00311459
0.00308823
0.000521828
0.00073077
0.000623776
0.000737307
0.00073959
0.000704122
0.000706801
0.000713763
0.000716704
0.0007183
0.000715132
0.000681488
0.000709614
0.000731107
0.000706684
0.000796965
0.000794569
0.000788689
0.000778046
0.000756886
0.000774881
0.000746095
0.000767532
0.000764999
0.00075651
0.000736836
0.000740971
0.000751557
0.000743503
0.000747355
0.000811958
0.000786015
0.000803335
0.000757013
0.000755443
0.000762665
0.000778092
0.000778295
0.000754647
0.000751564
0.000747878
0.000756304
0.000753959
0.000752845
0.000541536
0.0031551
0.00451662
0.000982485
0.000747307
0.000624971
0.000742888
0.000710469
0.000723583
0.000717952
0.000724021
0.000714953
0.00068766
0.000709299
0.000711613
0.000785508
0.000782356
0.000777861
0.000770986
0.000751427
0.000740671
0.000736378
0.000731843
0.000728246
0.000711949
0.000714869
0.000724374
0.000717777
0.00072109
0.000778716
0.000794243
0.000788784
0.00075298
0.000759067
0.000774433
0.000752273
0.000774515
0.000752666
0.000748301
0.000751739
0.000750803
0.000752074
0.000756481
0.0054322
0.00515351
0.00141581
0.000765431
0.000573737
0.000718993
0.000721464
0.000716382
0.00072021
0.000692832
0.000715807
0.000728339
0.000781691
0.000784
0.000769992
0.000762461
0.000745371
0.000741587
0.000736439
0.000733801
0.000716941
0.000721389
0.000729071
0.000722717
0.0007273
0.000768414
0.000776976
0.000780054
0.000761135
0.000763823
0.000753084
0.000769158
0.000747993
0.000747102
0.000746551
0.000749367
0.00112692
0.000979332
0.00628776
0.00682824
0.00239304
0.00122808
0.000722932
0.00072001
0.000727592
0.000725508
0.0006322
0.000724663
0.0007265
0.000766124
0.000767332
0.000764501
0.000760206
0.000752361
0.000751606
0.000743994
0.000733394
0.000730727
0.000744563
0.000738681
0.000737047
0.000768885
0.000764093
0.000769744
0.000759114
0.000750434
0.000753619
0.000760968
0.000871587
0.000966712
0.00155549
0.00833575
0.0082415
0.0013578
0.00103474
0.00190875
0.00072432
0.000722461
0.000726677
0.000734779
0.000564611
0.000728245
0.000724396
0.000769564
0.000767398
0.000759356
0.000754433
0.000749872
0.000746371
0.000731887
0.00073398
0.000742773
0.000739921
0.00073696
0.000766272
0.000765846
0.000757014
0.000754798
0.000754962
0.000758225
0.000576025
0.000754692
0.000793188
0.00245536
0.00119626
0.000836352
0.00188685
0.00179722
0.000728772
0.00072508
0.000749339
0.000536796
0.000730773
0.000726192
0.000755611
0.000757067
0.000754632
0.000749543
0.000747144
0.000729115
0.000736722
0.000742527
0.000741542
0.000736524
0.000765151
0.000762563
0.000749428
0.000763755
0.000750747
0.000752235
0.000473565
0.000481774
0.000625522
0.000612668
0.000562104
0.00184244
0.000996407
0.000638737
0.00161905
0.00166801
0.000729453
0.000736941
0.000767609
0.000732447
0.000731861
0.000731429
0.000756103
0.000749956
0.000748685
0.000743728
0.000737026
0.000732884
0.000743406
0.000739525
0.000737736
0.000760135
0.000748733
0.000759779
0.00074733
0.000747851
0.000374654
0.000387178
0.000487816
0.000432021
0.0016363
0.000407121
0.00191222
0.00153349
0.000776447
0.00044735
0.00133271
0.0015239
0.000725611
0.000745331
0.000731104
0.000733567
0.000735273
0.000750784
0.000749784
0.000749188
0.000745054
0.000737948
0.000737604
0.00074393
0.000740872
0.000739946
0.000755116
0.000745843
0.000742832
0.00138571
0.00028805
0.000294395
0.000346608
0.000258384
0.00141385
0.000280805
0.00197272
0.0015988
0.00122112
0.000550764
0.000267543
0.0010301
0.00136441
0.000739032
0.000729017
0.000735004
0.000731139
0.000739999
0.000742349
0.000745421
0.000743556
0.000736332
0.000737022
0.000743284
0.000740255
0.000740379
0.00140429
0.00115318
0.000214325
0.00020431
0.000207658
0.000103097
0.00116624
0.000184122
0.00202846
0.00164693
0.00128527
0.000922188
0.000332127
0.000108735
0.000727875
0.00118285
0.00166809
0.0011409
0.000939104
0.000150939
0.000119895
8.14001e-05
7.24955e-06
0.000908324
0.000109791
0.00223973
0.00169703
0.00132349
0.000980165
0.000643988
0.000138636
8.72249e-06
0.000443102
0.000977892
0.0019843
0.00134291
0.000922153
0.000734576
9.27061e-05
4.46549e-05
4.63579e-06
0.000653069
5.76894e-05
0.00125544
0.0019472
0.00136938
0.00100912
0.000691546
0.000393028
1.45483e-05
0.000197811
0.00276938
0.00155792
0.00105634
0.000727705
0.000534636
3.76794e-05
1.52115e-06
0.000408038
3.12271e-05
0.0011332
0.000963729
0.00160769
0.00105064
0.000712229
0.000426895
0.00017818
3.37936e-05
0.00417839
0.00216864
0.00120494
0.000813265
0.000540885
0.000341862
1.08546e-06
0.000186947
0.0014174
0.000947424
0.000716647
0.00124652
0.000746526
0.000440614
0.000196618
2.72929e-05
0.00427367
0.00364304
0.00163194
0.000910923
0.000603437
0.000358465
0.000162512
2.6321e-05
0.0018398
0.00121073
0.000772538
0.000507303
0.000886761
0.000465213
0.000204861
3.21007e-05
0.00532706
0.00350861
0.00304099
0.00117571
0.000658958
0.000410195
0.000182419
2.42962e-05
0.00217772
0.00146717
0.00100063
0.000604845
0.000331433
0.000550664
0.000218687
3.50851e-05
0.00461654
0.00437162
0.00272042
0.00239713
0.00080667
0.000451698
0.000227789
3.48754e-05
0.00236272
0.00172913
0.00112092
0.000785354
0.000441665
0.000187989
0.000260366
3.95312e-05
0.00399208
0.0039398
0.00326543
0.00197053
0.00177551
0.000508094
0.000274874
6.33681e-05
0.00238552
0.00187166
0.00131697
0.000808134
0.000560848
0.000285444
7.84678e-05
5.33522e-05
0.00381826
0.00335517
0.00329896
0.00213847
0.00131193
0.0012055
0.00028465
9.61669e-05
0.00222806
0.00189038
0.00142249
0.000947959
0.000533816
0.000326997
0.00013073
1.52164e-05
0.00377105
0.00320386
0.00268479
0.00268313
0.00119614
0.000805258
0.000701882
0.000121573
0.00186881
0.00177236
0.00143747
0.001022
0.000626241
0.000301698
0.000124396
1.38443e-05
0.00392929
0.00316363
0.00256949
0.0020293
0.00210568
0.00054963
0.000455758
0.000266325
0.00142729
0.00149031
0.00135219
0.00103346
0.000674088
0.000354723
0.000117245
9.38827e-06
0.00437766
0.0032762
0.00253581
0.00195157
0.00141718
0.00149696
0.000197788
0.000232882
0.00109241
0.00121613
0.00113908
0.000975079
0.000682229
0.000381309
0.000139625
9.39428e-06
0.0052774
0.00364306
0.00261086
0.00192502
0.00137197
0.00087468
0.000719196
5.08962e-05
0.00125138
0.000913503
0.00100257
0.000821978
0.000645289
0.00038636
0.000150523
1.31708e-05
0.00434491
0.00457094
0.00290416
0.00196927
0.00135232
0.000852289
0.000429121
0.000148425
0.00220868
0.000961925
0.000746214
0.000784769
0.000543507
0.000366316
0.000152847
1.51733e-05
0.00424333
0.00363967
0.00381591
0.00217007
0.00137392
0.000838657
0.000418709
0.000124575
0.00202471
0.00191168
0.000713168
0.000585208
0.000558057
0.000307639
0.000144953
1.56539e-05
0.00261997
0.00368731
0.00291102
0.00305479
0.0014841
0.000846769
0.000410375
0.000120098
0.00194532
0.00168954
0.00157265
0.000503682
0.000427456
0.000324365
0.000120222
1.42486e-05
0.00189694
0.00202256
0.00306123
0.00221357
0.00232158
0.000885531
0.000411179
0.000115767
0.00187627
0.00161789
0.00135867
0.00121491
0.000328703
0.000275832
0.000123398
1.00552e-05
0.00165666
0.00148239
0.00151863
0.00243023
0.00158053
0.00163563
0.000421867
0.000113393
0.00181157
0.0015627
0.00129533
0.00103903
0.000861641
0.000186336
0.000125342
9.3895e-06
0.00141874
0.00132874
0.00113605
0.00109763
0.00181044
0.00101893
0.00094621
0.000126505
0.00191332
0.0018686
0.0015015
0.00125168
0.000984499
0.000736123
0.000533215
7.71233e-05
1.25969e-05
0.00139202
0.0011582
0.00105002
0.000841182
0.000746889
0.00123773
0.000558242
0.000237041
0.00137003
0.00179339
0.00159705
0.00119074
0.000951601
0.000692453
0.000457081
0.000249943
1.39646e-05
0.00161556
0.00115777
0.000937495
0.000820504
0.000598864
0.00043768
0.000659645
0.000213959
0.000565732
0.00120787
0.0011936
0.00165776
0.00131049
0.000896216
0.000669369
0.000426048
0.000213234
4.94522e-05
0.00140796
0.000942368
0.000736611
0.00061623
0.000407381
0.000219557
0.00014369
0.000408114
0.000501381
0.00116316
0.00101654
0.000985548
0.0015088
0.00100968
0.000624286
0.000411448
0.000196411
3.72674e-05
0.000630443
0.000940816
0.0011692
0.000736973
0.000546028
0.000424905
0.000248702
8.27706e-05
0.000279911
0.000399576
0.000994828
0.000819459
0.000762996
0.00134489
0.000710769
0.000380249
0.000188121
3.21261e-05
0.000523462
0.000815846
0.000914582
0.000536592
0.000361805
0.000235155
8.95054e-05
0.000183375
0.000308765
0.00081424
0.000623512
0.000537591
0.0011607
0.00043046
0.000171685
2.93633e-05
0.000419
0.000677279
0.000659859
0.000343243
0.000183988
6.41721e-05
0.000109723
0.000231059
0.000627635
0.000434802
0.000321846
0.000953844
0.000189851
2.53501e-05
0.000317755
0.000528757
0.000413393
0.000163435
3.58546e-05
5.94111e-05
0.000163904
0.000441729
0.000258553
0.000132436
3.08821e-05
0.000220571
0.000376408
0.000190175
2.46949e-05
3.22339e-05
0.000101571
0.000263613
0.000103706
1.3016e-05
0.000130302
0.000226753
2.73577e-05
4.18979e-05
0.000105304
7.69253e-06
4.96136e-05
9.05145e-05
1.35894e-06
7.52848e-06
1.96844e-06
5.85676e-06
0.000739589
0.000739075
0.000740654
0.000740892
0.00074176
0.000740951
0.000741173
0.000742213
0.000740031
0.000738886
0.000740177
0.000740622
0.000741485
0.000741408
0.000742118
0.000744856
0.000758753
0.000764187
0.000768425
0.000778233
0.000781941
0.00074401
0.000747462
0.000741862
0.000743739
0.000742495
0.000740702
0.000742165
0.000743589
0.000741022
0.000794458
0.000798713
0.000740017
0.000740078
0.00074097
0.000741172
0.000742297
0.000742084
0.000745552
0.000748091
0.000751253
0.000753305
0.000756712
0.000764545
0.000772521
0.000775364
0.000789835
0.000794099
0.000819082
0.00082088
0.000750109
0.000753169
0.000755794
0.000759567
0.000764043
0.000771596
0.000780778
0.000743743
0.000747902
0.00074166
0.000742633
0.000742632
0.000740882
0.000743438
0.000744629
0.00074238
0.000778185
0.00078616
0.00084028
0.000849116
0.000808737
0.00080878
0.000833451
0.000739871
0.000740621
0.000741239
0.000742456
0.000743885
0.000745473
0.000749464
0.00075104
0.000757995
0.000760025
0.000764906
0.00077068
0.000786106
0.000789787
0.000807607
0.000809438
0.000831251
0.000834659
0.000860336
0.000869718
0.000906523
0.000900087
0.000922792
0.000747038
0.00075197
0.000753493
0.000758206
0.000763769
0.000743759
0.000746851
0.00074163
0.000741951
0.000743581
0.000741547
0.000744497
0.000744468
0.000744747
0.000763709
0.000779978
0.000780911
0.000803422
0.000811487
0.000905995
0.000853361
0.000892634
0.000835695
0.000850556
0.000742888
0.000743162
0.000745438
0.000746175
0.000750104
0.000750675
0.000757452
0.000756221
0.000766099
0.000762565
0.00077586
0.000779541
0.000814043
0.000809981
0.000833936
0.000836304
0.000857615
0.000866201
0.000886217
0.000897705
0.000951377
0.000952493
0.00100005
0.00101906
0.000982656
0.00102533
0.00103189
0.00122752
0.000746522
0.000751763
0.000753086
0.000756979
0.00074594
0.000745379
0.000743832
0.000746526
0.000742154
0.000741971
0.000744434
0.000743745
0.000742
0.000746274
0.000745148
0.00076091
0.000772129
0.000780777
0.00152354
0.00134673
0.00149644
0.00080065
0.000803216
0.000830838
0.000844715
0.00090674
0.000919124
0.00106788
0.000972627
0.000861549
0.000909979
0.000750604
0.0007481
0.000754183
0.000750776
0.000759239
0.000754845
0.0007649
0.000761818
0.000766626
0.00077167
0.00078062
0.000783835
0.000793912
0.000819436
0.000846497
0.000822712
0.000850189
0.000970601
0.000970962
0.000964524
0.00103052
0.00202927
0.00209557
0.0017545
0.00117996
0.00118041
0.00129891
0.00124899
0.00125147
0.00137808
0.00138916
0.00186935
0.00156574
0.00355229
0.00332332
0.00339982
0.0021069
0.00299669
0.00280601
0.00246343
0.00212372
0.000746579
0.000750831
0.000750464
0.000755455
0.000744146
0.000743568
0.00074395
0.000745655
0.000742594
0.000742563
0.000742171
0.000746426
0.00074544
0.00074428
0.000743667
0.000760321
0.000774146
0.000803188
0.000781967
0.000798276
0.00366326
0.0036749
0.00284311
0.0027241
0.0021447
0.0011187
0.0013681
0.00156074
0.00192284
0.000837636
0.000839094
0.000847903
0.000847715
0.000891069
0.000903874
0.000986988
0.000977989
0.0010593
0.00363318
0.00342522
0.00126165
0.00328264
0.00288498
0.0026367
0.00148425
0.00179079
0.00189233
0.00263111
0.000780216
0.000767067
0.000783463
0.000769705
0.000785917
0.000774535
0.000789446
0.000789613
0.00079867
0.000796259
0.000810733
0.000811229
0.000850487
0.000876523
0.000929921
0.000902516
0.00112426
0.00133426
0.00110317
0.00174069
0.00142792
0.00132899
0.00163093
0.00146298
0.0014393
0.00252835
0.00305375
0.0035034
0.00304533
0.00267834
0.00227939
0.00180873
0.0016745
0.00184305
0.00201155
0.00259821
0.00190392
0.00203983
0.00348476
0.00355014
0.00361272
0.00369946
0.00357
0.00340343
0.00329255
0.00330263
0.00138591
0.00136693
0.00284762
0.00297166
0.0015339
0.00160469
0.00191217
0.00254646
0.00207327
0.00240979
0.000746575
0.000749732
0.000749105
0.000758567
0.000743209
0.000742991
0.000742975
0.000743889
0.000745188
0.000746443
0.000745196
0.000744522
0.000743515
0.000743389
0.000743107
0.000758567
0.00077451
0.000775743
0.000795224
0.000799012
0.000827661
0.000794029
0.00349719
0.00374805
0.00338341
0.00371052
0.0036511
0.00274282
0.00332355
0.00262624
0.00214903
0.000838783
0.00191951
0.00117737
0.00174266
0.00137103
0.000883811
0.000873963
0.000899913
0.000887804
0.000922099
0.000909203
0.00103561
0.00101879
0.00117512
0.00369731
0.00339345
0.00375759
0.00113377
0.00120566
0.000952403
0.00323902
0.00280126
0.00265934
0.00180217
0.00114214
0.00157862
0.000621565
0.000829734
0.00386195
0.00129144
0.000686461
0.000845502
0.000779057
0.000878204
0.00086416
0.000903438
0.000940565
0.000879559
0.000871205
0.000944489
0.000950971
0.00115145
0.00122173
0.0016588
0.00132513
0.00174579
0.00135832
0.00132085
0.00176834
0.00148416
0.00160826
0.00186915
0.00223699
0.00184457
0.00156229
0.00203105
0.00181029
0.00215292
0.00203311
0.00274172
0.00314777
0.00354055
0.00335286
0.00294904
0.00246943
0.0024785
0.00227132
0.00280556
0.00231869
0.00251951
0.00360707
0.00349861
0.00368512
0.00355565
0.00362701
0.00333159
0.00339055
0.00287821
0.00312554
0.00303487
0.00146097
0.00162586
0.00247866
0.00263933
0.00227158
0.00215563
0.00196177
0.000757608
0.000746429
0.000748849
0.000748623
0.000743112
0.000743739
0.000744832
0.000759356
0.000745966
0.000744884
0.000744502
0.000743738
0.000743854
0.000743356
0.000743827
0.000743909
0.000746839
0.00074511
0.000744487
0.000748486
0.000748047
0.000750369
0.000772567
0.000773769
0.000776598
0.000785697
0.000842537
0.000813887
0.000816043
0.000796041
0.00381278
0.00380593
0.00353957
0.00244485
0.00335122
0.00284322
0.000871731
0.000912462
0.000936913
0.00241396
0.00142052
0.00226826
0.00154757
0.000936273
0.000924101
0.00100383
0.000987784
0.00116069
0.00117346
0.00134127
0.003767
0.00378168
0.00357369
0.00387834
0.00392568
0.00339521
0.000839982
0.000904523
0.000674483
0.00293971
0.00271254
0.00207878
0.00150879
0.000864533
0.00908572
0.00821659
0.00217131
0.000903915
0.00742656
0.00528214
0.00139165
0.000908731
0.00114812
0.000911744
0.00107614
0.000993837
0.00112768
0.00126949
0.00124412
0.00176834
0.00180466
0.0015065
0.00223761
0.00173164
0.00194992
0.00250727
0.00247232
0.00270207
0.00222172
0.00239248
0.00258364
0.00287091
0.00222876
0.00242761
0.00264765
0.002347
0.00273346
0.00243595
0.00348772
0.00319315
0.00339263
0.00330589
0.00307407
0.00305391
0.00318717
0.00305991
0.0029773
0.00365257
0.00349421
0.00341744
0.00352631
0.00349063
0.00302797
0.00328105
0.00257294
0.00277318
0.00215363
0.00228742
0.000756057
0.000753081
0.000749742
0.00075693
0.000744113
0.000746011
0.000747561
0.000755094
0.000761015
0.000745233
0.000744222
0.000744296
0.000743614
0.000744
0.000743628
0.000744638
0.000744797
0.000748055
0.000742029
0.000747125
0.00074847
0.000751021
0.000752569
0.000770297
0.000774808
0.000785593
0.000794385
0.000860378
0.000839245
0.000834634
0.000817948
0.00317627
0.00330756
0.00384317
0.000924596
0.00094691
0.000938602
0.00104488
0.000982687
0.0023338
0.00297704
0.00164959
0.00209582
0.00138933
0.00128588
0.00170667
0.00167554
0.00149938
0.00370198
0.0039165
0.0039409
0.0037424
0.00374658
0.00351682
0.0030301
0.00276381
0.000616013
0.00070441
0.00239333
0.00188316
0.00145909
0.000787939
0.00915309
0.0103064
0.00382663
0.00830525
0.010175
0.0098433
0.00550991
0.00340448
0.00942722
0.00895603
0.00456721
0.00252722
0.00352406
0.00204371
0.00293898
0.00185606
0.00251777
0.00252368
0.00203758
0.00300081
0.00263582
0.00261713
0.00252053
0.00265125
0.00315525
0.00306963
0.003116
0.00334528
0.00306573
0.00279523
0.00324024
0.00342038
0.00288915
0.00317183
0.00338497
0.00308299
0.00338544
0.00361064
0.00345819
0.00359903
0.00346825
0.00357057
0.00344452
0.0034507
0.00347568
0.0035506
0.00354204
0.00315443
0.00337499
0.00269566
0.00284748
0.00216576
0.0023281
0.000759238
0.00075684
0.000756165
0.000753957
0.000749332
0.000750119
0.000753879
0.000759932
0.000764743
0.000746979
0.000741818
0.000746829
0.000742309
0.000748229
0.000744797
0.000750461
0.000746287
0.000747635
0.00074919
0.000750655
0.000752758
0.000754043
0.000775659
0.000777484
0.000785353
0.000813852
0.000802697
0.000780731
0.000912348
0.000872719
0.000876303
0.000845919
0.000952963
0.00382927
0.00337765
0.000977069
0.000937389
0.00119394
0.0011587
0.00177486
0.00218041
0.00223149
0.00211116
0.00305064
0.00257583
0.00227235
0.00251426
0.00234954
0.00394774
0.0041421
0.00377651
0.00396559
0.00323691
0.00293334
0.00237421
0.00219107
0.00188978
0.00179598
0.000608937
0.00134856
0.00767554
0.00987858
0.00229544
0.00576112
0.00966998
0.0106804
0.00857535
0.00738795
0.0107101
0.0102592
0.00694964
0.00582218
0.00571928
0.00380087
0.00439574
0.0035155
0.00316383
0.00331423
0.00416087
0.00345068
0.00393292
0.00334503
0.00360737
0.00363619
0.0038815
0.00378648
0.0037578
0.00362571
0.00356769
0.00335318
0.00366531
0.00381444
0.0034529
0.00361711
0.00372669
0.00359438
0.00370661
0.00358722
0.00354864
0.00355173
0.00364218
0.00363194
0.0036192
0.00326303
0.00342268
0.00276588
0.00293831
0.00222352
0.00239962
0.000788327
0.000665481
0.000759282
0.000760242
0.000759201
0.00075762
0.000756804
0.000754807
0.000755983
0.000758366
0.0007636
0.000763921
0.000780371
0.000747284
0.00074668
0.000748047
0.000748549
0.000751141
0.000749147
0.000750007
0.00075179
0.000753115
0.000754002
0.000755744
0.000775855
0.00079967
0.000802823
0.000848919
0.000792963
0.000799988
0.000951481
0.000896128
0.000904886
0.00085018
0.0010109
0.00115553
0.000901402
0.00389717
0.00373792
0.00192015
0.00161224
0.00242912
0.00319076
0.00318541
0.00282759
0.00299589
0.00342673
0.00363528
0.00305378
0.00384558
0.00446749
0.00305122
0.00354328
0.00254856
0.00224971
0.00181576
0.00166871
0.000597348
0.000906718
0.00597515
0.00920829
0.00156146
0.00343609
0.00873007
0.0103383
0.00975927
0.00878877
0.00961969
0.0102195
0.00720614
0.00850408
0.00785555
0.00651283
0.00567743
0.00561724
0.00492383
0.00393722
0.0040951
0.00509687
0.00443027
0.00397717
0.00418674
0.00376612
0.00384003
0.00411622
0.00397351
0.00382406
0.0039082
0.0036428
0.00367319
0.00378718
0.00360507
0.00375744
0.00362121
0.00367986
0.00352105
0.00356978
0.00352822
0.00344916
0.00330555
0.00350133
0.00342407
0.00287512
0.00304824
0.0022966
0.00250646
0.000760883
0.000779608
0.0008073
0.000700081
0.000758863
0.000756995
0.000757587
0.000758819
0.000758646
0.00075848
0.000757319
0.000758373
0.000755017
0.000757556
0.000772598
0.000764386
0.000758898
0.000760957
0.000750695
0.000751922
0.000752921
0.000753147
0.000754
0.000755655
0.000756859
0.000757971
0.000758122
0.000779555
0.00079411
0.00081382
0.000839087
0.000849012
0.000822407
0.000947508
0.0010342
0.000887487
0.000955069
0.0010993
0.00130086
0.00128593
0.00144759
0.00180941
0.00377819
0.00404693
0.00481945
0.0029626
0.00409654
0.00377162
0.00400223
0.00430312
0.00425319
0.00466583
0.00351581
0.00399342
0.00285442
0.00241665
0.00197014
0.00171089
0.000657889
0.000720121
0.00447825
0.00770178
0.00114166
0.00231199
0.00720611
0.00889894
0.00990149
0.00941034
0.00848262
0.00940303
0.00774623
0.00822371
0.00928287
0.00869505
0.00570103
0.0072937
0.0067248
0.00648562
0.00596867
0.00445036
0.00476876
0.00534323
0.00509965
0.00431862
0.00447826
0.004227
0.00352813
0.00369975
0.00373101
0.00386937
0.00397299
0.00312548
0.00303752
0.00333898
0.00355134
0.00355345
0.00316181
0.00328586
0.00333906
0.00332536
0.00309959
0.00318289
0.00294054
0.00312376
0.00308202
0.00237868
0.00257569
0.00074524
0.000756066
0.000764824
0.000787668
0.000809524
0.000720466
0.000756972
0.00075532
0.000756724
0.000757826
0.000760087
0.000759753
0.000761021
0.00075839
0.000749879
0.00075363
0.000753326
0.000756415
0.000746195
0.000747145
0.000743668
0.000743833
0.00078304
0.000764663
0.000757829
0.000762901
0.000756992
0.000762181
0.000761767
0.000759755
0.000759948
0.000759781
0.000766041
0.000764361
0.000767314
0.000797378
0.000824325
0.000805302
0.000840547
0.000881423
0.000875267
0.000907633
0.00102696
0.00109953
0.000959877
0.00102376
0.00122415
0.00138693
0.00271619
0.00309615
0.00222476
0.00346776
0.00398696
0.00438228
0.00392317
0.00470414
0.00485185
0.00564737
0.00511748
0.00453137
0.00534094
0.00340483
0.00280582
0.0023287
0.00197111
0.000726284
0.000704395
0.00337544
0.00549593
0.000937831
0.00182683
0.00554389
0.00801484
0.00915809
0.00937128
0.00762942
0.00854394
0.00803547
0.00862117
0.00913577
0.00889799
0.00576373
0.0062196
0.00796421
0.00671168
0.00747367
0.00707706
0.00550456
0.00481869
0.00496362
0.00443334
0.00478545
0.00398788
0.00440199
0.00304044
0.00341167
0.00346671
0.0037392
0.00273734
0.00232277
0.00238603
0.00232639
0.00268474
0.00301899
0.003032
0.0025685
0.00265076
0.00264628
0.00255653
0.00231867
0.00271588
0.00075221
0.000737666
0.000745593
0.000748942
0.000760236
0.000772208
0.000791341
0.000815502
0.000735649
0.000737838
0.000734016
0.000737107
0.000733585
0.000735704
0.000742136
0.000740937
0.000741272
0.000740167
0.000741513
0.000739682
0.000742306
0.00073951
0.000735661
0.000736597
0.000739097
0.000737461
0.000741
0.000738414
0.000739104
0.000756259
0.000754543
0.000756584
0.000757625
0.000762018
0.000764016
0.000758674
0.00074902
0.000753138
0.00075308
0.000755969
0.000745693
0.000748171
0.000743081
0.000744615
0.000767718
0.000769271
0.000777335
0.000768144
0.000769226
0.000770927
0.000770224
0.000768925
0.000772012
0.000775464
0.000773902
0.000775996
0.000771835
0.000783833
0.000810478
0.000792051
0.000854328
0.000827712
0.000877525
0.000929404
0.000920727
0.000974159
0.00115755
0.00128366
0.00105029
0.00118287
0.00170043
0.00266595
0.00551326
0.0050905
0.00484175
0.00450618
0.00500286
0.00534157
0.00572394
0.00361497
0.00435655
0.0055075
0.00439632
0.00540224
0.00298968
0.00243335
0.000823437
0.000702131
0.00462359
0.00259442
0.00350292
0.000843458
0.00146175
0.00611757
0.00714435
0.00822701
0.00868512
0.00662329
0.00740601
0.00618805
0.00859579
0.00839516
0.00870183
0.0059359
0.00660798
0.00818684
0.00767107
0.00695355
0.00746081
0.0056397
0.00512507
0.00463787
0.00506685
0.00398287
0.00440997
0.00290572
0.0037142
0.00329852
0.00290719
0.00220971
0.00250884
0.0018694
0.0017899
0.00214459
0.00212219
0.00172092
0.00167526
0.00162716
0.000804063
0.000796523
0.000821853
0.000740605
0.000749481
0.000755928
0.000767531
0.000780839
0.000738943
0.000742878
0.000736899
0.00073886
0.00073401
0.00073765
0.000740787
0.000741769
0.000738093
0.000740272
0.000735278
0.000739188
0.000731717
0.000738005
0.000732232
0.000736354
0.000731045
0.000735969
0.000735917
0.000756696
0.000755259
0.00075773
0.000759719
0.000761673
0.000749216
0.000753263
0.000753575
0.000754909
0.000745956
0.000748962
0.000744102
0.000745751
0.000762868
0.000771975
0.000767568
0.000785575
0.00078166
0.000783222
0.000786987
0.000784231
0.000789788
0.000793635
0.000783925
0.000786284
0.000781858
0.000825659
0.000805126
0.000806391
0.000885771
0.000849242
0.000924813
0.00100306
0.000988211
0.00109466
0.00110457
0.00208194
0.00118889
0.00137296
0.00344349
0.00480446
0.00586423
0.00581806
0.00644214
0.0063861
0.00709121
0.00658928
0.00579089
0.00561178
0.00506889
0.00315426
0.00413513
0.00087698
0.000871488
0.000841065
0.00327897
0.00447942
0.00192697
0.00298129
0.00120545
0.00495704
0.00558134
0.00749406
0.0081594
0.00491502
0.00696914
0.00543401
0.00605783
0.00645738
0.00598128
0.00808767
0.00798363
0.00612286
0.00668825
0.00780316
0.0075568
0.0068991
0.00729098
0.00594527
0.00541535
0.00470983
0.00522349
0.00406133
0.00460183
0.00337728
0.0039379
0.00276942
0.00333406
0.00197307
0.00252121
0.00137659
0.00155999
0.00140038
0.000749964
0.000812157
0.000852271
0.000775671
0.00079205
0.000746617
0.000757208
0.000765109
0.000745083
0.000748809
0.000743678
0.000743796
0.000741157
0.000742714
0.000742747
0.000743628
0.000742606
0.000742434
0.000742328
0.000742241
0.000741799
0.000742728
0.000740945
0.00074202
0.000743112
0.000757932
0.000758003
0.000761114
0.000761906
0.000750049
0.000754221
0.00075508
0.000757299
0.000747492
0.000750643
0.000745326
0.000748839
0.000770772
0.000770769
0.000787414
0.000779221
0.000811579
0.000802833
0.000817781
0.000811427
0.000799245
0.000805671
0.000817268
0.000811417
0.000795655
0.000820735
0.000802806
0.000804366
0.000866273
0.000862997
0.000949702
0.000929801
0.00105468
0.0010711
0.00123167
0.00118009
0.00161071
0.00261678
0.00139259
0.0017778
0.00513134
0.00633474
0.00745048
0.00625325
0.0058363
0.00699897
0.00698846
0.00641097
0.00519211
0.00484775
0.00154621
0.000856169
0.000894106
0.000844056
0.00109368
0.00111241
0.0038084
0.00256386
0.0028661
0.00453108
0.00400692
0.00748318
0.00702739
0.00449064
0.0050232
0.00655001
0.00616594
0.00511369
0.00548829
0.0053791
0.00576778
0.00753233
0.00732134
0.00629101
0.00668874
0.00730832
0.00720177
0.00689409
0.00513352
0.00600686
0.0055181
0.00454491
0.00513228
0.00370206
0.0043494
0.00281048
0.00334917
0.00179383
0.0023193
0.000793173
0.000805064
0.000755159
0.000766732
0.000779036
0.000747017
0.000759066
0.000745944
0.000750276
0.000744578
0.00074512
0.000743016
0.000746863
0.000741834
0.000745342
0.000741994
0.000745133
0.000742249
0.000745018
0.000744713
0.000765996
0.000760093
0.000763574
0.000767662
0.000754232
0.000756149
0.000760682
0.000758001
0.000752039
0.000754446
0.00075072
0.000752756
0.000788746
0.000784724
0.000785748
0.000804101
0.000791941
0.000837714
0.000835845
0.000831601
0.000846391
0.000870308
0.000859839
0.000863996
0.000845702
0.000845417
0.000827888
0.000815525
0.000858225
0.000845223
0.000875898
0.000954676
0.000938606
0.00125779
0.00122118
0.00107778
0.00113085
0.00161141
0.00152502
0.00380349
0.00507371
0.00368109
0.00646438
0.00725063
0.00715272
0.00691524
0.00640853
0.00607583
0.00514027
2.50943e-05
0.00265431
0.000816578
0.00149316
0.00207017
0.000858823
0.000867486
0.000927494
0.000950903
0.00111009
0.00112895
0.00367397
0.00346481
0.00436203
0.00406189
0.00685731
0.00647493
0.00443734
0.00472474
0.00598635
0.00564402
0.00464805
0.00501899
0.00513561
0.00698127
0.0066748
0.00624314
0.00666305
0.00673886
0.00660992
0.00555439
0.00599685
0.00457479
0.00519058
0.00344737
0.00396265
0.0023213
0.00282979
0.000798341
0.000763929
0.000781062
0.000790073
0.000786943
0.000755278
0.000765546
0.000749776
0.000758111
0.00074999
0.000753187
0.000748424
0.000750829
0.00074944
0.000748721
0.000749294
0.000749036
0.000748951
0.000755368
0.000767602
0.000764112
0.000781562
0.000763241
0.000759981
0.000759222
0.000783268
0.000761663
0.000760641
0.000762023
0.000789406
0.000787142
0.000799047
0.000812397
0.000812023
0.000837858
0.000831001
0.000876597
0.000884116
0.000895204
0.000893989
0.000959281
0.000927437
0.000928228
0.000883444
0.000878762
0.00091422
0.000906716
0.000952748
0.000956712
0.00112376
0.00106529
0.00155846
0.00138036
0.0014552
0.00139007
0.00653313
0.00401125
0.00647856
0.00603546
0.00605257
0.00647277
0.00584918
0.00602373
0.00324695
0.00249899
0.00314183
0.000856206
0.000824702
0.00145128
0.00184269
0.00091278
0.000939215
0.00103553
0.00106814
0.00119734
0.00402931
0.00383557
0.0041945
0.00404275
0.0061181
0.00573219
0.00409197
0.00433941
0.00425239
0.00469448
0.00505077
0.00626414
0.00594642
0.00601073
0.0060818
0.00623117
0.0051284
0.00559106
0.00388178
0.00436977
0.00271328
0.00315978
0.000810936
0.000830789
0.000773393
0.000778839
0.000797758
0.000814582
0.000764131
0.000770612
0.000757264
0.000764562
0.000753652
0.000760546
0.000758701
0.000756308
0.000757679
0.000760495
0.000759708
0.000795712
0.000767069
0.000767308
0.000769441
0.000769885
0.000786602
0.000766722
0.000793957
0.000787928
0.000772338
0.000768048
0.000819136
0.000814239
0.000843046
0.000829388
0.000868774
0.000856983
0.000915249
0.000902717
0.000952334
0.000989876
0.00109504
0.00101865
0.00101374
0.000968801
0.000961724
0.00098855
0.000990976
0.00105517
0.00111871
0.00108005
0.0014641
0.00127778
0.00571966
0.00257441
0.00307229
0.00239236
0.00602132
0.00570016
0.00558869
0.00583569
0.00527476
0.00497885
0.00361599
0.00296903
0.00351421
0.00238661
0.00285334
0.000892797
0.000848192
0.00147959
0.00183531
0.00100177
0.00104426
0.0012469
0.00395772
0.00391132
0.0038973
0.00387845
0.00456967
0.00485342
0.00541898
0.00372473
0.00387178
0.00367674
0.00398282
0.00369497
0.00567494
0.00533004
0.00521606
0.00532217
0.00407024
0.00440525
0.00296065
0.00330008
0.000829681
0.000863715
0.000783163
0.00079392
0.000816536
0.000824503
0.000776868
0.000782432
0.000766569
0.00077075
0.000774316
0.000776499
0.000773995
0.000769021
0.000774309
0.000814987
0.000812563
0.000776425
0.000773821
0.000781815
0.000781355
0.000797496
0.000806491
0.000788671
0.000801894
0.000793442
0.000871608
0.000867056
0.000854296
0.000905442
0.000883027
0.000953624
0.000980442
0.000981275
0.00103528
0.00102245
0.00140511
0.00114727
0.00110537
0.00115677
0.00111263
0.00109498
0.00128071
0.00122972
0.0013251
0.00121172
0.00159197
0.00378872
0.00381724
0.00574621
0.00492432
0.00535268
0.00542399
0.00548719
0.00458559
0.00474905
0.00349529
0.00373292
0.00389926
0.00287857
0.00339724
0.00221161
0.00278294
0.000918902
0.000974985
0.00136589
0.00180996
0.00112196
0.00116417
0.00381467
0.0038822
0.00378158
0.00352066
0.00364476
0.00446127
0.00392144
0.00479004
0.00307903
0.00319795
0.00321489
0.00284652
0.00340838
0.00467569
0.00452437
0.00393401
0.00403259
0.00298221
0.00319726
0.000868952
0.000921507
0.000796769
0.000813295
0.000843834
0.000867902
0.000786316
0.000788325
0.000799469
0.000795437
0.00078569
0.0007891
0.000787283
0.000847165
0.000823911
0.000811314
0.000806074
0.000797369
0.000819156
0.000822786
0.000813164
0.000830272
0.000817053
0.000945228
0.000931002
0.000923074
0.000885829
0.00104817
0.00108727
0.00105636
0.00109152
0.00114794
0.00111632
0.00130151
0.00123315
0.00239147
0.00141712
0.00148204
0.00157274
0.00177791
0.00175326
0.0019449
0.00508572
0.00376034
0.00587165
0.00601103
0.00543657
0.00551151
0.00447193
0.00473325
0.00355554
0.00376145
0.00385269
0.00293413
0.0033285
0.00213573
0.00278895
0.00108575
0.00104987
0.00157118
0.00130517
0.00170707
0.00380269
0.00349618
0.00362812
0.00361362
0.00378909
0.00372462
0.00292264
0.00319159
0.00344365
0.00389752
0.00247362
0.00253844
0.00243269
0.00287457
0.00351737
0.00348307
0.00276994
0.00288457
0.00106864
0.000905005
0.000959787
0.000827135
0.000846286
0.000865287
0.000912513
0.000824344
0.000812031
0.000842806
0.000826826
0.000827402
0.000857792
0.000846436
0.00088222
0.000863144
0.000844687
0.000838158
0.000859471
0.000864169
0.000865255
0.000869572
0.00105393
0.00100338
0.000995803
0.000947335
0.00141126
0.00147371
0.00134652
0.00130824
0.00124186
0.00179302
0.00203224
0.00307812
0.00527204
0.00576394
0.00498482
0.00372174
0.00515487
0.00550783
0.00604892
0.00595527
0.00584627
0.00542022
0.00582174
0.00449785
0.004805
0.00356796
0.00374029
0.00213062
0.00287289
0.00278155
0.00332446
0.00128049
0.00136939
0.0014811
0.0017057
0.00374629
0.00370027
0.00373657
0.00310058
0.00334423
0.00352416
0.00351172
0.00323374
0.00225475
0.00254777
0.00265457
0.00292679
0.00187748
0.00206682
0.00202499
0.00235154
0.00235674
0.00121965
0.00129151
0.000982025
0.0012032
0.000896488
0.000895439
0.000977438
0.000890208
0.00087072
0.000871159
0.000908625
0.000814996
0.000961118
0.000914447
0.00089993
0.000925686
0.000955118
0.000930467
0.000935732
0.000907969
0.000921979
0.00114563
0.00113016
0.00104174
0.00104764
0.00243623
0.0032986
0.00252437
0.00347773
0.0028686
0.00396463
0.00260461
0.00463397
0.00474551
0.00607567
0.00743815
0.0060846
0.00600559
0.00658124
0.00668644
0.00759602
0.00565381
0.00588268
0.00456952
0.00494772
0.00344595
0.00364204
0.00236814
0.00277722
0.00312359
0.0033126
0.00143944
0.0016626
0.00198338
0.00217803
0.0037584
0.00364171
0.00353041
0.00325721
0.00325558
0.00246696
0.00292716
0.00294551
0.00170781
0.00202217
0.00136592
0.00159337
0.00182647
0.00159849
0.000872292
0.00142704
0.00153328
0.00107577
0.00107441
0.00134303
0.000948677
0.000926014
0.000913067
0.00111015
0.00120797
0.00119965
0.00121805
0.00122579
0.000973536
0.000939437
0.0010275
0.00100109
0.000952764
0.00303753
0.00170556
0.00202118
0.00152167
0.00294358
0.00515455
0.00545862
0.00446106
0.00534603
0.00393196
0.00475794
0.00348047
0.00421395
0.00638619
0.00623758
0.00690447
0.00691585
0.00601176
0.00664366
0.00661779
0.0050569
0.00552947
0.00366176
0.00366395
0.00313559
0.00295298
0.00339981
0.00196093
0.00233895
0.00290489
0.0037055
0.00361935
0.00349744
0.00322256
0.00303335
0.00251817
0.00250888
0.00205102
0.00159823
0.00133319
0.00251192
0.00179136
0.00214664
0.0014634
0.00152415
0.00144497
0.00153015
0.00173582
0.00152312
0.00174322
0.00137866
0.00142414
0.00146164
0.00137499
0.00156055
0.00154437
0.00178277
0.0018541
0.00234598
0.00361972
0.00269195
0.00291638
0.00295554
0.0036891
0.00442729
0.00474486
0.00622802
0.00582095
0.00579524
0.0055204
0.00565136
0.00508684
0.00554282
0.00632327
0.00611492
0.00579543
0.00612966
0.00594452
0.00348015
0.00361472
0.00293892
0.00318448
0.0033292
0.00369461
0.00358636
0.00346027
0.00323157
0.00305975
0.0026867
0.00225365
0.00164481
0.00281094
0.00326576
0.00219763
0.0026091
0.00168897
0.00171368
0.00184618
0.00223669
0.00203038
0.00165917
0.00193956
0.00173746
0.00224459
0.00208336
0.00214257
0.00281335
0.0028287
0.00273173
0.00390736
0.00357128
0.00360851
0.00360556
0.00482714
0.0048709
0.00500804
0.00547469
0.00571653
0.00573102
0.00551839
0.0055113
0.00526423
0.00512674
0.00513611
0.00360053
0.00363079
0.00345927
0.00337511
0.00368909
0.0035061
0.00342382
0.00313869
0.0030066
0.00260027
0.00254965
0.0033565
0.00325785
0.00310439
0.00307502
0.00288082
0.00267942
0.0028474
0.00304191
0.00302668
0.00265191
0.00302013
0.00349434
0.00366332
0.00327395
0.0035022
0.00346706
0.00391478
0.00432586
0.00466176
0.00447179
0.00485248
0.00442478
0.00473113
0.0042539
0.00406163
0.00483095
0.00501912
0.0038824
0.00375538
0.0036341
0.0036563
0.00359577
0.0035867
0.00339796
0.00328741
0.00300792
0.00288897
0.00249912
0.00239122
0.00360131
0.00352873
0.00354569
0.00347208
0.00369724
0.00349205
0.0035699
0.00357117
0.00351762
0.0038125
0.00398848
0.00396993
0.00388928
0.00399974
0.00418358
0.00416326
0.0044577
0.00401241
0.00421402
0.00332724
0.00322118
0.00295277
0.00280293
0.00371268
0.00356142
0.00372828
0.00367972
0.00350935
0.00325669
0.00314814
0.00290913
0.00277738
0.00238269
0.00227906
0.00391718
0.00369816
0.00368407
0.00374352
0.00375125
0.00391837
0.00379573
0.00379284
0.00400203
0.00410054
0.00399896
0.0038889
0.00392284
0.00397593
0.00412814
0.00354782
0.00367937
0.002841
0.00285884
0.00231305
0.00230109
0.0036436
0.00368529
0.00354492
0.00336569
0.0031127
0.00306988
0.00278669
0.00270253
0.00230701
0.00220181
0.00377638
0.00384599
0.00366376
0.00368799
0.00371635
0.0037811
0.0036733
0.00379025
0.00387276
0.0035927
0.00370252
0.00355754
0.00354762
0.00344024
0.00317719
0.00338339
0.0024126
0.00258894
0.00199064
0.00198199
0.00343316
0.00335016
0.00296125
0.0028717
0.00262861
0.00255975
0.00224694
0.00212869
0.00339103
0.00352801
0.00323961
0.00334693
0.00322338
0.00302797
0.00317145
0.00314907
0.00301378
0.00289398
0.00305038
0.00288644
0.00230166
0.00249347
0.00172353
0.00184979
0.00287523
0.00279699
0.00245591
0.00243869
0.00225534
0.00204507
0.00213339
0.00286107
0.00289364
0.0026707
0.00258301
0.00260233
0.002416
0.00224833
0.00248047
0.00222926
0.00247169
0.00218209
0.00169174
0.00186389
0.00221816
0.00220321
0.00197454
0.00189525
0.00153607
0.00201659
0.00209657
0.00187534
0.00208232
0.00197495
0.0013715
0.00140777
0.00178766
0.001863
0.00121343
0.000652029
0.00169194
0.00168725
0.00150765
0.00145261
0.0012898
0.00150308
0.00148469
0.000786697
0.0010387
0.000675032
0.001292
0.00131912
0.000747177
0.00099273
0.00107008
0.000724308
2.60581e-05
)
;

boundaryField
{
    top
    {
        type            symmetryPlane;
    }
    bottom
    {
        type            symmetryPlane;
    }
    inlet
    {
        type            calculated;
        value           uniform 0.000851986;
    }
    outlet
    {
        type            calculated;
        value           nonuniform List<scalar> 
17
(
0.000666266
0.000658994
0.000677834
0.000667751
0.000660309
0.000656618
0.000677465
0.000669906
0.000669973
0.000674089
0.00148316
0.000834773
0.000660638
0.000675942
0.00196287
0.000741524
0.00152886
)
;
    }
    deck
    {
        type            nutkWallFunction;
        Cmu             0.09;
        kappa           0.41;
        E               9.8;
        value           nonuniform List<scalar> 
60
(
5.71867e-07
0
0
0
9.42267e-08
0
0
0
0
6.384e-08
7.63071e-08
0
0
0
0
0
0
0
0
0
0
0
0
0
0
0
0
0
0
0
0
0
0
0
0
0
0
0
0
0
0
0
0
0
0
0
0
0
0
0
0
0
0
0
0
0
0
0
0
0
)
;
    }
    frontAndBack
    {
        type            empty;
    }
    defaultFaces
    {
        type            empty;
    }
}


// ************************************************************************* //
