/*--------------------------------*- C++ -*----------------------------------*\
  =========                 |
  \\      /  F ield         | OpenFOAM: The Open Source CFD Toolbox
   \\    /   O peration     | Website:  https://openfoam.org
    \\  /    A nd           | Version:  8
     \\/     M anipulation  |
\*---------------------------------------------------------------------------*/
FoamFile
{
    version     2.0;
    format      ascii;
    class       volScalarField;
    location    "0.028";
    object      p;
}
// * * * * * * * * * * * * * * * * * * * * * * * * * * * * * * * * * * * * * //

dimensions      [0 2 -2 0 0 0 0];

internalField   nonuniform List<scalar> 
424
(
4.84372e-07
0.0555272
0.0135777
0.116472
0.0959839
0.247659
0.100823
0.0528776
0.277449
0.495144
0.476686
0.489434
0.00960193
-0.151852
0.507704
0.749395
0.50748
0.513083
-0.422426
-0.1853
0.748799
1.00208
0.672292
0.673001
-0.674661
-0.437072
-0.379469
-0.394719
0.988002
1.26865
1.47392
1.53684
0.849951
0.848039
-3.52177
-0.889493
-1.11148
-1.38813
-0.677374
-0.412361
-0.417458
1.23466
1.42792
1.52405
1.41554
1.00699
1.00463
-2.88798
-2.65284
-0.887762
-1.12255
-1.18014
-0.577175
-0.578376
1.43292
1.47132
1.02709
1.02334
-2.27092
-1.12891
-0.760215
-0.757917
1.51839
1.67544
-1.05377
-0.622945
-0.947344
-0.946343
1.92498
1.70863
-0.021413
-0.600159
-1.01487
-1.0391
2.18119
1.93739
1.89616
1.90921
0.727486
0.00774662
4.37544
2.40354
1.47299
2.1043
2.68256
5.25311
2.88362
2.61626
2.17898
1.9421
1.94777
0.732883
-0.385888
3.94735
2.39685
1.45855
2.0819
2.56911
4.53472
2.63987
2.62628
2.10444
2.10517
-0.162989
-0.41167
2.29244
2.29
0.392573
-0.163348
2.48801
2.4927
0.978331
0.392009
2.5764
2.60722
1.55962
0.977292
1.81976
1.55471
1.83786
0.130663
0.0402118
0.0478085
0.0775717
0.0937775
0.16548
-0.0276219
0.0102373
0.223702
0.316903
0.332191
0.151122
0.177075
0.218401
0.335246
0.303163
0.294538
0.444306
0.459575
0.445475
0.0640388
-0.000566609
0.069514
0.0357324
-0.0170814
-0.0628164
-0.0411107
-0.160726
-0.0822493
-0.188699
0.000105165
0.0448372
0.0695588
0.114419
0.304352
0.169866
0.363041
0.353131
0.489548
0.510911
0.5832
0.51255
0.598428
-0.0324266
-0.0344656
-0.186004
-0.203637
-0.232295
-0.266736
-0.271649
-0.0490633
-0.280991
-0.0949756
-0.231905
0.642539
0.638577
0.750627
0.782988
0.678578
0.784059
-0.294239
-0.282232
-0.439549
-0.33894
-0.401257
-0.379878
-0.348957
0.885513
0.884999
0.985544
0.958444
1.05271
0.853576
0.943868
-0.547068
-0.672792
-0.503689
-0.555172
-0.419838
-0.515308
1.13539
1.15018
1.20714
1.21714
1.27432
1.22123
1.10969
1.18341
1.00503
1.08302
-0.789511
-0.884171
-0.696749
-0.777679
-0.583302
-0.700966
1.32543
1.30421
1.31709
1.35498
1.40079
1.38455
1.38113
1.38566
1.39035
1.49627
1.49925
1.44967
1.1855
1.27137
1.04005
1.18616
1.35404
1.38464
1.45402
-1.26561
-1.65516
-2.50238
-2.08966
-1.01879
-1.11755
-1.23131
-1.01908
-0.869265
-0.936798
-0.764909
-0.870978
-1.14743
-1.25576
1.50131
1.4472
1.45798
1.45234
1.51717
1.45732
1.46854
1.51778
1.56234
1.58802
1.68611
1.34039
1.43523
1.51219
1.49491
1.14058
1.26398
-1.48843
-1.41958
-1.63684
-1.23494
-1.08162
-1.10476
-1.14991
-1.00761
-1.07165
-0.943634
-1.02055
-0.855364
-1.19564
-1.10145
-1.07447
-1.11848
-1.22174
1.56595
1.62241
1.69808
1.55642
1.73486
1.72988
1.76114
1.78435
1.56453
1.77246
1.61179
1.73646
-0.82009
-0.724082
-0.943016
-0.595189
-0.698891
-0.564821
-1.09743
-1.1064
-0.7466
-0.756971
-1.02526
-1.12813
-1.03866
-1.07782
-1.24194
-1.17262
-1.05202
-0.753657
1.77556
1.78948
1.94038
1.86775
1.9122
1.88412
1.87185
-0.396303
-0.399984
0.0265178
-0.357311
-0.0573215
-0.411158
-0.34524
-1.40132
-1.31467
-1.08324
-1.21535
-1.15766
-1.51267
-1.48679
-1.19854
2.06641
2.18139
2.01476
2.0644
1.94586
2.02919
0.310852
0.737335
0.0736649
0.326783
-0.160692
0.14485
-1.13332
3.71349
4.06524
2.31293
2.39227
2.18849
2.31044
2.11076
2.20077
1.14563
1.45133
0.805268
1.13629
0.416772
0.791726
2.57757
3.13341
2.53363
2.6207
1.88823
2.07499
2.3736
2.7374
3.00989
2.74727
3.21623
2.64899
2.52344
2.40059
2.47252
2.29147
2.39289
1.90324
1.43913
1.52788
0.980625
1.35443
2.28285
2.92066
2.65896
2.62026
2.17793
2.20406
2.79753
2.67886
2.70072
2.6787
2.58136
2.59604
2.47899
2.58913
1.79027
2.03664
1.56834
1.77078
2.39609
2.65396
2.62682
2.64337
2.1568
2.35862
2.76804
2.63337
2.6746
2.59511
2.66954
1.84274
2.12133
2.62618
2.97639
2.88686
2.53018
2.56591
3.09619
3.05799
2.63651
2.55591
)
;

boundaryField
{
    movingWall
    {
        type            zeroGradient;
    }
    fixedWalls
    {
        type            zeroGradient;
    }
    frontAndBack
    {
        type            empty;
    }
    defaultFaces
    {
        type            empty;
    }
}


// ************************************************************************* //
