/*--------------------------------*- C++ -*----------------------------------*\
  =========                 |
  \\      /  F ield         | OpenFOAM: The Open Source CFD Toolbox
   \\    /   O peration     | Website:  https://openfoam.org
    \\  /    A nd           | Version:  8
     \\/     M anipulation  |
\*---------------------------------------------------------------------------*/
FoamFile
{
    version     2.0;
    format      ascii;
    class       volVectorField;
    location    "0.028";
    object      U;
}
// * * * * * * * * * * * * * * * * * * * * * * * * * * * * * * * * * * * * * //

dimensions      [0 1 -1 0 0 0 0];

internalField   nonuniform List<vector> 
656
(
(0.743383 0.0565325 -9.65395e-25)
(0.927893 0.0140703 1.86643e-24)
(0.954775 -0.00127296 0)
(-0.0910753 0.119006 2.39854e-23)
(0.556754 0.0977214 1.12079e-23)
(0.841187 0.00093648 0)
(-0.0571787 0.0672383 -4.94161e-23)
(-0.0145953 0.0188499 9.84693e-24)
(0.96817 -0.00015138 0)
(-0.000509091 0.138559 -2.38028e-24)
(-0.00306143 0.193052 -7.84261e-23)
(-0.117742 0.172058 0)
(0.37601 0.139821 1.00514e-23)
(0.714905 0.00928841 0)
(0.890786 0.00126552 -1.70519e-22)
(0.906136 0.000568971 4.77629e-23)
(0.00103949 0.0823248 9.74688e-24)
(0.00137457 0.0267176 0)
(0.971723 -7.85899e-05 -3.43133e-23)
(0.912973 0.000281888 -1.43674e-22)
(-0.0123928 0.0927169 7.71855e-23)
(-0.00523581 0.0627774 0)
(-0.0239309 0.124875 1.33513e-24)
(-0.00792211 0.242407 1.54188e-22)
(-0.136124 0.223419 -1.67846e-22)
(0.210324 0.180383 -2.26554e-23)
(0.577478 0.0245369 0)
(0.800317 0.00634119 2.66229e-22)
(0.828707 0.00298371 -8.90945e-23)
(-0.00144272 0.0356158 0)
(-0.000151517 0.0114307 0)
(0.91605 0.000145147 5.13718e-23)
(0.973159 -5.01653e-05 -3.66556e-23)
(0.841717 0.00156337 1.9576e-22)
(0.847745 0.000767343 -5.18343e-23)
(0.852123 4.87579e-05 -1.09042e-22)
(-0.00676994 0.0607566 -1.05513e-22)
(-0.00280324 0.0408445 1.709e-23)
(-0.0137723 0.0823012 -1.88565e-22)
(-0.0408641 0.158211 -1.5785e-22)
(-0.0167618 0.282598 1.6666e-22)
(-0.143763 0.269483 -4.81911e-24)
(0.0685885 0.217829 4.55068e-22)
(0.432877 0.0473021 0)
(0.695958 0.0161421 0)
(0.738182 0.00790895 -3.69633e-22)
(-0.000820711 0.0229876 -5.40848e-24)
(-0.000128811 0.00731155 0)
(0.853086 -0.000863733 1.20417e-22)
(0.918389 2.45652e-05 -2.78593e-23)
(0.973712 -2.27638e-05 4.93349e-24)
(0.757898 0.00422701 0)
(0.76724 0.00208267 0)
(0.773973 0.000114345 -1.06824e-22)
(0.775583 -0.00233066 4.60651e-22)
(0.761281 -0.00592622 0)
(-0.0103507 0.036517 2.00439e-22)
(-0.00501085 0.0256944 2.95547e-22)
(-0.00202468 0.0164967 -2.87934e-22)
(-0.0249879 0.104491 -1.85505e-22)
(-0.019293 0.0487825 5.85558e-22)
(0.286365 0.0794442 -1.32798e-22)
(0.577612 0.0317985 1.75046e-22)
(0.633536 0.0163394 -5.20612e-22)
(-0.000553278 0.00884049 4.54501e-23)
(-6.75347e-05 0.00256102 6.09957e-23)
(0.843324 -0.00219217 -2.55247e-22)
(0.91897 -0.000139253 8.56229e-23)
(0.97435 1.24723e-05 5.49232e-24)
(0.725255 -0.0150627 -1.15585e-23)
(0.660126 0.0088596 0)
(0.673001 0.0044567 1.93473e-22)
(0.682457 0.000305957 2.04426e-22)
(0.685112 -0.00473734 -8.84131e-22)
(0.666448 -0.0123131 2.278e-22)
(-0.00837787 0.0139224 8.8988e-22)
(-0.0040453 0.0091467 -6.72424e-24)
(-0.00182428 0.00552145 0)
(-0.00064286 0.00296893 1.05937e-22)
(0.446637 0.055473 0)
(0.514789 0.0299299 6.65879e-22)
(-8.96987e-05 0.00128421 -1.00293e-22)
(5.4975e-05 0.000244924 -3.09116e-23)
(0.603896 -0.0239869 4.72556e-22)
(0.819293 -0.00587189 1.49904e-22)
(0.913642 -0.000359437 0)
(0.974708 4.38719e-05 -5.29452e-23)
(0.617819 -0.0299521 -2.89345e-22)
(0.466909 -0.0470177 7.27017e-22)
(0.251053 -0.190613 -8.80068e-22)
(0.547539 0.0166022 0)
(0.563722 0.0083645 4.67085e-23)
(0.576202 0.000841313 -1.45425e-22)
(0.580566 -0.00858755 5.12897e-22)
(0.558323 -0.0227689 -8.71595e-22)
(-0.0147835 0.00624096 3.74526e-22)
(-0.00926411 0.00306063 -3.99586e-22)
(-0.00539733 0.00139696 -1.98068e-22)
(-0.00281956 0.000480938 3.92115e-22)
(-0.00118123 4.47839e-05 4.72201e-23)
(-0.000207963 -6.13954e-05 -2.85521e-23)
(-0.136858 -0.249874 5.90259e-23)
(0.411679 -0.147901 -6.14421e-23)
(0.732224 -0.00897789 -7.96932e-22)
(0.900672 -0.00111104 0)
(0.97349 0.000112354 0)
(0.496852 -0.0534311 5.53016e-22)
(0.323732 -0.0805753 -2.77911e-22)
(0.105654 -0.229736 1.02689e-22)
(-0.141678 -0.297617 1.385e-21)
(-0.0463857 0.0111565 0)
(-0.0339125 0.00579696 1.87329e-22)
(-0.0235383 0.00284068 -6.61635e-22)
(-0.0149669 0.00114053 1.84498e-22)
(-0.00792229 0.000288263 -4.39615e-23)
(-0.00212862 2.30934e-05 -2.72941e-23)
(-0.00772929 -0.287742 0)
(-0.120725 -0.194711 0)
(0.582766 -0.103381 4.88687e-22)
(0.8501 -0.000871225 -4.00104e-23)
(0.970459 0.000203787 -1.03228e-22)
(-0.0159291 -0.331195 -1.6474e-21)
(-0.0753814 0.00984297 0)
(-0.0564406 0.00544363 1.93753e-22)
(-0.0400987 0.00272595 -1.47176e-24)
(-0.0261068 0.0011584 9.58199e-23)
(-0.0141921 0.000358004 -4.50308e-23)
(-0.00409612 7.2418e-05 0)
(-0.0277454 -0.162244 -5.51566e-22)
(-0.00304515 -0.232323 0)
(-0.0950175 -0.136095 5.08467e-22)
(0.757823 -0.059773 0)
(0.956479 0.00135131 7.65642e-23)
(-0.0469005 -0.202411 0)
(-0.0969329 0.00807329 0)
(-0.0733458 0.00449631 1.20521e-22)
(-0.0526201 0.00229089 -3.49448e-22)
(-0.0345966 0.0010074 1.13084e-22)
(-0.0190594 0.000340559 5.05249e-23)
(-0.00573325 8.90838e-05 -1.69416e-23)
(-0.0156082 -0.116721 2.82749e-22)
(-0.0146026 -0.121901 0)
(-0.000283733 -0.168637 -4.45651e-22)
(-0.0605248 -0.0775659 4.30549e-22)
(0.931382 -0.0147245 0)
(-0.0283301 -0.145571 0)
(-0.105402 0.00698397 1.53725e-22)
(-0.0798365 0.00395187 -1.48407e-22)
(-0.0573618 0.00201314 1.43617e-22)
(-0.0377827 0.000880398 -2.74997e-22)
(-0.0208844 0.000298114 3.7819e-22)
(-0.00642434 7.81321e-05 -5.04261e-23)
(-0.01314 -0.0659336 2.44025e-22)
(-0.00770123 -0.087438 -5.22546e-22)
(-0.00599225 -0.0831199 1.52147e-22)
(0.00179848 -0.100463 -4.62117e-22)
(-0.0141858 -0.0213948 1.31025e-23)
(-0.0237025 -0.0843182 0)
(-0.0149575 -0.043827 -5.50521e-23)
(-0.106001 0.00749473 -1.89284e-22)
(-0.0801843 0.00475037 7.63115e-22)
(-0.0576837 0.00255581 -7.28623e-22)
(-0.038123 0.00110448 0)
(-0.0211597 0.000342186 0)
(-0.00660471 7.16693e-05 -5.53286e-24)
(-0.0082224 -0.0340454 1.17404e-22)
(-0.00656378 -0.04841 3.39195e-24)
(-0.00302518 -0.0594505 3.9835e-22)
(-0.00126655 -0.0470521 -1.49615e-22)
(0.00233577 -0.0309437 0)
(-0.00834877 -0.0192794 8.92029e-22)
(-0.0620036 0.0039061 8.32209e-22)
(-0.0406352 0.00247412 -8.60602e-22)
(-0.022345 0.000878606 0)
(-0.00688122 0.000154005 -7.79973e-24)
(-0.00459538 -0.0144083 -2.36532e-22)
(-0.00405473 -0.0247556 -9.17968e-23)
(-0.00268877 -0.0323841 1.89286e-22)
(-0.000643317 -0.033649 -1.29476e-22)
(0.000180794 -0.0142159 4.94618e-23)
(-0.00425355 -0.00563814 0)
(-0.00255745 0.00336502 -1.02219e-21)
(-0.0493007 0.00109481 0)
(-0.0172692 0.000375917 -2.72669e-23)
(-0.00148197 0.000155039 0)
(-0.00226546 -0.00392436 -2.40675e-22)
(-0.00224211 -0.0101055 -4.59798e-22)
(-0.00166653 -0.0163929 -6.25765e-23)
(-0.000713682 -0.0181256 1.27303e-22)
(7.53852e-05 -0.0104709 -4.96522e-23)
(-0.00101694 -0.000444225 2.08546e-21)
(-0.00123465 0.00171448 2.175e-21)
(-0.00296354 0.0036541 7.00585e-23)
(-0.000200211 0.00144728 -4.81397e-22)
(-0.000733273 0.000509134 -8.85973e-25)
(-0.00106455 -0.00252594 1.2465e-22)
(-0.000916254 -0.00647012 3.72436e-22)
(-0.0004684 -0.00909643 7.63377e-24)
(-6.48232e-05 -0.00568393 -2.28263e-23)
(-0.000159425 -0.00199281 -1.73711e-24)
(-0.00042557 -0.00102455 -1.7446e-21)
(-0.000517251 0.000819227 -5.25932e-22)
(-0.00129868 0.00158753 0)
(-0.00307223 0.00879661 1.51133e-21)
(0.000287823 0.00118747 -2.58716e-22)
(-4.57541e-05 0.00132848 2.56527e-22)
(-0.000310607 0.000643437 1.28391e-22)
(-0.000419549 -0.00146584 0)
(-0.00026023 -0.00347805 -1.22073e-22)
(-6.25114e-05 -0.00285569 1.71531e-23)
(0.000175061 -0.00228755 8.27051e-22)
(8.54976e-07 -0.00194687 3.3354e-22)
(-0.000152078 -0.00116045 1.96482e-22)
(-0.000163827 0.000297687 5.34963e-23)
(-0.000319271 0.000564341 -6.12944e-23)
(-0.000441298 0.00203083 1.08805e-21)
(0.000247837 0.000434075 1.08123e-21)
(0.000191878 0.0010195 -4.0468e-22)
(4.72771e-06 0.00110592 -2.63994e-22)
(-0.000106909 0.000595353 -1.28495e-22)
(-0.000110746 -0.000704073 0)
(-3.79919e-05 -0.00105635 -1.12864e-23)
(0.000434236 -0.00169906 0)
(0.000148522 -0.00198234 -2.86122e-22)
(3.80106e-05 -0.00165373 -9.85741e-22)
(-3.5277e-05 -0.00100269 3.21083e-22)
(-2.06617e-05 3.56022e-05 -3.57499e-22)
(-1.16421e-05 2.4085e-05 9.63331e-24)
(0.000433856 0.000154726 -4.69707e-22)
(0.00014054 0.000330788 7.16061e-22)
(0.000110903 0.000800733 -6.92843e-22)
(1.42492e-05 0.000814899 1.32355e-22)
(-1.81283e-05 0.000417479 0)
(-1.07328e-05 -0.000182531 1.11596e-23)
(0.000327117 -0.000591252 0)
(0.000264358 -0.00141713 5.50219e-22)
(9.55905e-05 -0.00156461 7.16104e-22)
(3.26799e-05 -0.00122395 9.38995e-22)
(7.74135e-06 -0.000668025 -3.33359e-22)
(9.32809e-06 -3.30991e-05 -2.20049e-23)
(0.000956801 0.000220859 -5.60776e-22)
(0.000315141 8.50676e-05 0)
(6.95454e-05 0.000230863 5.14223e-22)
(5.28037e-05 0.000561032 0)
(1.27048e-05 0.000490455 0)
(5.3548e-06 0.000158118 0)
(0.000608682 -0.000192931 6.26955e-22)
(0.000178875 -0.000451594 -5.69087e-22)
(0.000142389 -0.00108553 -5.59879e-22)
(4.96747e-05 -0.00110113 -4.17882e-22)
(2.14554e-05 -0.000735422 -4.34452e-22)
(1.2359e-05 -0.000239782 1.30996e-23)
(0.00133327 0.000119484 0)
(0.000773874 0.000128044 1.40541e-22)
(0.000212009 4.22774e-05 0)
(2.72415e-05 0.000143728 2.03807e-27)
(1.85261e-05 0.000321743 0)
(7.78229e-06 0.000159125 -8.97849e-23)
(0.00146563 -1.21456e-05 0)
(0.00128355 -0.000202087 -5.6585e-22)
(0.000448791 -0.000109896 -1.57885e-22)
(8.52418e-05 -0.000314652 2.91791e-22)
(6.45717e-05 -0.00074482 -4.1486e-22)
(2.16628e-05 -0.000635353 -1.31413e-22)
(1.12881e-05 -0.000238663 9.15054e-23)
(0.00108315 6.78551e-05 -1.88737e-23)
(0.000582317 6.67815e-05 -2.10182e-22)
(0.000129013 1.66771e-05 0)
(5.58877e-06 7.25312e-05 -1.08186e-22)
(5.04558e-06 9.50846e-05 9.05739e-23)
(0.0011879 -9.48799e-06 2.09849e-24)
(0.00103455 -0.000120832 6.35467e-22)
(0.000306993 -5.54353e-05 -5.02482e-27)
(3.27064e-05 -0.000195891 1.31014e-25)
(2.14388e-05 -0.00041872 -2.65222e-22)
(8.70558e-06 -0.00019336 8.36017e-23)
(0.00082207 3.51821e-05 1.48554e-22)
(0.000396629 2.97801e-05 1.02535e-22)
(6.4601e-05 3.40186e-06 -1.26137e-22)
(-8.10957e-07 1.70937e-05 2.30001e-23)
(0.000900848 -6.18376e-06 2.09397e-24)
(0.000779066 -6.53841e-05 -1.40558e-22)
(0.000190301 -2.22134e-05 4.53986e-22)
(6.54273e-06 -9.90919e-05 -2.12695e-22)
(5.51014e-06 -0.000119405 3.39707e-26)
(0.000566431 1.57821e-05 0)
(0.000224374 1.00188e-05 1.13803e-22)
(1.56401e-05 -7.56238e-07 7.96635e-23)
(0.000620805 -3.71479e-06 0)
(0.000532012 -3.02938e-05 -2.05617e-22)
(9.72055e-05 -4.74859e-06 3.95777e-22)
(-1.02455e-06 -2.33794e-05 4.39602e-23)
(0.000326108 5.47818e-06 -9.70779e-25)
(6.88498e-05 2.50006e-06 -1.43002e-22)
(0.000357703 -2.09384e-06 9.69517e-25)
(0.00030212 -1.08532e-05 -1.13988e-22)
(2.42207e-05 8.44957e-07 1.12896e-22)
(0.000106222 1.43851e-06 4.33763e-23)
(0.000116708 -1.07271e-06 0)
(9.33426e-05 -3.18093e-06 -1.09925e-23)
(-0.142873 0.303883 2.22521e-21)
(-0.027075 0.258761 5.09314e-22)
(-0.0418443 0.127825 0)
(-0.0753297 0.188764 2.78922e-21)
(-0.0629431 0.193687 -2.94752e-21)
(-0.0731954 0.267556 0)
(-0.0374729 0.310716 0)
(-0.098229 0.352835 -1.02659e-21)
(-0.0853186 0.313651 0)
(-0.0391835 0.266204 -1.88515e-21)
(0.151557 0.126309 4.23657e-21)
(-0.0957358 0.277901 0)
(-0.0336886 0.0634253 -3.66236e-22)
(-0.0558812 0.104686 0)
(-0.0161482 0.0192153 -3.82439e-21)
(-0.0384223 0.0467639 3.91364e-21)
(-0.0828262 0.120884 -2.27387e-21)
(-0.114429 0.158233 0)
(-0.0953031 0.202449 0)
(-0.11913 0.23896 6.18908e-22)
(-0.109304 0.294497 0)
(-0.0981231 0.288717 1.95909e-21)
(-0.0164182 0.19356 2.37037e-21)
(0.0936601 0.154847 -5.71669e-21)
(0.301345 0.0906355 1.12299e-21)
(-0.150062 0.233639 -5.90543e-22)
(-0.141162 0.250924 0)
(-0.0215181 0.0120075 -3.1652e-21)
(-0.0489769 0.0284676 8.66939e-22)
(-0.0604538 0.0518251 7.21755e-22)
(-0.0908424 0.0812261 2.31202e-21)
(-0.120718 0.0798654 -4.45427e-21)
(-0.166418 0.114066 -3.93978e-21)
(-0.158785 0.15532 -3.01097e-21)
(-0.184153 0.183539 5.64013e-21)
(-0.131996 0.206973 -1.64251e-21)
(-0.061518 0.182633 -1.71411e-21)
(0.0409334 0.127111 0)
(0.384851 0.049747 -5.74625e-21)
(0.188216 0.105512 0)
(0.419977 0.0290331 0)
(0.240122 0.0582842 4.83589e-21)
(-0.206518 0.170434 0)
(-0.179609 0.177468 0)
(-0.011655 -0.276783 6.04369e-21)
(-0.146619 -0.329555 0)
(0.383046 -0.0827044 0)
(0.431198 0.0141649 -1.9721e-22)
(0.268181 0.0329607 0)
(0.264489 -0.0931603 0)
(0.451394 -0.0370149 1.18582e-21)
(0.452322 0.00155387 3.70274e-21)
(0.289724 0.0079678 0)
(0.313468 -0.0435408 0)
(0.467859 -0.0150649 0)
(0.317888 -0.0148463 -3.75967e-21)
(-0.0636177 0.0223234 1.15204e-21)
(-0.0967227 0.0356065 -1.44939e-21)
(-0.119599 0.0479911 4.7646e-21)
(-0.17188 0.0537822 0)
(-0.200595 0.0835466 0)
(-0.229591 0.0934083 -3.11138e-21)
(-0.247996 0.117475 -2.36656e-21)
(-0.153953 0.136479 0)
(0.0637321 0.0786977 3.34965e-21)
(-0.038173 0.115811 0)
(0.146302 0.0420628 0)
(0.000468077 0.0661319 -3.62252e-21)
(-0.265477 0.103266 7.86155e-21)
(-0.22908 0.110048 -2.32257e-21)
(-0.0130826 -0.26297 -3.41043e-21)
(0.170004 -0.136869 7.67849e-21)
(0.144087 -0.155868 -6.01174e-21)
(-0.115823 -0.385352 1.70633e-21)
(-0.0790768 -0.327125 -3.71471e-21)
(-0.0369287 -0.358184 2.4395e-22)
(0.0442899 -0.181664 -6.36892e-21)
(0.0466315 -0.151632 2.0888e-21)
(0.14406 -0.108408 3.23353e-21)
(0.126614 0.00910523 0)
(0.0195528 0.0362519 0)
(0.0798028 -0.0926052 -3.56359e-21)
(0.182292 -0.0563319 0)
(0.0933975 -0.0455623 -3.32286e-21)
(0.192765 -0.0210472 3.03018e-21)
(0.0539333 -0.0103242 4.6184e-21)
(-0.096434 0.015867 1.65758e-21)
(-0.139614 0.02435 0)
(-0.166369 0.0335783 0)
(-0.210829 0.0389396 3.29317e-21)
(-0.242074 0.0570841 0)
(-0.27058 0.0576823 8.28268e-21)
(-0.291137 0.0730703 -7.07626e-21)
(-0.112862 0.0517435 0)
(-0.135274 0.066258 -5.68517e-21)
(-0.223635 0.0839413 1.15809e-20)
(-0.197902 0.0376072 0)
(-0.2907 0.071658 -7.48594e-21)
(-0.302555 0.0658668 -3.9945e-21)
(-0.0883671 -0.312138 0)
(-0.0740082 -0.245336 7.73543e-21)
(-0.072359 -0.240348 0)
(-0.0650696 -0.319865 -5.27987e-22)
(-0.0916865 -0.322266 4.14677e-22)
(-0.105747 -0.238649 -7.94447e-21)
(-0.0649677 -0.185732 -7.30201e-21)
(-0.0952768 -0.159667 9.71011e-21)
(-0.043203 -0.113822 2.9975e-21)
(-0.109486 -0.0813124 -3.92533e-21)
(-0.057044 -0.0517573 0)
(-0.0836105 -0.018477 -3.19246e-21)
(-0.176001 0.00926925 0)
(-0.121939 0.0128224 0)
(-0.165413 0.0191885 -1.2855e-21)
(-0.195241 0.0247912 -5.03494e-21)
(-0.228663 0.0307493 4.31861e-21)
(-0.256908 0.0409444 -1.53609e-21)
(-0.274689 0.0427147 -1.97185e-21)
(-0.302476 0.0538704 6.24042e-21)
(-0.276814 0.0437112 -6.96265e-21)
(-0.298844 0.0582218 8.48866e-21)
(-0.26401 0.0139565 0)
(-0.296271 0.0368671 -1.19218e-21)
(-0.31602 0.0582282 0)
(-0.308762 0.0533507 0)
(-0.0466568 -0.170517 -1.23815e-20)
(-0.0898677 -0.244559 4.27076e-21)
(-0.110576 -0.25384 5.15999e-21)
(-0.123545 -0.283852 -7.11307e-22)
(-0.14036 -0.254564 6.56226e-22)
(-0.174277 -0.204883 -7.47185e-21)
(-0.177773 -0.166248 0)
(-0.198123 -0.109794 -9.34785e-21)
(-0.276315 0.016134 -4.39779e-21)
(-0.237727 -0.0799544 6.80072e-21)
(-0.272788 -0.018733 2.80518e-21)
(-0.133385 0.0111461 4.53366e-21)
(-0.288525 0.05023 2.70412e-21)
(-0.170444 0.0171937 -3.23911e-21)
(-0.195375 0.022346 -2.80348e-21)
(-0.2218 0.0299443 -6.07142e-21)
(-0.25633 0.0378858 1.35842e-21)
(-0.265187 0.0417734 -3.44039e-21)
(-0.288379 0.0431153 -2.70221e-21)
(-0.312258 0.0571676 6.7398e-22)
(-0.308141 0.0482107 1.23466e-21)
(-0.268103 0.0557738 4.82231e-21)
(-0.284686 0.0538994 2.00052e-21)
(-0.295254 0.0609466 -1.28152e-21)
(-0.287411 0.0578643 -1.92234e-21)
(-0.235558 0.0613184 -6.67979e-21)
(-0.0382739 -0.101908 0)
(-0.0620297 -0.161435 8.28584e-21)
(-0.176986 0.0632278 0)
(-0.214765 0.0528821 4.37913e-21)
(-0.116192 0.0590971 8.47169e-21)
(-0.141194 0.0557665 -5.59404e-21)
(-0.0853183 -0.176117 0)
(-0.125186 -0.215541 -4.90507e-21)
(-0.162284 -0.192813 1.50136e-20)
(-0.213003 0.0270176 -5.8379e-21)
(-0.239657 0.0078302 4.62295e-21)
(-0.177857 -0.152214 -1.07079e-20)
(-0.227951 -0.0745353 1.13894e-22)
(-0.217923 -0.0459054 -9.4315e-21)
(-0.133191 0.0112672 0)
(-0.259969 0.0502459 0)
(-0.239644 0.0377434 2.60345e-22)
(-0.244857 0.0441752 -3.55336e-22)
(-0.165711 0.0192731 -5.03986e-21)
(-0.193123 0.0252384 5.35959e-21)
(-0.210867 0.0300366 4.64923e-21)
(-0.277847 0.0665391 1.83332e-21)
(-0.269893 0.0661185 -4.17304e-22)
(-0.24055 0.0737637 3.63651e-21)
(-0.221551 0.0729151 1.32634e-21)
(-0.252757 0.0545311 -5.48609e-21)
(-0.257977 0.0684902 1.9906e-23)
(-0.264825 0.0607206 4.68435e-21)
(-0.195189 0.0785311 2.29966e-21)
(-0.170715 0.0770339 -7.50202e-21)
(-0.115494 0.0702867 2.8815e-21)
(-0.140116 0.0773317 2.38135e-21)
(-0.0921354 0.0681824 -3.36412e-21)
(-0.055212 0.050545 0)
(-0.0729055 0.0567797 2.79505e-21)
(-0.0881532 0.0526899 -2.39865e-22)
(-0.0798625 0.0453594 0)
(-0.024095 -0.0529562 -4.20182e-21)
(-0.0477971 -0.0917954 4.11101e-21)
(-0.0578924 -0.0989585 2.88994e-21)
(-0.0932104 -0.133479 0)
(-0.103137 0.030624 1.02025e-20)
(-0.135728 0.0328364 0)
(-0.162949 0.0180499 5.66299e-21)
(-0.118523 -0.112002 1.3074e-22)
(-0.147234 -0.0256311 1.53413e-21)
(-0.148423 -0.119836 -4.2228e-21)
(-0.175173 -0.0539356 8.47209e-21)
(-0.0132982 -0.0246369 -4.96674e-22)
(-0.0244541 -0.0417295 0)
(-0.123264 0.0102959 0)
(-0.0832972 0.00361418 -5.16617e-22)
(-0.100683 0.00474133 5.2078e-22)
(-0.218236 0.0422081 -3.01593e-21)
(-0.228443 0.0518107 2.65116e-21)
(-0.146589 0.0158691 0)
(-0.180538 0.0245035 -2.46425e-21)
(-0.196159 0.0336135 2.96639e-21)
(-0.193188 0.0828018 1.2415e-21)
(-0.232687 0.0733409 -2.02034e-21)
(-0.226167 0.0781177 -2.56274e-21)
(-0.212849 0.0576675 -3.41628e-21)
(-0.212982 0.0685966 6.77204e-22)
(-0.170927 0.0808563 0)
(-0.14332 0.0810216 0)
(-0.13005 0.0795171 0)
(-0.103358 0.0763145 -2.97239e-21)
(-0.0842904 0.0700035 -1.67286e-21)
(-0.0649301 0.0636701 3.98397e-21)
(-0.0485345 0.0522547 0)
(-0.00744499 0.0141489 0)
(-0.00475931 0.00940116 -6.66208e-22)
(-0.0136515 0.0251257 3.5893e-21)
(-0.0218917 0.0338585 -3.14643e-21)
(-0.0348921 0.045448 0)
(-0.0247026 0.0318698 -5.84675e-21)
(-0.037631 0.0389745 3.59199e-23)
(-0.0102219 0.0151512 0)
(-0.0139883 0.0197261 -4.59219e-21)
(-0.00466233 0.00599118 0)
(-0.0397261 0.034406 1.27273e-23)
(-0.0570058 0.0388336 1.94634e-23)
(-0.0560868 0.0295993 3.553e-21)
(-0.0882999 0.0251866 -4.32498e-21)
(-0.0347415 -0.0463223 8.81867e-21)
(-0.0580297 -0.0643959 -1.85618e-20)
(-0.0849402 -0.0643396 3.95415e-21)
(-0.083658 0.00898941 -2.27954e-21)
(-0.0925889 -0.0362375 8.38119e-21)
(-0.112383 -0.0213773 -5.88855e-21)
(-0.00655304 -0.00746313 0)
(-0.0124088 -0.0154869 0)
(-0.0153561 -0.0167373 -3.64822e-21)
(-0.0306815 -0.0276221 -5.33674e-21)
(-0.00401308 0.00668188 5.63727e-22)
(-0.114873 0.00993952 1.26085e-21)
(-0.068091 0.00070274 0)
(-0.0853658 0.00262141 -1.10318e-21)
(-0.142841 0.0281675 1.49959e-21)
(-0.168965 0.0360363 -4.47392e-21)
(-0.184155 0.0528855 -7.90175e-23)
(-0.157641 0.0653279 4.05446e-21)
(-0.176266 0.0731177 -4.7565e-21)
(-0.163986 0.0783233 3.23565e-21)
(-0.0957112 0.0761517 -3.92537e-21)
(-0.124454 0.0752291 6.07499e-23)
(-0.121831 0.0796682 1.11063e-21)
(-0.0357395 0.051185 4.03503e-21)
(-0.0545622 0.0621219 -4.25978e-23)
(-0.0759126 0.0691309 1.95661e-21)
(-0.0107181 0.0263828 1.76103e-21)
(-0.0263249 0.0432444 -2.13469e-21)
(-0.00606056 0.0171261 -1.58285e-21)
(-0.0157192 0.0182673 5.22649e-21)
(-0.0248848 0.0235045 0)
(-0.00474575 0.00532643 4.10689e-21)
(-0.00697137 0.00779563 -7.25862e-21)
(-0.00210858 0.000837105 0)
(-0.00218254 -0.000391418 0)
(-0.00435517 -0.00284745 -1.15574e-21)
(-0.0253605 0.0192102 5.23791e-21)
(-0.0391903 0.0213744 -1.48622e-23)
(-0.0390603 0.0141603 -1.07766e-20)
(-0.0600124 0.00761234 1.08808e-20)
(-0.0369504 -0.0175777 3.80987e-21)
(-0.0515656 -0.0171703 -3.09146e-21)
(-0.0453755 -0.0023539 -3.8075e-21)
(-0.00629172 -0.00374194 7.17385e-22)
(-0.0124549 -0.00755972 2.03484e-21)
(-0.0203524 -0.00690097 1.40895e-21)
(-0.0048737 0.0129661 -3.04112e-21)
(-0.0282492 0.0477943 0)
(-0.0595929 0.0616795 0)
(-0.0904314 0.0348262 3.94817e-21)
(-0.105574 0.0534361 -2.76719e-21)
(-0.0978974 0.064772 0)
(-0.0216298 0.00252159 3.07635e-23)
(-0.0608224 0.0143378 0)
(-0.00967139 0.0298423 -1.03314e-22)
(-0.000940176 0.000980014 -6.08626e-22)
(-0.000322838 0.00143012 2.99358e-21)
(-0.00876316 0.00735722 7.49191e-21)
(-0.0139155 0.0108524 0)
(-0.00152182 -4.65604e-05 -3.39548e-21)
(-0.0032869 0.00141927 -1.07798e-20)
(-0.000507366 -0.00162679 5.95112e-21)
(-0.00149395 0.000673807 4.21823e-22)
(-0.00524168 -0.00142638 0)
(-0.0150526 0.00644711 0)
(-0.0243455 0.00805981 0)
(-0.026728 0.000671324 0)
(-0.00728523 -0.0011758 4.81317e-21)
(-0.0155523 -0.0031923 -4.11273e-21)
(-0.0176819 0.000582488 0)
(-0.00127378 0.00957504 0)
(-0.000682631 0.000982636 2.7222e-21)
(0.00040685 0.00127221 -6.82817e-21)
(0.000409172 0.00142277 1.18854e-20)
(0.000321641 0.00121712 -7.18314e-21)
(0.000660288 0.00094279 -2.33841e-21)
(0.000364781 0.000504856 0)
(-0.00306203 0.000695265 3.51671e-21)
(-0.00644725 0.0020007 0)
(4.82463e-05 -0.00215964 0)
(-0.000352803 -0.00161742 0)
(0.00014668 -0.00238166 -1.29411e-21)
(-0.00112686 0.000557526 2.2356e-21)
(-0.0032945 0.000304463 0)
(-0.00270184 0.000396481 6.76677e-21)
(-0.00464644 0.0011938 1.78952e-21)
(-0.00597667 0.00161897 -6.74885e-21)
(0.00073364 0.000999727 0)
(0.000252375 0.000866408 5.27836e-21)
(0.000931693 0.000797426 8.56099e-21)
(0.00105192 0.000899288 -9.71035e-21)
(0.000537729 0.000270608 -1.74305e-22)
(0.000943904 0.000499947 7.23197e-21)
(0.000438308 -0.00158983 1.45241e-21)
(-0.000183948 -0.000721103 -1.08913e-21)
(0.000598661 -0.00186176 -8.36343e-21)
(0.000738784 -0.00211581 1.1428e-20)
(0.000890069 -0.00191486 0)
(0.000697514 0.000698388 -5.35729e-21)
(-3.04821e-05 0.000770416 -7.84187e-21)
(0.00102162 0.000115901 1.16265e-20)
(0.000983889 -0.000614374 0)
(0.000870136 -0.0011967 0)
(0.000481087 -0.000680217 4.45887e-21)
(0.00141665 0.000636981 3.35688e-21)
(0.00144262 0.000630743 -5.9538e-21)
(0.0011217 0.000354457 -1.30463e-22)
(0.00143904 0.000465273 1.72528e-24)
(0.00126069 -0.00104967 0)
(0.00151293 -0.00122378 1.94999e-21)
(0.00166084 -0.000752981 -1.6846e-21)
(0.00188694 0.000240995 -4.01672e-24)
(0.00187284 -0.000375858 7.99617e-22)
(0.00178056 -5.22989e-05 6.321e-21)
(0.000736528 -0.000314614 -5.91042e-21)
(0.00130635 -0.000595354 0)
(0.00156864 0.000203364 -8.82975e-21)
(0.00186577 0.000177483 4.20966e-21)
(0.00173487 -9.89022e-06 4.48244e-21)
(0.00153254 -0.000328965 0)
(0.00180668 -0.00032529 -4.91088e-21)
)
;

boundaryField
{
    movingWall
    {
        type            fixedValue;
        value           uniform (1 0 0);
    }
    fixedWalls
    {
        type            noSlip;
    }
    frontAndBack
    {
        type            empty;
    }
    defaultFaces
    {
        type            empty;
    }
}


// ************************************************************************* //
