/*--------------------------------*- C++ -*----------------------------------*\
  =========                 |
  \\      /  F ield         | OpenFOAM: The Open Source CFD Toolbox
   \\    /   O peration     | Website:  https://openfoam.org
    \\  /    A nd           | Version:  8
     \\/     M anipulation  |
\*---------------------------------------------------------------------------*/
FoamFile
{
    version     2.0;
    format      ascii;
    class       volScalarField;
    location    "0.059";
    object      p;
}
// * * * * * * * * * * * * * * * * * * * * * * * * * * * * * * * * * * * * * //

dimensions      [0 2 -2 0 0 0 0];

internalField   nonuniform List<scalar> 
424
(
-3.8347e-06
0.0549496
0.0135805
0.118111
0.09568
0.247625
0.102405
0.0550271
0.27753
0.495538
0.478977
0.491861
0.0114561
-0.150488
0.508108
0.749802
0.508312
0.513981
-0.421995
-0.184061
0.749233
1.00248
0.672871
0.673587
-0.674187
-0.436601
-0.380976
-0.396386
0.988423
1.26991
1.47597
1.53835
0.8502
0.848281
-3.52156
-0.88901
-1.11167
-1.3891
-0.676896
-0.41237
-0.417519
1.23576
1.42963
1.52558
1.41535
1.00686
1.00449
-2.88775
-2.65088
-0.887301
-1.12253
-1.18074
-0.576921
-0.578141
1.4328
1.47053
1.02535
1.02156
-2.26894
-1.12626
-0.759558
-0.75725
1.51791
1.67541
-1.05156
-0.621403
-0.946272
-0.945214
1.92538
1.7087
-0.0206698
-0.598846
-1.01225
-1.03646
2.18169
1.93777
1.89829
1.91151
0.728314
0.00851469
4.37589
2.40411
1.47385
2.10452
2.6824
5.25518
2.88576
2.61765
2.17947
1.94302
1.94877
0.73371
-0.386788
3.94778
2.39746
1.45938
2.08229
2.56929
4.53661
2.6415
2.62751
2.10507
2.1058
-0.162742
-0.412588
2.29276
2.29031
0.393134
-0.163117
2.48809
2.49279
0.979255
0.392566
2.57515
2.60596
1.56101
0.978224
1.82265
1.55615
1.84078
0.130963
0.040611
0.0477936
0.0788283
0.0946061
0.165935
-0.0272796
0.0103155
0.224508
0.318147
0.333371
0.151108
0.177726
0.219202
0.336154
0.303757
0.294931
0.445432
0.461645
0.446454
0.065481
-0.000492676
0.0703958
0.0359199
-0.0162745
-0.0625814
-0.0402213
-0.160886
-0.082215
-0.189129
0.000956875
0.0449829
0.0690688
0.113933
0.305967
0.169842
0.36339
0.353388
0.490756
0.511368
0.583993
0.513437
0.599107
-0.0308164
-0.0330511
-0.185972
-0.202728
-0.231948
-0.267432
-0.27163
-0.0484886
-0.281754
-0.0948437
-0.233455
0.643109
0.639061
0.751044
0.783355
0.679193
0.784462
-0.293682
-0.281612
-0.439147
-0.338938
-0.4015
-0.381373
-0.348948
0.88576
0.885152
0.985867
0.958335
1.05253
0.853802
0.943808
-0.54683
-0.672299
-0.503753
-0.554939
-0.419952
-0.515275
1.13596
1.15073
1.2072
1.21798
1.27455
1.22129
1.10959
1.18322
1.00481
1.08282
-0.788787
-0.883636
-0.696329
-0.776878
-0.583081
-0.700539
1.32538
1.30432
1.31731
1.35457
1.40204
1.3862
1.38253
1.38613
1.39077
1.4979
1.5004
1.44977
1.18467
1.27085
1.03847
1.18547
1.35378
1.38436
1.45393
-1.2654
-1.65517
-2.50196
-2.08797
-1.01828
-1.1173
-1.23151
-1.01888
-0.868103
-0.93539
-0.764249
-0.869996
-1.14725
-1.25486
1.50177
1.4476
1.45842
1.45282
1.51797
1.45794
1.46853
1.51758
1.56269
1.58835
1.68704
1.3404
1.4359
1.51168
1.49516
1.13833
1.26319
-1.4876
-1.41869
-1.6349
-1.23537
-1.08022
-1.10404
-1.14899
-1.00609
-1.07051
-0.942564
-1.01913
-0.854657
-1.19492
-1.10099
-1.07425
-1.11787
-1.22076
1.56627
1.62305
1.69907
1.55626
1.73551
1.73053
1.76241
1.78543
1.56426
1.77375
1.61189
1.73808
-0.817821
-0.723158
-0.941039
-0.594333
-0.698818
-0.564768
-1.09594
-1.10538
-0.746699
-0.756848
-1.02294
-1.12659
-1.03851
-1.07745
-1.24115
-1.17201
-1.05086
-0.753271
1.77593
1.78998
1.94084
1.86885
1.91344
1.88613
1.87284
-0.395474
-0.399242
0.0271602
-0.357068
-0.0567742
-0.411736
-0.344863
-1.40076
-1.31498
-1.08182
-1.21413
-1.15625
-1.51015
-1.48563
-1.19796
2.06704
2.18188
2.01574
2.06495
1.94686
2.03003
0.31137
0.738182
0.0737643
0.327575
-0.1606
0.145248
-1.1343
3.71445
4.06679
2.31327
2.39274
2.1887
2.31081
2.11144
2.20104
1.14673
1.45223
0.806031
1.13722
0.41734
0.792417
2.57847
3.13396
2.5337
2.62167
1.88886
2.07566
2.3738
2.73884
3.01105
2.74797
3.21759
2.65032
2.52463
2.40089
2.47262
2.29177
2.39321
1.9038
1.44093
1.52926
0.98155
1.35575
2.2835
2.92141
2.65901
2.62053
2.17943
2.20519
2.79792
2.68009
2.7014
2.67882
2.58136
2.59596
2.479
2.58925
1.79189
2.03814
1.5698
1.77237
2.39697
2.65505
2.62625
2.64325
2.15863
2.35992
2.76895
2.63486
2.67418
2.59414
2.66898
1.84542
2.12324
2.62703
2.97746
2.88874
2.53057
2.56605
3.0953
3.05861
2.63789
2.55881
)
;

boundaryField
{
    movingWall
    {
        type            zeroGradient;
    }
    fixedWalls
    {
        type            zeroGradient;
    }
    frontAndBack
    {
        type            empty;
    }
    defaultFaces
    {
        type            empty;
    }
}


// ************************************************************************* //
