/*--------------------------------*- C++ -*----------------------------------*\
  =========                 |
  \\      /  F ield         | OpenFOAM: The Open Source CFD Toolbox
   \\    /   O peration     | Website:  https://openfoam.org
    \\  /    A nd           | Version:  8
     \\/     M anipulation  |
\*---------------------------------------------------------------------------*/
FoamFile
{
    version     2.0;
    format      ascii;
    class       volScalarField;
    location    "0.06";
    object      p;
}
// * * * * * * * * * * * * * * * * * * * * * * * * * * * * * * * * * * * * * //

dimensions      [0 2 -2 0 0 0 0];

internalField   nonuniform List<scalar> 
656
(
3.34438e-07
-0.235415
1.72859
-0.786701
0.189109
1.73122
-1.15106
-1.55284
2.05498
1.70641
1.76607
-0.438538
0.386129
1.74771
2.03448
2.25917
1.63659
1.58732
2.26845
2.39136
1.80212
1.82118
1.78641
1.81791
-0.0678281
0.616181
1.77438
2.01724
2.25041
1.84382
1.86663
2.55671
2.39633
2.38635
2.55443
2.69002
2.15656
2.17265
2.13725
1.78225
1.85335
0.28047
0.818512
1.80943
2.0069
2.24335
2.18688
2.19944
2.86037
2.69084
2.55897
2.38208
2.55203
2.68876
2.86086
3.02756
2.16149
2.17587
2.18743
2.1204
2.14582
1.82907
2.00075
2.23602
2.1977
2.20652
3.02638
2.85845
2.69133
3.34499
2.37748
2.54909
2.68639
2.85975
3.02742
2.18275
2.19281
2.19463
2.19415
1.98958
2.22564
2.19344
2.1929
3.61248
3.34069
3.02259
2.85607
3.34552
3.56249
4.81664
2.36918
2.54658
2.6824
2.86
3.02877
2.09328
2.08874
2.09007
2.09224
2.09413
2.09549
5.39496
5.07759
3.65362
3.32848
3.01724
3.35166
3.52786
4.5859
5.00427
2.11811
2.10186
2.09354
2.08721
2.08108
2.07564
3.46393
5.83362
5.30382
3.68497
3.31181
3.39808
2.13841
2.12606
2.11491
2.10564
2.09746
2.09027
3.53791
3.54919
6.25265
5.51769
3.70237
3.53239
2.2264
2.21175
2.19919
2.18884
2.17974
2.17183
3.18937
3.54077
3.65145
6.69744
5.77321
3.19319
2.32632
2.3138
2.30174
2.29144
2.28255
2.27507
3.12265
3.18755
3.53832
3.76315
7.19327
3.13346
3.07487
2.40781
2.40844
2.40222
2.39092
2.37934
2.36958
3.06626
3.11264
3.18555
3.52847
3.85137
3.07012
2.47145
2.50113
2.49447
2.47759
3.06516
3.05746
3.10336
3.18141
3.51422
3.0708
3.18813
2.31784
2.30578
3.08444
3.06815
3.05921
3.05002
3.09343
3.17534
3.15782
3.19259
3.2152
3.0929
3.08364
3.06484
3.05432
3.04299
3.08392
3.13683
3.15947
3.19715
3.21641
3.33967
3.09802
3.09264
3.08252
3.06248
3.05002
3.03665
3.12367
3.13684
3.16011
3.20026
3.22864
3.38672
3.10055
3.09837
3.09282
3.08204
3.0606
3.04626
3.11587
3.12318
3.13643
3.15996
3.20211
3.2395
3.09866
3.10079
3.09879
3.0931
3.08183
3.05901
3.1115
3.11512
3.12244
3.1357
3.15955
3.20299
3.101
3.09838
3.10096
3.09924
3.09351
3.08169
3.1142
3.11112
3.11435
3.12167
3.13488
3.15916
3.10348
3.10072
3.09828
3.10106
3.09968
3.09388
3.10747
3.11037
3.11451
3.11082
3.11367
3.1209
3.13423
3.10333
3.10043
3.09824
3.10113
3.1001
3.10755
3.11074
3.11465
3.11066
3.11307
3.12028
3.10318
3.10017
3.09822
3.1012
3.10764
3.11107
3.11471
3.11057
3.1125
3.10306
3.09993
3.09821
3.10772
3.11138
3.11474
3.11048
3.10294
3.09972
3.10778
3.11166
3.11476
3.10283
3.10784
3.11191
0.611872
0.921021
2.12093
2.05033
1.83003
1.80103
1.83258
1.36904
1.47457
1.26355
1.80881
1.85003
2.14482
2.14371
2.16545
2.16159
2.10575
2.08039
2.01319
1.95878
1.7448
1.56626
1.91247
1.84331
1.99337
1.9909
1.88167
2.10616
2.10795
2.14103
2.15628
2.16328
2.12637
2.08124
2.09205
2.00125
1.94344
2.13242
2.22597
2.1144
2.36211
2.27293
2.1365
2.07569
4.46959
4.70425
3.32637
2.5499
2.45664
3.17355
3.02233
2.68284
2.64618
2.96519
2.86554
2.80929
2.14188
2.11391
2.1292
2.17205
2.22541
2.2179
2.20874
2.2097
2.26273
2.16366
2.45113
2.39417
2.28202
2.29791
3.96844
3.53521
3.4503
3.98476
3.79617
3.42529
3.28031
3.31002
3.1691
2.62055
2.52747
3.08318
2.97612
2.8884
2.81521
2.743
2.14568
2.16425
2.1915
2.24992
2.27622
2.34405
2.36885
2.56629
2.41776
2.36464
2.65331
2.48413
2.42301
3.66962
3.53955
3.48915
3.52738
3.44775
3.36966
3.22765
3.17439
3.05142
2.96048
2.87881
2.73934
2.70059
2.23585
2.25177
2.27596
2.36664
2.38531
2.43639
2.4744
2.58771
2.53963
2.80861
2.73295
2.59629
2.54062
3.18404
3.31864
3.32913
3.35973
3.27922
3.20679
3.11487
3.03141
2.89172
2.97761
2.91231
2.33694
2.55183
2.37813
2.39075
2.43931
2.45242
2.51744
2.85226
2.69179
2.73486
2.8826
2.59706
2.70582
2.67992
2.8829
3.12804
3.15299
3.00083
2.96644
3.08543
3.03094
3.19326
3.24014
3.2177
3.00976
2.98405
3.17394
3.0278
3.04246
2.42687
2.61969
2.53572
2.59441
2.47594
2.47903
2.51125
2.74687
2.81502
2.8686
2.92059
2.67829
2.7534
2.70909
2.91803
2.97931
3.03649
3.03241
3.0973
3.14427
3.12451
3.06821
3.06559
3.07232
3.05998
3.08179
3.12737
3.05152
3.07589
3.03791
3.07597
3.0769
3.09101
3.0734
3.06655
3.07116
2.56003
2.45336
2.52489
2.63824
2.65757
2.53164
2.54429
2.63096
2.94429
2.79788
2.83863
2.67721
2.79822
2.98255
2.96402
3.04146
3.07028
3.09717
3.14031
3.14487
3.20275
3.22692
3.22736
3.19766
3.16933
3.18957
3.14308
3.2031
3.18224
3.18545
3.14429
3.11843
3.10755
3.05703
3.09835
3.10037
3.12572
3.09692
3.07063
3.06113
3.06648
3.06336
3.06716
3.09312
3.23866
2.44979
2.33481
2.41693
2.56402
2.59309
2.67026
2.84046
2.82921
2.86795
3.11047
3.00033
3.00882
3.27065
3.16366
3.14114
3.30507
3.2792
3.36794
3.16547
3.13413
3.16553
3.15383
3.15728
3.08085
3.08245
3.1323
3.10814
3.11374
3.08884
3.06202
3.09258
3.09857
3.08729
3.09073
3.10222
3.37922
3.18468
3.06705
3.02381
3.02726
2.98073
2.77753
3.02492
3.32111
3.09143
3.09108
3.14625
3.1323
3.1389
3.12838
3.13772
3.09342
3.09131
3.12688
3.115
3.10225
3.09167
3.10295
3.0892
3.54216
3.0977
3.09762
3.09741
3.09846
3.09949
3.10035
3.12711
3.11433
3.12563
3.12346
3.12474
3.0982
3.10536
3.10042
3.11331
3.11551
3.09935
3.10181
3.1002
3.10047
3.09942
3.10024
3.11772
3.11473
3.11616
3.11657
3.11618
3.10233
3.10474
3.10812
3.10969
3.11281
3.1117
3.10184
3.10299
3.10117
3.10175
3.11234
3.11222
3.11037
3.10531
3.10962
3.10716
3.1134
3.11207
3.10363
3.10513
3.10732
3.10988
3.10952
)
;

boundaryField
{
    movingWall
    {
        type            zeroGradient;
    }
    fixedWalls
    {
        type            zeroGradient;
    }
    frontAndBack
    {
        type            empty;
    }
    defaultFaces
    {
        type            empty;
    }
}


// ************************************************************************* //
