/*--------------------------------*- C++ -*----------------------------------*\
  =========                 |
  \\      /  F ield         | OpenFOAM: The Open Source CFD Toolbox
   \\    /   O peration     | Website:  https://openfoam.org
    \\  /    A nd           | Version:  8
     \\/     M anipulation  |
\*---------------------------------------------------------------------------*/
FoamFile
{
    version     2.0;
    format      ascii;
    class       volScalarField;
    location    "0.065";
    object      p;
}
// * * * * * * * * * * * * * * * * * * * * * * * * * * * * * * * * * * * * * //

dimensions      [0 2 -2 0 0 0 0];

internalField   nonuniform List<scalar> 
424
(
-4.514e-06
0.0549448
0.0135798
0.118122
0.0956771
0.247625
0.102415
0.0550416
0.27753
0.49554
0.478992
0.491877
0.0114685
-0.150479
0.50811
0.749804
0.508317
0.513986
-0.421992
-0.184052
0.749236
1.00249
0.672874
0.673591
-0.674184
-0.436598
-0.380987
-0.396399
0.988426
1.26992
1.47599
1.53836
0.850202
0.848283
-3.52156
-0.889007
-1.11168
-1.3891
-0.676893
-0.41237
-0.41752
1.23577
1.42964
1.52559
1.41535
1.00685
1.00449
-2.88775
-2.65086
-0.887299
-1.12254
-1.18074
-0.57692
-0.57814
1.4328
1.47052
1.02533
1.02155
-2.26892
-1.12624
-0.759554
-0.757246
1.51791
1.67541
-1.05154
-0.621392
-0.946265
-0.945207
1.92538
1.7087
-0.0206648
-0.598837
-1.01223
-1.03645
2.18169
1.93777
1.8983
1.91152
0.728319
0.00851982
4.37589
2.40411
1.47385
2.10453
2.6824
5.25519
2.88577
2.61766
2.17947
1.94303
1.94877
0.733715
-0.386795
3.94779
2.39746
1.45939
2.08229
2.56929
4.53663
2.64151
2.62751
2.10507
2.10581
-0.162741
-0.412595
2.29276
2.29032
0.393137
-0.163116
2.48809
2.49279
0.979261
0.392569
2.57514
2.60595
1.56102
0.978229
1.82267
1.55616
1.8408
0.130965
0.0406131
0.0477928
0.0788364
0.0946113
0.165937
-0.0272777
0.0103155
0.224513
0.318155
0.333378
0.151107
0.17773
0.219207
0.336159
0.30376
0.294933
0.445439
0.461659
0.44646
0.0654904
-0.000492698
0.0704013
0.0359206
-0.0162694
-0.0625803
-0.0402155
-0.160888
-0.0822153
-0.189133
0.000962384
0.0449833
0.0690645
0.113929
0.305978
0.169841
0.363392
0.353389
0.490764
0.511371
0.583998
0.513442
0.599111
-0.0308056
-0.0330418
-0.185972
-0.202722
-0.231946
-0.267437
-0.27163
-0.0484849
-0.28176
-0.0948432
-0.233466
0.643113
0.639064
0.751047
0.783358
0.679197
0.784465
-0.293679
-0.281609
-0.439144
-0.338938
-0.401503
-0.381384
-0.348948
0.885761
0.885153
0.985869
0.958334
1.05253
0.853804
0.943807
-0.546828
-0.672296
-0.503754
-0.554938
-0.419953
-0.515275
1.13596
1.15073
1.2072
1.21798
1.27455
1.22129
1.10959
1.18322
1.00481
1.08282
-0.788782
-0.883633
-0.696327
-0.776873
-0.58308
-0.700537
1.32538
1.30432
1.31731
1.35457
1.40205
1.38622
1.38254
1.38614
1.39077
1.49791
1.50041
1.44977
1.18467
1.27084
1.03846
1.18546
1.35378
1.38436
1.45393
-1.2654
-1.65517
-2.50196
-2.08796
-1.01827
-1.1173
-1.23151
-1.01888
-0.868095
-0.935381
-0.764245
-0.86999
-1.14725
-1.25485
1.50177
1.4476
1.45842
1.45282
1.51798
1.45795
1.46853
1.51758
1.56269
1.58835
1.68705
1.3404
1.4359
1.51167
1.49516
1.13832
1.26318
-1.4876
-1.41868
-1.63488
-1.23538
-1.08021
-1.10403
-1.14898
-1.00608
-1.07051
-0.942557
-1.01912
-0.854653
-1.19492
-1.10098
-1.07425
-1.11787
-1.22075
1.56627
1.62305
1.69907
1.55625
1.73551
1.73053
1.76242
1.78544
1.56425
1.77376
1.61189
1.73809
-0.817805
-0.723151
-0.941026
-0.594327
-0.698818
-0.564767
-1.09593
-1.10538
-0.7467
-0.756848
-1.02292
-1.12658
-1.03851
-1.07745
-1.24115
-1.172
-1.05086
-0.753268
1.77593
1.78998
1.94084
1.86885
1.91345
1.88614
1.87284
-0.395468
-0.399237
0.0271645
-0.357067
-0.0567707
-0.41174
-0.34486
-1.40075
-1.31499
-1.08181
-1.21412
-1.15624
-1.51013
-1.48562
-1.19796
2.06705
2.18189
2.01575
2.06495
1.94686
2.03003
0.311373
0.738187
0.0737646
0.327581
-0.160599
0.145251
-1.13431
3.71446
4.0668
2.31328
2.39275
2.1887
2.31081
2.11144
2.20104
1.14674
1.45224
0.806036
1.13723
0.417344
0.792422
2.57847
3.13397
2.5337
2.62168
1.88886
2.07566
2.3738
2.73885
3.01105
2.74797
3.2176
2.65033
2.52464
2.40089
2.47262
2.29177
2.39322
1.90381
1.44094
1.52927
0.981557
1.35575
2.28351
2.92141
2.65901
2.62053
2.17944
2.2052
2.79792
2.6801
2.70141
2.67882
2.58136
2.59595
2.479
2.58925
1.7919
2.03815
1.56981
1.77238
2.39697
2.65506
2.62625
2.64324
2.15865
2.35992
2.76896
2.63487
2.67418
2.59413
2.66897
1.84543
2.12325
2.62704
2.97747
2.88875
2.53057
2.56605
3.09529
3.05861
2.6379
2.55883
)
;

boundaryField
{
    movingWall
    {
        type            zeroGradient;
    }
    fixedWalls
    {
        type            zeroGradient;
    }
    frontAndBack
    {
        type            empty;
    }
    defaultFaces
    {
        type            empty;
    }
}


// ************************************************************************* //
