/*--------------------------------*- C++ -*----------------------------------*\
  =========                 |
  \\      /  F ield         | OpenFOAM: The Open Source CFD Toolbox
   \\    /   O peration     | Website:  https://openfoam.org
    \\  /    A nd           | Version:  8
     \\/     M anipulation  |
\*---------------------------------------------------------------------------*/
FoamFile
{
    version     2.0;
    format      ascii;
    class       volScalarField;
    location    "3000";
    object      nut;
}
// * * * * * * * * * * * * * * * * * * * * * * * * * * * * * * * * * * * * * //

dimensions      [0 2 -1 0 0 0 0];

internalField   nonuniform List<scalar> 
4109
(
0.00066662
0.000661484
0.000658827
0.000666313
0.000669019
0.000677405
0.000672445
0.000677786
0.000675051
0.000657108
0.000666936
0.000678544
0.000668885
0.000671417
0.000676645
0.000677636
0.00066597
0.000673717
0.000679224
0.000675739
0.000660144
0.000678637
0.000673985
0.000678073
0.000673687
0.000668225
0.000656506
0.000672678
0.000677796
0.000681378
0.000677352
0.000677058
0.000665116
0.00067127
0.0006774
0.000682465
0.000673909
0.000667057
0.000667211
0.000670355
0.000667503
0.000662728
0.000674015
0.000681482
0.000678131
0.00148601
0.000802396
0.000677802
0.000677454
0.000661437
0.000673115
0.000677465
0.000676971
0.000672724
0.000675284
0.000661469
0.000661532
0.000678046
0.000676403
0.000669775
0.000675361
0.00196417
0.000684655
0.000680091
0.000679297
0.000695066
0.00123466
0.000678704
0.000673478
0.000659801
0.000671612
0.000678935
0.000689437
0.000677355
0.000679782
0.000673533
0.000670758
0.000667177
0.000648662
0.00067492
0.000679423
0.000679848
0.000675748
0.000668644
0.000728756
0.000739207
0.0015277
0.0019301
0.00194804
0.000684498
0.000685495
0.000680569
0.000680258
0.000680461
0.000655767
0.000945854
0.000676847
0.000660901
0.00069215
0.000686003
0.000682332
0.000686538
0.000692451
0.000684845
0.000673052
0.000676287
0.000674451
0.000665637
0.000657005
0.000678696
0.00065328
0.00068078
0.000680664
0.00067704
0.000670712
0.00209727
0.000825539
0.000989927
0.00126712
0.0019704
0.00201034
0.000670067
0.000687796
0.000689215
0.000682885
0.000682035
0.000681575
0.000677099
0.000939141
0.000634919
0.000665076
0.000692982
0.000689521
0.000694141
0.000692902
0.000681225
0.000689443
0.000676526
0.000673733
0.000672439
0.000659861
0.00067766
0.000681665
0.000681499
0.000682121
0.000678212
0.000671116
0.0017569
0.00102468
0.00194683
0.00131328
0.00201116
0.000803419
0.000690524
0.000688853
0.000683248
0.000682935
0.00068298
0.000681125
0.000664762
0.000819247
0.000642403
0.000694228
0.000690487
0.000696296
0.000694303
0.000695497
0.000696317
0.000680837
0.000679228
0.00067697
0.000671121
0.000655573
0.000680019
0.000674681
0.000683536
0.000683206
0.000678964
0.000673503
0.00118913
0.00227608
0.00121566
0.00194056
0.00199555
0.000751515
0.000685815
0.000686142
0.000684843
0.000682641
0.000684504
0.000668439
0.000861085
0.000646985
0.000688896
0.000689207
0.000697155
0.000692024
0.000697555
0.000700321
0.000691743
0.000685022
0.000679229
0.00067685
0.000673271
0.000662566
0.000682556
0.000676045
0.000684286
0.000684252
0.000681519
0.000673598
0.00116459
0.00214421
0.00198162
0.00117314
0.00202819
0.000747373
0.000685985
0.00068805
0.000685589
0.000671734
0.000857703
0.000638923
0.000689096
0.00069111
0.000692439
0.000692302
0.000695298
0.000700714
0.000698417
0.000702046
0.00068664
0.000682457
0.000679887
0.000674939
0.000659752
0.000685247
0.000672577
0.000685583
0.000685894
0.000682373
0.000683524
0.00067645
0.0010975
0.00216637
0.00120682
0.00196801
0.00201432
0.000729567
0.000688587
0.000688756
0.000679207
0.000857652
0.000657372
0.000692168
0.00069162
0.000694056
0.000695804
0.000695598
0.000695854
0.000701318
0.00070361
0.000696693
0.000693042
0.000682286
0.000678424
0.000666233
0.000683501
0.000688397
0.000674404
0.000687144
0.00068507
0.00067634
0.000685538
0.00218326
0.00104702
0.00198901
0.00118778
0.00204
0.000724402
0.000782843
0.000674549
0.000681421
0.00085126
0.000659341
0.000692711
0.00068986
0.00069459
0.0006986
0.000699196
0.00069712
0.000698764
0.000704659
0.000703081
0.000707616
0.000698337
0.000692275
0.000662498
0.000680371
0.000675036
0.000684961
0.000685326
0.000692611
0.000674001
0.000690215
0.00067952
0.000687188
0.00101602
0.00217118
0.00196082
0.00114726
0.00201511
0.000713234
0.000754227
0.000791965
0.000796536
0.000776138
0.000781047
0.000789428
0.000934127
0.00066048
0.000632033
0.000675282
0.000662217
0.000688264
0.000694412
0.000701226
0.000696716
0.000699048
0.000710218
0.000699522
0.000705478
0.000710252
0.000707384
0.000699009
0.000706458
0.000701032
0.000673297
0.000677396
0.000686291
0.000688454
0.000679284
0.0006947
0.000677242
0.000691019
0.000689165
0.00098621
0.00223345
0.00196221
0.000704606
0.000781649
0.000845627
0.000776562
0.000788894
0.000787184
0.000805403
0.000707786
0.000723056
0.000731182
0.000762507
0.000766352
0.000739405
0.000774973
0.000783626
0.00147098
0.000616254
0.000602376
0.000642285
0.000694463
0.000712885
0.000697951
0.000699962
0.000702224
0.000700739
0.000709239
0.000702444
0.000709218
0.000715881
0.000714409
0.000708488
0.000719718
0.000730565
0.000729091
0.000666378
0.000682994
0.000689836
0.000688671
0.000682667
0.000690363
0.000696157
0.000674257
0.000694434
0.0009547
0.00236988
0.000812917
0.000817778
0.000783554
0.000782797
0.000801207
0.000722358
0.000710015
0.000739573
0.00072885
0.00073474
0.000743961
0.000750938
0.00078008
0.000773021
0.000771031
0.00251383
0.00108281
0.00055006
0.000617111
0.000685147
0.000713753
0.000713381
0.000700484
0.000704151
0.00070036
0.000702779
0.00070872
0.000703469
0.000718359
0.000718383
0.000723985
0.000723503
0.000728303
0.000726314
0.000678459
0.000685221
0.000693821
0.000693995
0.000691274
0.000682441
0.000692461
0.000696406
0.000699829
0.000700011
0.000676482
0.000981887
0.000792404
0.000845205
0.000813598
0.000783767
0.000789003
0.000800714
0.000729181
0.000719264
0.000725845
0.00073684
0.000740067
0.000740451
0.000729982
0.000732529
0.000734725
0.000755152
0.000775065
0.000770398
0.000767088
0.00240636
0.00188747
0.000629154
0.000630131
0.000682803
0.000713236
0.00071153
0.000699839
0.000703768
0.000705576
0.000704536
0.000706444
0.000716621
0.000717352
0.00072241
0.000722517
0.000722847
0.000726498
0.000672547
0.000695167
0.000691413
0.000696601
0.000697503
0.000685975
0.000685734
0.000693736
0.000697294
0.000689701
0.0015057
0.0017791
0.000703755
0.000651922
0.000816201
0.0008158
0.000834058
0.000843411
0.000818474
0.000779392
0.000787528
0.000804596
0.000732341
0.000729804
0.000734656
0.00074018
0.000749291
0.000738791
0.000754095
0.000735516
0.0007412
0.000764273
0.000759209
0.000770821
0.000774489
0.00278706
0.00217937
0.00236994
0.000591554
0.000604178
0.000676028
0.000707724
0.000710786
0.00070338
0.000708576
0.000705659
0.000706809
0.000712341
0.000715506
0.000717361
0.000720665
0.000723511
0.000728441
0.000729592
0.000686519
0.000689663
0.000704265
0.00069706
0.000696096
0.000696619
0.000699743
0.000705148
0.000689766
0.000692919
0.000650524
0.00060912
0.000833277
0.000811154
0.000822821
0.000772178
0.000753121
0.000853262
0.000810039
0.000783689
0.000786126
0.000799478
0.000735317
0.000733734
0.000732548
0.000762816
0.00074474
0.000749484
0.000739535
0.000741817
0.000760119
0.000755395
0.000767055
0.000773012
0.000721635
0.00284966
0.00248784
0.00250292
0.000636258
0.000600372
0.000674825
0.000708723
0.000711171
0.000707928
0.000700745
0.00070974
0.000713253
0.000715882
0.000718168
0.000720999
0.000724378
0.000726665
0.000730681
0.000732654
0.000677461
0.000699524
0.000701348
0.00070218
0.000701214
0.000703283
0.000702603
0.000701552
0.000690972
0.000698243
0.000698538
0.000682305
0.000833755
0.000762114
0.000775929
0.000825512
0.000768338
0.000858778
0.000806156
0.000785537
0.000791953
0.000800142
0.000808147
0.000738785
0.000736161
0.000736587
0.000732746
0.000742885
0.000752132
0.000748784
0.000759373
0.000764204
0.00077204
0.000772974
0.000699739
0.0029055
0.00258029
0.00264808
0.000610644
0.000589489
0.000668017
0.000714166
0.000709995
0.000712523
0.00070761
0.000714458
0.000718745
0.000723483
0.000719201
0.000724656
0.000729711
0.000729243
0.000734192
0.000737183
0.000690588
0.0006943
0.000709379
0.000707811
0.000704253
0.000705805
0.000709927
0.000693733
0.000695739
0.000699235
0.000655102
0.00082534
0.000807001
0.000754352
0.000745641
0.000768304
0.000808853
0.000760515
0.000818821
0.00084857
0.000783231
0.000794061
0.00079613
0.000809212
0.000741998
0.000737883
0.0007391
0.000738973
0.000738732
0.00074731
0.000747499
0.000745284
0.000756144
0.000765072
0.000775426
0.00077977
0.000796999
0.00293712
0.00277208
0.00267188
0.000640321
0.000581622
0.000682362
0.00071571
0.000712706
0.000705244
0.000715773
0.000719126
0.000722539
0.000720526
0.000726677
0.000731712
0.000734371
0.000735652
0.00073837
0.000685476
0.000706242
0.00070806
0.000694951
0.000708172
0.000706523
0.000708097
0.000704475
0.000699423
0.000700359
0.000650143
0.000845329
0.000821365
0.000823159
0.000792267
0.000736472
0.000737744
0.000751785
0.000773107
0.000801711
0.000773511
0.000735648
0.000829516
0.000837311
0.000849638
0.000782745
0.000796472
0.000798009
0.000798372
0.000743635
0.000740385
0.000737117
0.000738381
0.000747728
0.000753438
0.000746811
0.000783374
0.000761238
0.000761566
0.000773242
0.000721042
0.00298115
0.00287794
0.00282546
0.00068283
0.000615376
0.000594909
0.000721139
0.000712266
0.000722621
0.000718705
0.000725865
0.000726004
0.000723094
0.000732461
0.000734356
0.000735735
0.000700274
0.000704206
0.00071307
0.000697667
0.000700476
0.000712301
0.000707509
0.000709266
0.000715088
0.000700199
0.000645354
0.000694303
0.000705103
0.000824769
0.000810524
0.000811036
0.00078288
0.000733993
0.00075163
0.000771076
0.000765716
0.000792585
0.000723135
0.00072049
0.000719677
0.000711725
0.000703351
0.000833502
0.000814181
0.000830033
0.000815876
0.000786427
0.000785195
0.000787096
0.000784132
0.000745601
0.000741332
0.000743367
0.000755038
0.00075122
0.000749793
0.00074309
0.000772467
0.000772577
0.00076588
0.000769388
0.000862044
0.00308067
0.003018
0.00266142
0.000601636
0.000591593
0.000716395
0.00066857
0.000733367
0.000721326
0.000730999
0.000734059
0.000737604
0.000699794
0.000716519
0.000699384
0.000702584
0.000708991
0.000713349
0.000710727
0.000712196
0.000647471
0.000700358
0.000704605
0.000705744
0.000704582
0.000810358
0.000803001
0.000801587
0.000773699
0.000731446
0.000758601
0.000788226
0.000758369
0.000739198
0.000722786
0.000722326
0.000714225
0.000711871
0.000701136
0.000712633
0.000819152
0.000851431
0.000813152
0.000820597
0.000772634
0.000775945
0.000779165
0.000764174
0.000744143
0.000743614
0.00075278
0.000747537
0.000753148
0.000748821
0.000747915
0.000773077
0.000774199
0.000764009
0.000600751
0.00301788
0.00303548
0.00271918
0.000583524
0.000579203
0.000739759
0.00103261
0.000729068
0.000734104
0.000737334
0.000726354
0.000701943
0.000705363
0.000719139
0.000713343
0.000717106
0.000710645
0.000668322
0.000709522
0.000715242
0.000722546
0.000798205
0.000800707
0.000795473
0.000791689
0.000765053
0.00076085
0.000779182
0.000751578
0.000743675
0.000753169
0.000736905
0.000726932
0.000734466
0.000729807
0.00072856
0.000729323
0.000780501
0.00080262
0.000785539
0.000810352
0.000764549
0.00076335
0.000772525
0.000767059
0.000786337
0.000744699
0.000759009
0.000754338
0.000753462
0.000751401
0.000747544
0.000761087
0.000763733
0.000762832
0.000652085
0.00316589
0.00311481
0.00308821
0.000521571
0.000730961
0.000624399
0.00073728
0.000739604
0.000704122
0.000706802
0.000713763
0.000716704
0.000718303
0.000715132
0.000681495
0.000709599
0.000731107
0.000706684
0.000796965
0.000794569
0.000788689
0.000778046
0.000756886
0.000774881
0.000746095
0.000767532
0.000764999
0.00075651
0.000736836
0.000740971
0.000751557
0.000743502
0.000747355
0.000811957
0.000786015
0.000803334
0.000757013
0.000755443
0.000762665
0.000778092
0.000778295
0.000754647
0.000751564
0.00074788
0.000756304
0.000753959
0.000752845
0.000541555
0.00315377
0.00451646
0.000982819
0.000747204
0.00062464
0.000742939
0.000710469
0.000723583
0.000717953
0.000724019
0.000714953
0.000687676
0.000709299
0.000711613
0.000785508
0.000782356
0.000777861
0.000770986
0.000751427
0.000740671
0.000736378
0.000731843
0.000728246
0.000711949
0.000714869
0.000724374
0.000717777
0.00072109
0.000778716
0.000794243
0.000788784
0.00075298
0.000759068
0.000774433
0.000752274
0.000774515
0.000752665
0.000748299
0.000751739
0.000750803
0.000752074
0.000756435
0.0054309
0.00515311
0.00141608
0.000765342
0.000573571
0.000718993
0.000721464
0.000716388
0.00072021
0.000692854
0.000715807
0.000728339
0.00078169
0.000784
0.000769992
0.000762461
0.000745371
0.000741587
0.000736439
0.000733801
0.000716941
0.000721389
0.000729071
0.000722717
0.0007273
0.000768414
0.000776976
0.000780054
0.000761135
0.000763823
0.000753084
0.000769159
0.000747995
0.000747102
0.000746549
0.000749368
0.00112686
0.000979285
0.00628688
0.00682748
0.00239357
0.00122808
0.000722932
0.00072001
0.000727591
0.000725509
0.000632261
0.000724663
0.0007265
0.000766124
0.000767332
0.000764501
0.000760206
0.000752361
0.000751606
0.000743994
0.000733394
0.000730727
0.000744563
0.000738681
0.000737047
0.000768885
0.000764093
0.000769744
0.000759114
0.000750436
0.000753619
0.000760967
0.000871409
0.000966711
0.00155542
0.00833645
0.00824047
0.0013578
0.00103474
0.00190876
0.00072432
0.000722461
0.000726674
0.000734787
0.000564725
0.000728245
0.000724396
0.000769563
0.000767398
0.000759356
0.000754433
0.000749872
0.000746371
0.000731887
0.00073398
0.000742773
0.000739921
0.00073696
0.000766272
0.000765846
0.000757014
0.000754798
0.000754962
0.000758226
0.000575857
0.000754576
0.000793207
0.00245542
0.00119626
0.000836348
0.00188696
0.00179724
0.000728772
0.000725073
0.000749348
0.000537001
0.000730773
0.00072619
0.000755611
0.000757067
0.000754632
0.000749544
0.000747144
0.000729115
0.000736722
0.000742527
0.000741542
0.000736524
0.000765151
0.000762563
0.000749428
0.000763755
0.000750748
0.000752234
0.000473331
0.000481701
0.000625451
0.000612693
0.000561967
0.00184235
0.000996386
0.00063873
0.00161917
0.00166804
0.000729453
0.000736926
0.000767674
0.000732449
0.000731861
0.00073143
0.000756102
0.000749955
0.000748685
0.000743728
0.000737027
0.000732883
0.000743407
0.000739525
0.000737737
0.000760135
0.000748733
0.000759779
0.000747329
0.000747854
0.000374422
0.00038719
0.000487774
0.000432043
0.0016363
0.000406778
0.00191215
0.00153338
0.000776416
0.000447338
0.00133283
0.00152392
0.000725605
0.000745283
0.000731106
0.000733566
0.000735269
0.000750785
0.000749787
0.000749184
0.000745057
0.00073795
0.000737596
0.000743927
0.000740876
0.000739949
0.000755115
0.000745844
0.000742829
0.00138671
0.000287849
0.000294466
0.000346583
0.000258397
0.00141377
0.000280417
0.0019726
0.00159876
0.00122105
0.000550731
0.00026753
0.00103023
0.00136442
0.000739028
0.000729024
0.000735002
0.000731142
0.000740005
0.000742342
0.000745437
0.000743547
0.000736349
0.000737014
0.00074329
0.000740244
0.000740393
0.00141055
0.00115367
0.000214162
0.000204412
0.00020764
0.000103103
0.0011662
0.000183707
0.00202841
0.00164684
0.0012853
0.000922145
0.000332105
0.00010873
0.000728001
0.00118284
0.00162018
0.00114863
0.000939148
0.00015082
0.000119977
8.13898e-05
7.25038e-06
0.000908373
0.000109493
0.00223958
0.00169701
0.00132345
0.000980215
0.000643954
0.000138627
8.72368e-06
0.0004432
0.000977889
0.00189988
0.00129666
0.000928244
0.000734182
9.26509e-05
4.46848e-05
4.63506e-06
0.000653147
5.75077e-05
0.0012556
0.00194708
0.00136942
0.00100911
0.000691601
0.000392989
1.45476e-05
0.000197861
0.00257261
0.00147374
0.00102263
0.000727867
0.000534183
3.7654e-05
1.52166e-06
0.000408074
3.12021e-05
0.00113315
0.000963888
0.00160765
0.00105071
0.000712218
0.000426937
0.000178141
3.37994e-05
0.00425477
0.00197195
0.00111922
0.000798765
0.000539282
0.000341543
1.08612e-06
0.0001869
0.00141733
0.000947352
0.000716807
0.00124651
0.000746598
0.000440589
0.000196641
2.72817e-05
0.00438275
0.00366671
0.00146704
0.000820711
0.000599999
0.000357279
0.000162354
2.62907e-05
0.00183978
0.00121074
0.000772483
0.000507445
0.000886759
0.000465267
0.000204826
3.21049e-05
0.00546715
0.00366321
0.00300728
0.00104959
0.000579493
0.000414117
0.000181671
2.42767e-05
0.00217779
0.00146715
0.00100062
0.000604806
0.000331549
0.000550654
0.000218712
3.5074e-05
0.00451765
0.00470154
0.00292861
0.00234646
0.00071009
0.000394284
0.000229542
3.46974e-05
0.00236271
0.00172919
0.00112089
0.000785301
0.000441625
0.000188064
0.000260342
3.95353e-05
0.00400197
0.00376565
0.00389164
0.00221461
0.00173579
0.000415404
0.000242322
6.24893e-05
0.00238555
0.00187164
0.00131702
0.000808094
0.000560756
0.0002854
7.85087e-05
5.33385e-05
0.00381938
0.00336775
0.00301158
0.00309169
0.00156831
0.00119345
0.000209184
8.85811e-05
0.00222802
0.00189042
0.00142246
0.000947995
0.000533774
0.000326934
0.000130691
1.52297e-05
0.00377061
0.00320499
0.00270145
0.00225735
0.00233412
0.00101281
0.000647936
8.02299e-05
0.00186879
0.00177233
0.00143751
0.00102198
0.000626272
0.000301662
0.00012439
1.38364e-05
0.0039447
0.00316314
0.00257031
0.00204916
0.0015486
0.0016401
0.000552345
0.000141266
0.00142724
0.0014903
0.00135217
0.0010335
0.000674069
0.000354755
0.000117221
9.39176e-06
0.00437289
0.00329241
0.0025354
0.0019522
0.00143727
0.000928468
0.000960305
0.000214837
0.00109245
0.00121605
0.00113908
0.000975066
0.000682269
0.000381291
0.000139651
9.39166e-06
0.00524958
0.003645
0.00262874
0.00192469
0.00137243
0.000889921
0.000449273
0.000258578
0.00125121
0.000913548
0.00100252
0.000821996
0.000645278
0.000386396
0.00015051
1.31747e-05
0.00408247
0.00451503
0.00291803
0.001987
0.00135209
0.000852624
0.000435754
0.000143477
0.00220891
0.000961791
0.000746235
0.000784757
0.000543531
0.000366303
0.00015287
1.51713e-05
0.00401464
0.00330699
0.00368408
0.00220852
0.0013882
0.000838622
0.000418948
0.000125084
0.00202489
0.00191172
0.000713039
0.00058522
0.000558065
0.000307665
0.000144939
1.56565e-05
0.00253881
0.00337316
0.00253488
0.00281599
0.00155767
0.000851941
0.000410484
0.000120227
0.00194539
0.00168964
0.00157262
0.00050357
0.000427471
0.000324366
0.00012024
1.42459e-05
0.00192706
0.00189796
0.00260663
0.00181635
0.00196177
0.000992452
0.000409287
0.00011581
0.00187628
0.00161796
0.00135865
0.00121488
0.000328612
0.000275853
0.000123384
1.00567e-05
0.00169469
0.00150137
0.00133106
0.00179488
0.00120824
0.00115632
0.000520747
0.000111432
0.00181161
0.00156269
0.00129533
0.00103897
0.00086162
0.000186279
0.000125366
9.38443e-06
0.00141588
0.0013623
0.00114682
0.000865018
0.00105812
0.000697087
0.00039388
0.000163308
0.0019133
0.0018686
0.00150153
0.00125163
0.000984478
0.000736056
0.00053321
7.70963e-05
1.26008e-05
0.00139079
0.00115052
0.00106997
0.000853098
0.000508507
0.000478569
0.000304148
3.52863e-05
0.00137004
0.00179338
0.00159704
0.00119075
0.000951534
0.000692426
0.000457028
0.000249952
1.39578e-05
0.00161513
0.00115649
0.000928524
0.000821108
0.000607006
0.000267052
0.000146799
8.95041e-05
0.000566025
0.00120788
0.0011936
0.00165776
0.00131045
0.00089621
0.0006693
0.00042603
0.0002132
4.94585e-05
0.00140785
0.000941414
0.000731163
0.000605531
0.000410697
0.000137318
4.02173e-05
0.00040836
0.00050151
0.0011632
0.00101654
0.000985548
0.00150881
0.00100961
0.000624279
0.00041139
0.000196408
3.72611e-05
0.000630505
0.000940889
0.00116922
0.000736504
0.000544551
0.000409715
0.00025239
9.46096e-05
0.000280043
0.00039971
0.000994847
0.000819458
0.000762997
0.0013449
0.000710688
0.000380252
0.000188084
3.21274e-05
0.000523459
0.000815883
0.00091463
0.000536501
0.000361152
0.000227116
9.66628e-05
0.000183533
0.00030888
0.000814238
0.000623513
0.000537591
0.00116071
0.000430392
0.000171696
2.9358e-05
0.000418951
0.000677304
0.000659892
0.000343284
0.000183982
6.45699e-05
0.000109872
0.000231162
0.000627621
0.000434805
0.00032184
0.000953855
0.000189816
2.53537e-05
0.000317675
0.000528778
0.000413467
0.000163505
3.60956e-05
5.95559e-05
0.000163993
0.000441711
0.000258556
0.00013243
3.08791e-05
0.000220481
0.000376428
0.000190288
2.47272e-05
3.22539e-05
0.000101612
0.000263598
0.000103703
1.30161e-05
0.000130238
0.000226771
2.73944e-05
4.19062e-05
0.000105295
7.69093e-06
4.95969e-05
9.05257e-05
1.35775e-06
7.52704e-06
1.96948e-06
5.85707e-06
0.000739591
0.000739072
0.000740658
0.000740892
0.000741797
0.000741003
0.000741166
0.000742202
0.00074003
0.000738886
0.00074017
0.000740617
0.000741444
0.00074139
0.000742053
0.000744862
0.000758754
0.000764186
0.000768415
0.000778207
0.000781983
0.000744003
0.000747461
0.000741883
0.000743743
0.000742491
0.000740688
0.000742166
0.000743602
0.000741022
0.000794422
0.0007987
0.000740013
0.000740077
0.000740969
0.000741185
0.000742298
0.000742118
0.00074555
0.000748118
0.000751263
0.000753321
0.000756745
0.000764559
0.000772246
0.000775191
0.000789737
0.000793901
0.000819099
0.000820952
0.000750106
0.000753159
0.0007558
0.000759586
0.000764048
0.000771572
0.000780729
0.000743749
0.000747904
0.000741676
0.000742641
0.000742631
0.000740879
0.000743438
0.000744619
0.00074238
0.000778273
0.000786251
0.000840331
0.000849305
0.0008088
0.000808793
0.000833492
0.000739875
0.000740625
0.000741234
0.000742449
0.000743896
0.000745473
0.000749496
0.00075101
0.000758007
0.000759943
0.000764842
0.000770763
0.000786785
0.000790124
0.000809476
0.000808813
0.000831316
0.000834048
0.000860217
0.000869451
0.000906477
0.000900036
0.000922931
0.00074704
0.000751965
0.000753489
0.00075821
0.000763776
0.000743761
0.000746852
0.000741633
0.00074195
0.000743587
0.00074154
0.000744497
0.000744468
0.000744745
0.000763749
0.000780079
0.000780963
0.000803499
0.000811531
0.000906249
0.000853371
0.000893069
0.000835653
0.000850582
0.00074286
0.000743125
0.000745376
0.000746139
0.000750105
0.00075061
0.00075743
0.000756012
0.000766311
0.000762429
0.00077634
0.000779885
0.000811978
0.000812579
0.000832907
0.000835238
0.000857417
0.000866199
0.000885941
0.000896875
0.000950269
0.000951809
0.000999652
0.00101887
0.000983179
0.00102585
0.0010317
0.00122867
0.000746523
0.00075176
0.000753081
0.000756984
0.00074594
0.000745379
0.000743833
0.000746528
0.000742157
0.00074197
0.000744434
0.00074375
0.000741997
0.000746274
0.000745148
0.000760943
0.000772092
0.00078055
0.00152745
0.00135175
0.00150122
0.000800592
0.000803241
0.000830739
0.000844751
0.000907583
0.000920133
0.00106746
0.000972928
0.000862547
0.000910851
0.000750656
0.000748261
0.00075452
0.000750951
0.000759637
0.000754654
0.000764768
0.000760843
0.000764878
0.000770333
0.00078171
0.000783303
0.000794044
0.000818826
0.000846555
0.000821478
0.000850102
0.000970766
0.000970241
0.000964162
0.00103072
0.0020289
0.00209202
0.00175432
0.00117964
0.00118036
0.00129848
0.00124857
0.00125067
0.00137634
0.00138866
0.00186774
0.00156413
0.00355191
0.00332299
0.00339938
0.00210639
0.00299631
0.00280562
0.00246296
0.0021232
0.000746572
0.000750832
0.000750454
0.000755443
0.000744147
0.000743566
0.000743951
0.00074566
0.000742594
0.000742567
0.00074217
0.000746426
0.00074544
0.00074428
0.000743668
0.000760336
0.000773904
0.000803091
0.000781742
0.000798224
0.00366281
0.00367439
0.00284404
0.00272603
0.00214438
0.00111943
0.00137241
0.00156537
0.00192567
0.000837894
0.000839621
0.000848535
0.000847406
0.0008923
0.000903957
0.000993577
0.000977529
0.00105895
0.0036327
0.00342473
0.0012615
0.00328192
0.00288452
0.00263623
0.00148372
0.00179024
0.00189187
0.0026306
0.000779848
0.000767097
0.000783436
0.000769714
0.000785982
0.000775028
0.000789734
0.000790081
0.000798091
0.000795874
0.000810632
0.000810968
0.000851238
0.000875426
0.000928868
0.000900941
0.00114112
0.00133244
0.00110027
0.0017397
0.00142776
0.00132824
0.00163066
0.00146176
0.00143846
0.00252474
0.00304884
0.00350265
0.00304393
0.00268103
0.00228324
0.00180554
0.00167016
0.00184405
0.00200588
0.00259943
0.00190695
0.00204164
0.00348452
0.00354978
0.00361211
0.00369901
0.0035697
0.00340323
0.00329228
0.00330245
0.00138579
0.00136694
0.0028473
0.00297146
0.00153374
0.00160429
0.00191157
0.00254625
0.00207309
0.00240957
0.000746571
0.000749743
0.000749113
0.000758497
0.000743209
0.000742992
0.000742975
0.000743889
0.000745188
0.000746443
0.000745198
0.000744522
0.000743516
0.00074339
0.000743107
0.00075861
0.00077432
0.000776342
0.000795101
0.000799456
0.000825581
0.000793972
0.00349675
0.00374751
0.00338223
0.00370994
0.00365045
0.00274152
0.00332294
0.00262432
0.00215023
0.000836869
0.00192137
0.00117839
0.00175575
0.00134588
0.000885124
0.00087906
0.000896321
0.000889989
0.000922683
0.000911952
0.00103547
0.00103013
0.00117614
0.0036967
0.00339263
0.00375708
0.00113346
0.00120527
0.000952178
0.003238
0.00280029
0.00265879
0.00180194
0.0011418
0.00157834
0.000621347
0.000826717
0.00386318
0.00129164
0.000684881
0.000842471
0.000776581
0.000875703
0.000862284
0.000903706
0.00094208
0.000878865
0.000869868
0.000944533
0.000951398
0.00114534
0.00121788
0.00171072
0.00132784
0.00174863
0.00134698
0.00131256
0.00176839
0.00148406
0.0016092
0.00186903
0.0022373
0.00184434
0.00156228
0.00203093
0.00181013
0.00215249
0.00203287
0.00274086
0.00314637
0.00354038
0.00335218
0.00294805
0.00246885
0.00247798
0.00227071
0.00280507
0.00231812
0.00251913
0.00360681
0.00349823
0.00368477
0.00355543
0.0036267
0.00333145
0.00339034
0.00287805
0.00312524
0.00303458
0.00146098
0.00162583
0.00247886
0.00263914
0.00227146
0.00215561
0.00196175
0.000757618
0.000746429
0.00074886
0.000748621
0.000743111
0.00074374
0.000744834
0.000759411
0.000745965
0.000744883
0.000744501
0.000743737
0.000743854
0.000743355
0.000743826
0.000743903
0.000746842
0.000745109
0.000744493
0.000748485
0.000748035
0.000750366
0.000772419
0.000773719
0.000776395
0.000785549
0.000839866
0.000810636
0.000808882
0.000797693
0.00381245
0.00380541
0.00353923
0.00244616
0.00335136
0.00283984
0.000869265
0.000912283
0.000929375
0.00241401
0.00141226
0.00226982
0.00154976
0.000953552
0.000929596
0.00100619
0.000987828
0.00116211
0.00116695
0.00133762
0.00376664
0.00378132
0.00357316
0.0038785
0.00392553
0.00339499
0.000839726
0.000904334
0.000674219
0.00293985
0.00271197
0.00207913
0.00150867
0.000864567
0.00909147
0.0082151
0.00217149
0.000903193
0.00742651
0.00528201
0.00139116
0.000908103
0.00114838
0.000910336
0.00107628
0.000993682
0.00112856
0.00127167
0.00124683
0.00177129
0.00181049
0.00151464
0.00223658
0.00173177
0.00194827
0.00250708
0.00247213
0.0027018
0.00222155
0.00239227
0.00258332
0.00287063
0.00222855
0.00242727
0.00264728
0.00234669
0.0027329
0.0024354
0.0034873
0.00319259
0.00339218
0.00330513
0.00307346
0.0030534
0.00318664
0.0030594
0.00297683
0.00365222
0.00349372
0.00341724
0.00352599
0.00349036
0.00302798
0.0032809
0.0025731
0.00277336
0.00215372
0.0022875
0.000756057
0.000753083
0.000749775
0.000756917
0.000744127
0.00074602
0.000747585
0.000755077
0.000761102
0.000745235
0.000744222
0.000744297
0.000743614
0.000744015
0.000743629
0.000744637
0.000744822
0.000748051
0.00074203
0.000747166
0.000748482
0.000751013
0.000752564
0.000771272
0.00077429
0.000786572
0.000794707
0.000867551
0.000838642
0.000840217
0.000812769
0.00317554
0.00330796
0.00384298
0.000924281
0.000943729
0.000945474
0.00102937
0.000981192
0.00233494
0.00297651
0.00165239
0.00209749
0.00138127
0.00129014
0.00167168
0.00169719
0.00150478
0.00370191
0.00391642
0.00394089
0.00374338
0.0037467
0.00351728
0.003033
0.00276476
0.000615788
0.00070464
0.00239456
0.0018837
0.0014595
0.000788064
0.00915404
0.0103075
0.00382684
0.00830508
0.0101741
0.00984329
0.00550958
0.00340406
0.00942711
0.00895589
0.00456658
0.00252721
0.00352427
0.00204448
0.00294026
0.00185636
0.00253142
0.00252405
0.00203425
0.00299196
0.0026163
0.00261896
0.00252059
0.00265114
0.00315539
0.00306914
0.00311571
0.00334468
0.00306534
0.00279484
0.00323986
0.00342011
0.00288872
0.00317141
0.00338454
0.00308251
0.00338497
0.00361016
0.00345768
0.00359854
0.00346778
0.0035701
0.00344407
0.00345025
0.0034752
0.00355027
0.00354173
0.0031542
0.00337471
0.00269561
0.00284722
0.00216564
0.0023279
0.000759238
0.00075684
0.000756166
0.000753956
0.0007494
0.000749906
0.000753674
0.00075902
0.000765923
0.000746977
0.000741821
0.000746821
0.000742318
0.000748182
0.000744803
0.000750849
0.000746208
0.000747584
0.000749213
0.000750673
0.000752761
0.000754039
0.000776166
0.000776749
0.000787472
0.000815808
0.000803221
0.000780863
0.000911373
0.000872141
0.000876067
0.000845957
0.000949518
0.00382963
0.00337777
0.000983373
0.000929775
0.00121206
0.0011117
0.00181089
0.00214469
0.00219751
0.00210999
0.00305078
0.00258043
0.00229443
0.00248703
0.00234391
0.00394814
0.00414287
0.00377833
0.00396765
0.00324259
0.00293787
0.00237934
0.00219333
0.0018914
0.0017961
0.000609293
0.00134842
0.00767511
0.00987826
0.00229534
0.00576166
0.00966999
0.0106803
0.0085752
0.00738796
0.0107099
0.010259
0.0069495
0.00582202
0.00571916
0.00380061
0.00439578
0.00351574
0.00316362
0.00331512
0.00416148
0.00345202
0.00393342
0.00334426
0.00360608
0.00363594
0.00388173
0.00378882
0.00375839
0.00362668
0.00356729
0.00335279
0.00366414
0.00381443
0.00345248
0.00361667
0.00372639
0.0035941
0.00370644
0.00358687
0.00354836
0.00355142
0.00364187
0.00363167
0.00361907
0.00326276
0.00342234
0.00276557
0.00293806
0.00222334
0.00239939
0.000788494
0.000667482
0.000759282
0.000760242
0.000759201
0.00075762
0.000756803
0.000754807
0.000757006
0.000757558
0.000763013
0.000763707
0.000780522
0.000747335
0.000746668
0.000748152
0.000748488
0.000751936
0.000749102
0.000749958
0.000751784
0.000753126
0.000753997
0.000755737
0.000775559
0.00079974
0.000803037
0.000849227
0.00079308
0.000800457
0.000948736
0.000897335
0.000905672
0.000851411
0.00100981
0.00115648
0.000902658
0.00389818
0.00373868
0.00190489
0.00167817
0.00239452
0.00347461
0.00316578
0.00282706
0.00308444
0.00340524
0.00363708
0.00305717
0.00384872
0.0044693
0.00305744
0.00354729
0.00255444
0.00225548
0.0018189
0.00167002
0.000598371
0.000906306
0.00597461
0.00920826
0.00156069
0.0034364
0.00873013
0.0103383
0.00975908
0.00878857
0.00961959
0.0102192
0.00720593
0.00850386
0.00785528
0.00651281
0.00567742
0.00561721
0.00492397
0.0039343
0.00409661
0.00509724
0.00443065
0.00397845
0.0041803
0.00376561
0.00384216
0.00411732
0.00397745
0.00382261
0.00391638
0.00364255
0.00367326
0.00378594
0.0036051
0.00375747
0.00362076
0.0036801
0.00352082
0.00356934
0.00352821
0.00344863
0.00330507
0.00350103
0.00342429
0.0028746
0.00304794
0.00229638
0.00250614
0.000760766
0.000779402
0.000807085
0.000701679
0.000758863
0.000756995
0.000757587
0.000758819
0.000758648
0.000758482
0.000757316
0.000758369
0.000755016
0.000757556
0.000772386
0.000764252
0.000759194
0.000760992
0.000750716
0.000751912
0.000753
0.000753151
0.000753996
0.000755658
0.000756895
0.000757977
0.000758133
0.000779218
0.000794633
0.000810851
0.000839585
0.000849458
0.000820754
0.000948197
0.00103362
0.000891251
0.000956992
0.00109309
0.00130631
0.00127057
0.0014771
0.00181461
0.00358626
0.00404868
0.00482041
0.00298599
0.00404794
0.00377948
0.00398731
0.00430502
0.00425183
0.00466062
0.00351871
0.00399028
0.00284652
0.00242275
0.00196721
0.00171862
0.000659196
0.000719812
0.00447852
0.0077018
0.00114089
0.00231195
0.00720623
0.00889898
0.0099011
0.00940979
0.0084826
0.00940279
0.00774627
0.00822368
0.00928236
0.00869495
0.00570106
0.00729388
0.00672487
0.00648589
0.00596911
0.00444668
0.00476764
0.00534325
0.00509942
0.00431359
0.00447398
0.00422594
0.00352722
0.00369956
0.0037311
0.00386808
0.00397247
0.00312524
0.00303733
0.00333885
0.00355135
0.0035542
0.00316178
0.00328593
0.00333959
0.00332577
0.00309961
0.00318256
0.00294025
0.00312355
0.00308164
0.00237851
0.00257549
0.000745253
0.000755953
0.000764674
0.000787804
0.000809593
0.000721156
0.000756972
0.00075532
0.000756722
0.000757821
0.000760088
0.000759756
0.000761005
0.000758397
0.00074988
0.00075363
0.000753326
0.000756415
0.000746195
0.000747145
0.000743663
0.000743831
0.000783187
0.000764633
0.000757842
0.000762959
0.000756989
0.000762198
0.000761737
0.000759715
0.000759938
0.000759755
0.000766008
0.000764348
0.000767304
0.000796816
0.000824041
0.00080708
0.000844545
0.00087863
0.000875028
0.000907164
0.00102524
0.00110693
0.000958844
0.00102384
0.00120925
0.00141873
0.00270314
0.00307009
0.00223125
0.00347594
0.00398827
0.00439233
0.00391317
0.00469379
0.00484834
0.00564177
0.00511414
0.00450961
0.00533881
0.00336889
0.00278643
0.00229589
0.00195118
0.000726964
0.000704699
0.00337499
0.00549606
0.000937388
0.00182588
0.00554376
0.00801479
0.00915737
0.00937022
0.00762898
0.00854308
0.00803549
0.00862125
0.0091352
0.00889857
0.00576399
0.00622006
0.00796425
0.00671196
0.00747379
0.00707727
0.00550434
0.00481758
0.00496283
0.00443422
0.00478606
0.00398791
0.00440225
0.00304033
0.00341187
0.0034669
0.00373943
0.00273727
0.00232262
0.00238587
0.00232617
0.00268452
0.003019
0.00303205
0.00256844
0.0026509
0.00264622
0.00255626
0.00231872
0.00271536
0.000753004
0.000737675
0.000745594
0.000748928
0.000760137
0.000772055
0.00079131
0.000815509
0.000735626
0.000737846
0.000734046
0.000737068
0.000733536
0.000735795
0.000742157
0.000740941
0.000741194
0.000740141
0.00074164
0.000739802
0.000742129
0.000739408
0.000735724
0.000736495
0.000739015
0.000737516
0.000741128
0.000738744
0.00073895
0.000756259
0.000754544
0.000756585
0.000757626
0.000762029
0.000763996
0.000758664
0.00074902
0.000753138
0.00075308
0.000755969
0.000745694
0.000748171
0.000743076
0.000744612
0.00076769
0.000769315
0.000777136
0.000768195
0.000769236
0.000770937
0.00077024
0.000769007
0.000771972
0.000775432
0.0007739
0.000776021
0.000771827
0.000783833
0.000810528
0.000791966
0.00085405
0.000828045
0.000877662
0.000929451
0.000915671
0.000976904
0.00116896
0.00126817
0.00104961
0.00118597
0.00170158
0.00266561
0.00550848
0.00509938
0.00483961
0.00449272
0.00501157
0.00534877
0.00571941
0.00355196
0.0042868
0.00552055
0.00430785
0.00540211
0.00286049
0.00236886
0.000824515
0.000702912
0.00462347
0.00259311
0.0035025
0.000843708
0.00146159
0.00611754
0.00714397
0.00822552
0.00868339
0.00662347
0.0074042
0.00618881
0.00859539
0.00839529
0.00870214
0.00593618
0.00660818
0.00818699
0.00767119
0.00695368
0.00746089
0.00563996
0.00512539
0.00463812
0.00506709
0.00398308
0.0044102
0.00290571
0.00371434
0.00329867
0.00290711
0.00220936
0.00250859
0.00186889
0.00178928
0.00214463
0.00212212
0.0017206
0.00167534
0.00162726
0.000808571
0.000796926
0.000822046
0.00074063
0.00074945
0.000755883
0.000767345
0.000780619
0.000738895
0.000742912
0.000737136
0.00073879
0.00073353
0.000737679
0.000740809
0.000741782
0.00073801
0.000740231
0.000735405
0.000739314
0.000731579
0.000737679
0.00073223
0.000736571
0.000731068
0.000736227
0.000736006
0.000756697
0.000755256
0.000757728
0.000759825
0.000761615
0.000749216
0.000753262
0.000753575
0.000754909
0.000745957
0.000748963
0.000744098
0.000745748
0.000762981
0.000771903
0.000767498
0.000785659
0.000781693
0.000783272
0.000787145
0.00078439
0.000789641
0.000793599
0.000783933
0.000786326
0.000781952
0.000825439
0.000804931
0.000806158
0.000887214
0.000849923
0.000922007
0.00100271
0.000990612
0.00109372
0.00110539
0.00208033
0.00118935
0.00137077
0.00346048
0.00479684
0.00587469
0.00584326
0.00646172
0.00641156
0.00708758
0.00658992
0.00581745
0.00563975
0.00511118
0.00296127
0.00400045
0.000879711
0.000876196
0.000843123
0.00328004
0.00448002
0.00192694
0.00298207
0.00120653
0.00495693
0.00558149
0.00749339
0.00815916
0.00491543
0.00696911
0.0054352
0.0060595
0.00645778
0.00598166
0.00808776
0.00798362
0.00612296
0.00668835
0.00780328
0.00755688
0.0068992
0.00729104
0.00594543
0.00541556
0.00471006
0.0052237
0.00406146
0.00460205
0.00337725
0.00393794
0.00276908
0.00333394
0.00197242
0.00252053
0.00137654
0.00155966
0.0014001
0.000749963
0.000812452
0.000851452
0.000775685
0.000791643
0.000746629
0.000757112
0.000764882
0.00074513
0.000748874
0.000743198
0.000743703
0.000741863
0.000742729
0.000742763
0.000743641
0.000742547
0.000742392
0.00074246
0.000742405
0.000741865
0.000742313
0.000741257
0.000741908
0.000742353
0.000757938
0.000758012
0.000761107
0.00076193
0.000750049
0.000754221
0.00075508
0.000757301
0.000747492
0.000750644
0.00074532
0.000748838
0.000770775
0.000770857
0.00078752
0.000779454
0.000811614
0.000802978
0.000817674
0.000811166
0.000799945
0.00080506
0.000817258
0.000810127
0.000795586
0.000820659
0.0008028
0.000804374
0.000866691
0.000863323
0.00094859
0.000929649
0.00105191
0.00107221
0.00123239
0.00118428
0.00160501
0.00262562
0.00139109
0.00177434
0.00514233
0.00632671
0.00743629
0.00627711
0.00585692
0.00698526
0.00698635
0.006422
0.005212
0.00487662
0.00154681
0.000860791
0.000899884
0.000849062
0.00109492
0.00110973
0.00380871
0.00256368
0.00286712
0.00453103
0.00400679
0.00748307
0.00702712
0.00449071
0.00502417
0.00654968
0.0061656
0.0051143
0.00548939
0.00538038
0.00576751
0.00753234
0.00732124
0.00629116
0.00668886
0.00730834
0.00720182
0.00689416
0.0051337
0.006007
0.00551832
0.00454491
0.00513238
0.00370194
0.00434938
0.00281024
0.00334901
0.00179354
0.00231923
0.00079347
0.000803928
0.000755087
0.000766586
0.000778435
0.000747445
0.000759013
0.000745523
0.000750593
0.00074533
0.000744587
0.000743023
0.000746873
0.000741782
0.000745257
0.000742287
0.000745255
0.000741317
0.000744915
0.00074554
0.000766045
0.000760093
0.00076354
0.000767651
0.000754233
0.000756151
0.000760689
0.000757999
0.000752041
0.000754446
0.000750726
0.000752752
0.00078867
0.000784694
0.000785398
0.000804017
0.000791889
0.000837623
0.000835842
0.000831536
0.000846496
0.000868876
0.000858965
0.000864221
0.00084571
0.000844758
0.000827841
0.000815561
0.000858389
0.000845684
0.000875714
0.000950884
0.00094223
0.00125618
0.00121645
0.00108162
0.00113225
0.00161292
0.00152718
0.00380572
0.00507557
0.00368998
0.00646463
0.00724285
0.00714036
0.00689558
0.00639196
0.00607622
0.00518797
2.50731e-05
0.0026545
0.000818658
0.00149322
0.00207008
0.000862901
0.000870012
0.000948444
0.000954817
0.00110342
0.00112413
0.0036736
0.00346493
0.00436211
0.00405987
0.00685713
0.00647465
0.00443777
0.00472502
0.00598617
0.00564406
0.00464837
0.00502131
0.00513656
0.00698124
0.00667468
0.00624322
0.0066631
0.00673881
0.00660992
0.00555443
0.00599688
0.00457478
0.0051906
0.0034474
0.00396266
0.00232127
0.00282984
0.000797988
0.000763844
0.000780993
0.000789495
0.000786687
0.000755408
0.000765422
0.000749867
0.000758227
0.000749905
0.000753086
0.000748418
0.000750835
0.000749409
0.000748701
0.000749306
0.000749075
0.000748934
0.000755372
0.000767589
0.000764087
0.000781489
0.000763226
0.000759974
0.000759223
0.000783209
0.000761669
0.000760639
0.000762021
0.000789246
0.000787057
0.000799056
0.000812455
0.000812056
0.000838447
0.00083007
0.000876293
0.000884258
0.000895746
0.00089421
0.000963006
0.000926544
0.000928732
0.000882746
0.000878773
0.000914306
0.000906972
0.000952833
0.000956547
0.0011192
0.00105768
0.00157439
0.00138407
0.00148571
0.00140576
0.00655183
0.00400692
0.00647086
0.00604286
0.00604962
0.0064568
0.00580825
0.00604049
0.00324776
0.00249856
0.00314368
0.000866113
0.000826119
0.00145202
0.0018426
0.000928256
0.000919894
0.00103526
0.00106103
0.00119615
0.00402624
0.00383665
0.00419498
0.00404364
0.00611799
0.00573205
0.00409229
0.00433932
0.00425267
0.00469637
0.00505118
0.00626404
0.00594619
0.00601074
0.00608175
0.00623117
0.00512843
0.00559108
0.00388181
0.00436979
0.00271335
0.00315981
0.000810115
0.000834827
0.000773568
0.000778291
0.000795453
0.000816153
0.000764121
0.000770517
0.000757268
0.000764582
0.00075364
0.000760516
0.000758703
0.000756311
0.000757676
0.000760491
0.000759708
0.000795773
0.000767067
0.000767305
0.000769457
0.000769951
0.000786656
0.000766704
0.000794194
0.000787876
0.000772306
0.000768055
0.000819224
0.00081426
0.0008426
0.000830016
0.000866448
0.000857534
0.000915304
0.000904027
0.000952483
0.000989812
0.00108897
0.00101766
0.00101412
0.000968444
0.000961755
0.000988065
0.000991351
0.00105684
0.00111768
0.00108071
0.0014722
0.0012821
0.0057021
0.00252622
0.00303603
0.00236835
0.00602126
0.00570725
0.00558841
0.00583435
0.0052572
0.00497966
0.00361641
0.00297004
0.00351458
0.00238532
0.00285334
0.000912354
0.00085582
0.00148044
0.00183539
0.00100117
0.00104313
0.00124846
0.00395717
0.00391167
0.00389788
0.00387867
0.00456979
0.00485316
0.00541875
0.00372498
0.00387183
0.00367702
0.00398323
0.00369509
0.00567486
0.00532988
0.00521607
0.00532214
0.00407024
0.00440526
0.00296066
0.00330007
0.000832412
0.000856609
0.000782713
0.000798533
0.000815498
0.00083136
0.000776851
0.000782904
0.000766695
0.000770762
0.000774114
0.000776511
0.000773965
0.000769076
0.000774178
0.000815303
0.000811647
0.000776437
0.00077382
0.000781809
0.000781371
0.000797347
0.000806472
0.000788457
0.000802018
0.000793223
0.000869653
0.000865967
0.00085345
0.000906963
0.000882906
0.000956134
0.000979133
0.000981659
0.00103549
0.00102335
0.00140662
0.0011445
0.00110677
0.00115515
0.00111464
0.00109525
0.00128287
0.00122535
0.00132273
0.00120992
0.00159694
0.00380283
0.00377726
0.00574964
0.00492928
0.00535646
0.00542345
0.00548544
0.0045936
0.00474976
0.0034956
0.00373319
0.00389946
0.00287911
0.00339755
0.00221017
0.00278297
0.000920356
0.000968192
0.00136679
0.0018109
0.00112367
0.0011651
0.00381475
0.00388229
0.00378158
0.00352078
0.00364455
0.00446111
0.00392139
0.00478985
0.00307899
0.00319817
0.00321503
0.00284638
0.00340831
0.00467568
0.0045243
0.00393399
0.00403258
0.00298223
0.00319724
0.000872087
0.000912396
0.00079806
0.000808773
0.000845604
0.000866698
0.000786051
0.00078839
0.000797899
0.000795618
0.000785687
0.00078911
0.000787153
0.000846991
0.000823566
0.000811336
0.000806212
0.000797497
0.000819038
0.000822858
0.000813134
0.000830516
0.00081717
0.000946358
0.000931135
0.000923489
0.000885227
0.00104877
0.001088
0.00105774
0.0010919
0.00114579
0.00111619
0.00130425
0.00123322
0.00238458
0.0014022
0.00148317
0.0015884
0.00180935
0.00175985
0.00196003
0.00509706
0.00373441
0.00587268
0.00600625
0.00543614
0.00551062
0.00447112
0.00473248
0.00355581
0.00376161
0.00385269
0.00293453
0.00332876
0.00213497
0.00278904
0.00108627
0.00104814
0.00157056
0.00130716
0.00170714
0.00380273
0.00349594
0.00362734
0.00361253
0.00378893
0.00372284
0.00292239
0.00319125
0.00344368
0.00389752
0.00247364
0.00253832
0.00243272
0.00287466
0.00351732
0.00348315
0.00276988
0.00288451
0.00106832
0.000908429
0.000960494
0.000826087
0.000844958
0.000864793
0.000917424
0.00082386
0.000814529
0.000842968
0.00082677
0.000826561
0.000856525
0.000846452
0.000882223
0.000863071
0.000844631
0.000838143
0.000859783
0.000864286
0.000865187
0.000869731
0.00105361
0.00100355
0.000995592
0.000947119
0.00141068
0.00147046
0.00134831
0.00130871
0.00124195
0.00179136
0.00204388
0.00307196
0.00530147
0.00574069
0.00496949
0.00373022
0.00512266
0.00550589
0.00603112
0.0059493
0.00583118
0.00541735
0.00581659
0.00449707
0.00480128
0.00356816
0.0037405
0.00213092
0.00287257
0.00277945
0.00332454
0.00127951
0.00136921
0.0014814
0.00171245
0.0037464
0.00370086
0.00373655
0.00310014
0.00334352
0.00352597
0.00350873
0.0032329
0.00225481
0.00254785
0.00265484
0.00292684
0.00187766
0.00206699
0.00202524
0.00235152
0.00235669
0.00121994
0.00129052
0.000984652
0.00120336
0.000897406
0.000894698
0.00097922
0.00089029
0.000870048
0.000870929
0.000908357
0.000814998
0.000960003
0.000916137
0.000900293
0.000924953
0.000955295
0.000930042
0.000935818
0.000907904
0.000922208
0.00114423
0.00113059
0.00104105
0.00104541
0.00244461
0.0032734
0.00251263
0.00346769
0.00286874
0.00396392
0.00261204
0.00463629
0.00477338
0.00606153
0.00743164
0.00607475
0.00599512
0.00656812
0.00667198
0.00756465
0.00564879
0.00587661
0.00456974
0.00495066
0.00344586
0.00364216
0.0023779
0.00277466
0.00312607
0.00331232
0.00144006
0.00166209
0.00197951
0.00218675
0.00375844
0.00364146
0.00352975
0.00325446
0.00325963
0.0024671
0.00292834
0.00294576
0.00170802
0.00202224
0.00136608
0.00159346
0.00182661
0.0015991
0.000871733
0.00142645
0.0015334
0.00107665
0.00107731
0.00134234
0.000947667
0.000925435
0.000912242
0.00109956
0.00121213
0.00119599
0.00121941
0.00122671
0.000973771
0.000939271
0.00103038
0.000999537
0.000952036
0.00304514
0.0017052
0.00202536
0.00152518
0.00293935
0.00517099
0.0054834
0.00446856
0.00535563
0.00393261
0.00475654
0.00347959
0.00421624
0.00639512
0.00625324
0.00687461
0.00690593
0.00601992
0.00663619
0.00659751
0.00506229
0.00554508
0.00366214
0.00366418
0.00313441
0.00295366
0.00339985
0.00196134
0.0023357
0.00290472
0.00370555
0.00361955
0.0034973
0.00322457
0.00303228
0.00251774
0.00250912
0.002051
0.00159816
0.00133325
0.00251311
0.00179113
0.00214777
0.00147307
0.001499
0.0014451
0.00152898
0.00173542
0.00151979
0.0017456
0.00137711
0.00142775
0.00146167
0.0013752
0.00156006
0.00153638
0.00180065
0.00185467
0.00233481
0.00362543
0.0027004
0.00291767
0.00295817
0.00369136
0.00442958
0.00474653
0.00624485
0.00584405
0.00581596
0.00553486
0.005672
0.00509058
0.00554575
0.00627251
0.00610995
0.00578434
0.00610749
0.00583067
0.00348056
0.00361488
0.00293898
0.00318473
0.00332916
0.00369471
0.00358607
0.00346082
0.00323246
0.00306425
0.00268826
0.00225367
0.00164465
0.00281434
0.00326603
0.00219682
0.00261225
0.00169035
0.00171362
0.00184598
0.00223612
0.00202886
0.00166178
0.00193984
0.00173724
0.00224358
0.00208406
0.002142
0.00281584
0.00282638
0.00273349
0.00390777
0.00357114
0.0036084
0.00360242
0.00482569
0.00487346
0.00502662
0.0054651
0.00567313
0.00573245
0.00549666
0.00552431
0.0052906
0.00493214
0.00501858
0.00359988
0.00363114
0.0034627
0.00337349
0.0036891
0.00350629
0.00342369
0.00313847
0.0030072
0.00260076
0.00255033
0.00335371
0.0032616
0.00310556
0.00307182
0.0028797
0.00267907
0.00284603
0.00304302
0.00302717
0.00265302
0.00301956
0.00349347
0.00366646
0.00327413
0.00350427
0.00346642
0.00391507
0.00432403
0.00466543
0.00447575
0.0048544
0.00443883
0.00473951
0.00429627
0.00411901
0.00468364
0.00494775
0.00393663
0.00375534
0.00363422
0.00365605
0.0035954
0.00358666
0.00339785
0.00328779
0.00300821
0.00288881
0.00249917
0.00239166
0.00360156
0.00352911
0.00354576
0.00347209
0.00369559
0.00349105
0.00356967
0.00357122
0.00351764
0.00381164
0.00399433
0.00397065
0.0038902
0.00399896
0.00418284
0.00416504
0.00445655
0.0040241
0.0042183
0.00335831
0.00325156
0.00301271
0.00285752
0.00371271
0.00356147
0.00372827
0.00367964
0.0035094
0.00325666
0.00314801
0.00290907
0.00277752
0.00238277
0.00227923
0.00391751
0.00369822
0.00368415
0.00374358
0.00375131
0.00391858
0.00379583
0.00379297
0.00400129
0.00410015
0.00399877
0.00388878
0.00392282
0.00397574
0.00412686
0.003552
0.00367896
0.00285811
0.00287036
0.00235807
0.00232907
0.00364372
0.00368534
0.00354501
0.0033659
0.0031129
0.00306983
0.0027866
0.00270256
0.00230705
0.0022019
0.00377641
0.00384606
0.00366387
0.00368813
0.00371641
0.00378123
0.00367344
0.00378976
0.00387204
0.00359245
0.00370198
0.00355721
0.00354706
0.00343964
0.00317709
0.00338223
0.00241891
0.00259035
0.00201655
0.00199191
0.00343325
0.00335035
0.00296147
0.00287188
0.00262857
0.00255965
0.00224692
0.00212876
0.00339073
0.00352795
0.00323939
0.00334714
0.00322372
0.00302748
0.00317069
0.0031484
0.00301352
0.00289355
0.00304994
0.0028861
0.00230199
0.00249303
0.00172435
0.00184974
0.00287541
0.0027972
0.00245595
0.00243862
0.00225528
0.00204503
0.0021334
0.00286072
0.00289351
0.00267059
0.00258329
0.00260236
0.00241546
0.00224777
0.00247992
0.00222876
0.00247132
0.00218165
0.00169103
0.00186346
0.00221837
0.00220332
0.00197465
0.00189526
0.00153609
0.00201617
0.00209644
0.0018757
0.00208274
0.00197532
0.00137091
0.00140726
0.00178739
0.00186259
0.00121282
0.000652531
0.00169207
0.00168741
0.00150772
0.00145264
0.0012896
0.00150336
0.00148472
0.000787168
0.00103896
0.000675214
0.00129206
0.00131919
0.000747306
0.000992915
0.00107022
0.000724312
2.60831e-05
)
;

boundaryField
{
    top
    {
        type            symmetryPlane;
    }
    bottom
    {
        type            symmetryPlane;
    }
    inlet
    {
        type            calculated;
        value           uniform 0.000851986;
    }
    outlet
    {
        type            calculated;
        value           nonuniform List<scalar> 
17
(
0.00066662
0.000658827
0.000677786
0.000668885
0.000660144
0.000656506
0.000677796
0.000665116
0.000670355
0.000674015
0.00148601
0.000802396
0.000661532
0.000675361
0.00196417
0.000739207
0.0015277
)
;
    }
    deck
    {
        type            nutkWallFunction;
        Cmu             0.09;
        kappa           0.41;
        E               9.8;
        value           nonuniform List<scalar> 
60
(
3.31659e-07
0
0
0
0
8.7309e-08
0
0
0
0
0
0
0
0
0
0
0
0
0
0
0
0
0
0
0
0
0
0
0
0
0
0
0
0
0
0
0
0
0
0
0
0
0
0
0
0
0
0
0
0
0
0
0
0
0
0
0
0
0
0
)
;
    }
    frontAndBack
    {
        type            empty;
    }
    defaultFaces
    {
        type            empty;
    }
}


// ************************************************************************* //
