/*--------------------------------*- C++ -*----------------------------------*\
  =========                 |
  \\      /  F ield         | OpenFOAM: The Open Source CFD Toolbox
   \\    /   O peration     | Website:  https://openfoam.org
    \\  /    A nd           | Version:  8
     \\/     M anipulation  |
\*---------------------------------------------------------------------------*/
FoamFile
{
    version     2.0;
    format      ascii;
    class       surfaceScalarField;
    location    "16000";
    object      phi;
}
// * * * * * * * * * * * * * * * * * * * * * * * * * * * * * * * * * * * * * //

dimensions      [0 3 -1 0 0 0 0];

internalField   nonuniform List<scalar> 
6926
(
-1.05308
0.0710305
-0.652857
-0.575153
0.174931
-0.941648
0.0740225
-0.11292
-0.539937
0.0688488
-0.756922
-0.752278
-0.0144386
-0.635251
-0.0481787
0.234424
-1.05805
-0.0648821
0.013168
-0.583537
0.177766
-0.717704
-0.644037
0.466534
-0.586708
0.133342
0.0251472
-0.66014
-0.828081
-0.244412
-0.409726
-0.0679182
0.0526745
-0.568293
0.156254
-0.873957
-0.555702
-0.534205
0.000171144
-0.533756
0.257372
-0.680506
-0.165025
-0.767876
-0.57277
-0.794975
-0.217313
-0.210007
0.0233044
-0.38159
-0.191513
-0.574196
-0.122765
-0.751192
-0.896195
0.12969
-0.131169
-0.592822
0.119814
-0.423187
-0.812396
0.0723854
-0.511072
0.000171882
-0.528537
-0.00504799
-0.53411
-0.00349283
-0.102482
-0.938838
-0.388219
0.252407
-0.436958
-0.563079
-0.0424529
-0.10126
-0.471844
-0.185245
-0.511715
0.0459095
-0.797102
-0.113066
-0.705417
0.225661
-1.06843
-0.0014994
0.0947428
-0.787325
-0.00262166
-0.533632
-0.788735
-0.0079564
-0.612508
0.000175774
-0.525005
-0.00335963
0.153228
-0.139928
-0.827724
-0.818035
-0.527905
-0.0112528
-0.534207
-0.0323652
-0.038387
-0.648044
-0.523781
0.0443703
-0.420776
-0.236312
-0.886582
-0.834037
0.0369351
0.000159565
-0.699401
-0.00617637
-0.867638
0.0248691
-0.983455
0.0335756
-0.727568
-0.256033
-0.533913
-0.0107255
-0.522746
-0.753593
-0.131761
-0.14349
-0.759402
-0.849007
0.000187155
-0.528043
0.00321351
-0.519904
-0.0113604
-0.174013
-0.682409
-0.389417
-0.612319
-0.528254
-0.0172059
-0.534173
-0.0219734
-0.0363952
-0.567278
-0.890082
0.0560451
-0.223853
-0.625794
0.143547
-0.0273551
0.275693
-0.391885
-0.332064
-0.558019
0.359358
-0.547875
-0.0835478
0.000177115
-0.61603
0.840962
-0.470747
-0.453763
-0.0328525
-0.958586
-0.0773632
-0.642654
-0.375951
0.0707688
-0.422385
-0.0980927
-0.533891
-0.0226722
-0.521967
-0.00891512
-0.513654
0.584358
-0.592636
-0.0690857
-0.42533
-0.5122
-0.437887
0.252505
-0.292857
-0.349065
0.0160367
-0.522934
0.461579
-0.65956
-0.0258716
-0.387626
0.000197516
-0.54668
0.0188245
-0.510652
-0.00603868
-0.51625
-0.0233639
-0.132558
-0.586246
-0.209274
-0.535603
-0.532877
-0.0185015
-0.0516418
-0.53761
-0.301366
-0.0149851
0.288996
0.869893
-0.234842
0.300144
0.00805341
-0.0535823
-0.346356
-0.284695
-0.00861798
-0.129034
-0.472423
-0.687053
-0.0295156
0.000197832
-0.586712
0.121513
-0.621775
-0.575132
0.242882
-0.991438
-0.0208535
-0.551032
-0.0688964
-0.544593
0.0134374
-0.533915
-0.034868
-0.521695
-0.0225195
-0.508362
-0.00238092
-0.511076
0.191058
-0.687221
0.672159
-0.357304
-0.383941
-0.04035
-0.461781
0.0515087
-0.440924
0.000842223
-0.472268
0.0787544
-0.504954
-0.466579
0.107163
-0.41371
0.000212363
-0.580621
0.0341389
-0.529825
0.0379973
-0.524825
0.00253646
-0.528243
-0.0279984
0.0949341
-0.0988358
-0.531702
-0.542954
-0.542603
-0.0135088
0.359347
-0.406339
0.0320065
0.413502
-0.286752
-0.344299
-0.325624
-0.089333
0.20807
-0.895123
-0.551105
0.00945735
0.000227602
-0.596397
-0.00644613
-0.605872
-0.641764
0.0601854
-0.748556
-0.000269105
-0.537325
-0.00140932
-0.543453
-0.0429902
-0.525793
-0.0408314
-0.503384
-0.0173798
-0.493364
0.0130063
-0.523854
-0.188883
-0.497496
-0.494069
0.0511244
-0.0133593
-0.478689
-0.509493
-0.0243438
-0.461283
0.0344752
-0.540839
0.30676
-0.773591
0.000251535
0.000213707
-0.61063
0.0302207
-0.583767
0.088081
-0.111286
-0.375542
-0.457052
-0.0686547
-0.552052
-0.0185487
0.00471887
0.00261722
-0.539038
-0.551743
0.360358
-0.32869
0.000338402
0.000268267
-0.635157
-0.0347653
-0.418413
0.000390836
-0.325918
-0.00317772
-0.306061
-0.236257
-0.640766
-0.133745
-0.761378
0.00536282
0.000277167
-0.602037
0.00296434
-0.603473
-0.633403
-0.00539636
-0.688371
-0.0441525
-0.536163
-0.0384398
-0.549165
-0.0529979
-0.513627
-0.0641146
-0.456649
0.0143353
-0.494693
0.0282307
-0.551808
0.0543064
-0.5139
-0.467534
0.00717053
-0.514046
0.00966265
-0.481181
0.0131556
-0.464776
-0.0280949
-0.551184
-0.624779
0.0143627
-0.625071
0.000544001
-0.628611
0.0750652
-0.363019
-0.205318
-0.65048
-0.590314
-0.0303929
0.00383023
0.00332086
-0.546189
-0.566462
-0.618
-0.00680284
-0.605542
-0.0121193
-0.453631
0.000452552
-0.59075
-0.0144011
0.000514589
-0.457324
-0.0388526
-0.503465
-0.108637
-0.665874
-0.00799596
-0.753382
0.0117741
0.000327902
-0.614139
-0.0325894
-0.55911
-0.623944
-0.0420482
-0.693767
-0.0531086
-0.536052
-0.0432471
-0.559027
-0.0973195
-0.480422
-0.368773
-0.0735403
0.0840412
-0.550503
0.0266136
-0.578093
-0.0180182
-0.523977
-0.472396
-0.00509746
0.00681959
-0.482903
-0.515822
0.00921996
-0.467176
-0.0294168
-0.565014
-0.63821
0.0239615
-0.630364
-0.007302
-0.668039
0.0926241
-0.765181
-0.0304516
0.00622443
0.00398242
-0.556396
-0.59063
-0.619336
-0.0178314
-0.606078
-0.0253766
-0.574875
-0.0154227
-0.591
-0.0294791
-0.0118903
-0.56247
0.000578739
-0.496755
-0.0381544
-0.573948
-0.00804383
-0.665827
0.0780456
-0.831428
0.0925004
-0.707007
0.000367168
-0.031126
-0.435484
-0.359096
-0.295974
-0.735815
-0.0733246
-0.560047
-0.0497566
-0.582595
0.332893
-0.617625
-0.221069
-0.157893
-0.549501
0.000387523
0.0656666
-0.589556
-0.593878
0.0161518
-0.015657
-0.537737
-0.478833
0.00296058
-0.514801
-0.00158197
-0.47836
-0.00292142
-0.465837
-0.0296308
-0.58514
-0.659721
0.0156429
-0.638117
-0.0289054
-0.69171
0.0191529
0.00257426
-0.0149352
-0.544035
-0.618508
-0.61373
-0.0422187
-0.602416
-0.0366908
-0.570493
-0.0359298
-0.593476
-0.0384185
-0.0324983
-0.549885
-0.0021559
-0.559736
0.000635218
-0.535545
-0.00249442
-0.579497
0.0851708
-0.672952
-0.12691
-0.704518
0.492505
-0.395558
-0.25484
-0.302074
-0.665723
-0.366066
0.0226577
0.108155
-0.526371
-0.0830671
-0.698049
-0.0594178
-0.606244
0.0557551
-0.607713
-0.527254
0.000410044
-0.600872
0.00738171
0.0274728
-0.600877
0.00891538
-0.49067
-0.558452
0.0251894
-0.0333393
-0.470211
-0.504546
-0.0267949
-0.472381
-0.0315951
-0.612963
0.0193083
-0.490354
0.414872
0.0561736
-0.699991
0.0239244
-0.625176
-0.103721
-0.0495375
-0.0104714
-0.484026
-0.648892
-0.600069
-0.0673256
-0.58223
-0.0545296
-0.555979
-0.0734267
-0.0246011
-0.596048
-0.0822995
-0.506178
-0.00588023
-0.546161
0.0103005
-0.569401
0.000694282
-0.538733
0.0367386
-0.531065
-0.532694
-0.292504
0.152247
0.00353749
-0.663142
-0.0224786
-0.682039
0.105472
-0.771196
0.562668
-0.709353
0.00179882
0.0448114
-0.572981
-0.525878
0.000423637
-0.0388874
-0.603407
-0.00156673
-0.643565
0.02997
-0.610211
-0.601386
0.000923984
0.013751
-0.607246
0.0116403
-0.601688
-0.505825
0.061774
-0.0301356
-0.501849
-0.453244
-0.123232
-0.379285
-0.0680932
-0.546436
0.960473
-0.645464
-0.315009
-0.368036
0.541164
-0.153819
-0.562196
-0.296194
0.426271
-0.184481
0.173082
0.696718
0.319929
0.192338
0.292666
-0.058733
-0.322827
-0.614443
-0.947795
-0.474947
-0.576569
-0.688685
0.146413
-0.553686
-0.189529
0.00326129
-0.581549
-0.60556
-0.0639147
-0.316086
-0.371773
-0.00291981
-0.509139
0.0193019
-0.555162
-0.424451
0.135484
0.0237263
-0.592433
0.000750121
-0.502745
-0.439731
0.0609134
-0.490553
-0.195068
0.100155
-0.782194
0.0632701
-0.453667
-0.72155
-0.0606443
-0.00898782
-0.762208
-0.67353
-0.00521525
-0.072523
-0.495243
-0.531537
0.000443678
-0.599162
-0.00180004
0.0201534
-0.59359
-0.168
-0.455411
0.0259497
-0.622409
-0.60432
-0.00200189
0.0475947
-0.717375
-0.581462
-0.575681
-0.305453
-0.437183
-0.277253
1.01864
-0.0482193
0.373176
-0.50403
0.427087
-0.0704034
-0.551935
0.530858
-0.132743
-0.669087
-0.179042
-0.0184523
-0.703098
0.656844
-0.0177739
-0.657523
0.604485
0.0216253
-0.0438794
-0.58223
-0.0824137
0.779132
-0.410597
0.135584
0.467351
0.411033
0.0172172
0.397705
-0.0293516
-0.40193
-0.788194
-0.638695
0.208539
-0.430736
-0.397487
0.165329
-0.592804
0.0450653
-0.690529
-0.429444
0.179022
-0.174029
-0.0824014
0.238921
-0.472606
-0.457094
0.0359151
-0.525752
0.0453781
-0.576814
-0.364638
0.0603905
0.0287051
-0.620388
-0.442625
0.000793965
0.520225
-0.362101
-0.0948542
-0.104287
0.682708
-0.0865082
-0.13306
0.595873
-0.00916275
-0.550786
0.574416
-0.00200518
0.0375098
-0.799717
-0.708543
0.142092
-0.261262
-0.376073
-0.389914
0.000468282
-0.598115
-0.00060402
-0.0101985
-0.595922
0.0799105
-0.647551
-0.812684
-0.611063
-0.0133481
0.141868
-1.1365
-0.745047
0.984561
-0.10559
-0.188556
0.462203
-0.00174819
-0.611503
0.526927
-0.0481671
-0.727598
-0.0629475
-0.0407927
-0.660609
-0.74389
0.0495485
-0.0582201
-0.573559
0.00271208
0.637806
-0.00300249
-0.637515
-0.498525
0.0137547
-0.00183399
0.455431
0.792886
0.329876
0.0793231
0.410296
0.00462674
0.434989
-0.00213735
-0.207393
-0.939584
-0.787048
0.277338
-0.509496
0.0405986
-0.588337
0.0950531
-0.54666
-0.260172
0.0745563
-0.36661
-0.0675905
-0.0821529
0.111777
-0.502229
-0.503332
0.0567734
-0.537147
0.102098
-0.650207
-0.383041
0.000805901
0.0130722
-0.632666
0.423707
-0.466709
-0.051852
-0.0471905
-0.547128
-0.0526407
-0.0377622
0.566588
-0.00133436
0.637963
-0.00216205
0.11615
-0.915867
-0.853655
-0.0495994
-0.571662
0.766504
-0.66963
-0.0974268
0.000552029
0.000518187
-0.595947
-0.00169959
0.00124209
-0.597768
-0.243689
-0.426551
0.000610594
0.707353
-0.416077
-0.340876
0.0464544
-0.125529
-0.6407
-0.786949
-0.475077
-0.0433889
1.01381
0.84137
-0.0610598
-0.0747832
0.550939
-0.0257602
-0.633538
0.526807
0.0585635
-0.750204
0.0537195
0.640016
-0.639906
-0.00311202
-0.895643
0.151753
-0.697959
-0.197685
-0.567076
0.0622618
-0.269416
-0.366404
0.692617
0.10027
-0.00534196
0.00327701
-0.00335767
-0.637434
-0.432986
0.639953
0.145354
0.453851
0.0357679
0.442162
-0.00254654
0.580507
-0.0317048
-0.136965
-0.170048
-0.632572
-0.646674
0.123002
-0.5919
0.0769528
-0.570237
0.0872047
-0.522088
-0.309243
0.000758917
-0.37749
0.000655872
-0.0673782
0.0745858
-0.509437
-0.513937
0.0737342
-0.508783
0.00130494
-0.63844
-0.63526
0.00340014
0.425137
-0.477159
0.000169497
0.000457206
-0.529565
-0.000234271
-0.00073944
0.637923
-0.00129477
0.639813
-0.00195971
0.223785
-1.13965
0.727297
-0.272302
-0.698684
-0.0174115
0.163616
-0.562281
-0.587832
-0.588819
-0.00660961
-0.590813
0.00254627
0.00496848
-0.604436
-0.699533
0.000679995
0.0561343
-0.646337
-0.673596
-0.283401
0.0894963
-0.538662
-0.22443
0.399851
-0.577111
-0.715926
0.896987
-0.0131855
-0.0388363
0.425006
0.510817
0.559343
0.454466
0.822653
-0.026003
-0.00233441
0.544944
-0.0438974
-0.609179
0.526645
0.141098
-0.910895
0.355435
-0.638831
-0.00443279
0.47311
0.156672
-0.632894
-0.590843
-0.245649
-0.4837
-0.304828
0.0128613
-0.624914
-0.707542
0.2185
0.0326808
0.00365631
-0.00154989
-0.639541
-0.416469
0.542554
0.0566509
0.480882
-0.00295228
0.611599
-0.0336386
0.569846
-0.0566066
-0.031575
-0.5115
-0.555247
-0.10257
0.0483219
-0.484414
0.0553646
-0.570312
0.0635126
-0.546545
0.0692803
-0.516783
-0.636073
0.00157145
-0.636546
0.00112887
-0.0685716
0.0673342
-0.5082
-0.508774
0.00939433
-0.516872
-0.636495
0.00145479
-0.636981
0.000892775
-0.637375
0.000562981
-0.637711
0.000101923
-0.000527177
0.639435
-0.000915852
0.421406
0.049744
-0.39077
0.386644
0.160799
-0.191983
-0.947669
-0.0519127
-0.838754
-0.0417825
0.135336
-0.655834
-0.624646
-0.581786
-0.0292603
-0.533327
-0.0459126
0.045015
-0.522207
-0.752133
0.000687608
-0.484452
-0.161205
0.323693
-0.765469
-0.675634
-0.424204
-0.475859
0.85995
0.0127645
0.415481
0.405632
0.265074
0.575413
-0.508712
1.06806
0.45657
0.831368
-0.000401306
-0.0818606
0.534537
-0.051789
-0.519311
0.526402
0.134007
0.130855
-0.29473
-0.634962
-0.00541832
-0.542925
-0.094401
0.276525
-0.179182
-0.488113
0.519705
0.0555296
-0.433377
0.129316
-0.320853
0.00390676
0.0105217
-0.653969
-0.283246
0.540899
-0.00336584
0.627562
-0.0189148
0.640158
-0.103951
0.538645
-0.0607146
0.0663614
-0.593136
-0.00806647
-0.455112
-0.507949
-0.0389183
0.0200467
-0.465542
0.0390182
-0.545817
0.0533216
-0.530586
0.0615397
-0.510988
-0.636498
0.00157439
-0.636967
0.00159842
0.00968507
-0.509065
-0.00287138
-0.495643
-0.532366
0.0169482
-0.637539
0.00146426
-0.638188
0.00121187
-0.638845
0.000759797
6.20249e-05
0.412484
0.00800597
0.389093
0.0472946
-0.241369
0.140903
0.261265
0.221552
-0.186397
-0.0411853
-0.906484
-0.0344819
-0.845458
0.0117436
0.068324
-0.735902
-0.642162
-0.376224
-0.311851
0.115616
-0.446825
-0.315354
0.0936337
-0.300487
-0.787351
0.00073532
-0.443282
-0.0404823
-0.102716
-0.373843
-0.0768789
-0.620266
-0.486377
-0.17765
1.04812
0.734724
0.333331
0.290065
-0.272849
0.388416
0.0702105
0.484929
0.133349
0.898634
0.820535
0.0364136
0.726612
0.0120625
0.525956
-0.0513432
-0.497912
0.52611
0.105808
-0.437326
0.0702693
-0.00544465
-0.618244
-0.00619679
0.297069
-0.104369
-0.371882
-0.527854
-0.02049
-0.0989278
-0.483586
0.00401557
0.0483344
-0.706319
0.600084
-0.00365473
0.645976
-0.0217802
0.625288
-0.00404472
0.508069
-0.0733746
0.520726
-0.055484
-0.0934219
-0.538633
-0.00725419
-0.427811
-0.476185
-0.0256201
0.00964994
-0.449572
0.0321176
-0.524613
0.0488669
-0.517914
-0.0168115
-0.497048
0.542548
-0.513808
-0.0271416
0.0117566
0.0242077
-0.516325
-0.00451353
-0.466922
-0.477945
-0.0343991
-0.447588
-0.0291449
0.424792
-0.0122457
-0.022036
0.390891
0.00620761
0.11482
-0.163825
0.189909
0.423379
0.225027
-0.1673
0.240984
-0.130312
0.0418683
-0.948352
0.0355853
-0.839175
-0.752517
0.000751973
-0.271671
0.0877028
-0.551934
-0.467906
0.101015
-0.454206
0.00999772
-0.413201
-0.430826
-0.0117201
0.00881947
-0.423145
0.0317428
-0.564306
-0.548056
-0.110581
0.789901
0.187906
0.58737
0.624716
0.110008
-0.468176
0.563637
0.23787
-0.0251288
0.483755
0.0814392
0.536839
-0.051152
0.481611
-0.804699
0.715487
0.101275
0.0894345
0.521221
-0.0464538
-0.509048
0.52577
0.0890866
-0.584187
0.145408
0.125855
-0.563209
-0.00670014
0.273611
-0.322498
-0.0554817
-0.565096
0.0310452
-0.0593218
-0.411488
-0.48432
-0.0197555
-0.711344
0.200876
-0.195851
-0.0690223
-0.35552
-0.00681387
0.608355
-0.00484694
0.530406
-0.0263821
0.507521
-0.06017
-0.0490561
0.514793
-0.034769
-0.529484
-0.00881936
-0.409342
-0.452887
-0.0229519
0.00632858
-0.432949
0.0306688
-0.506415
-0.0140574
-0.520668
-0.464143
-0.0374186
0.609107
-0.494712
-0.141537
0.104539
0.00420665
-0.36659
-0.457817
-0.0712944
-0.434359
-0.0526023
0.416124
-0.0374787
-0.0402708
0.297587
0.132
-0.159963
0.309249
0.0406224
0.211519
-0.146455
0.216048
-0.142364
0.230356
-0.087057
0.193168
-1.14152
0.0429462
-0.688953
-0.710301
0.000729742
-0.426439
-0.00363513
-0.122847
0.0875768
-0.516664
-0.489738
0.0645742
-0.508783
0.00118909
-0.405571
-0.423944
-0.0109203
0.0516266
-0.528356
-0.531198
-0.0130466
0.759815
0.424795
-0.107342
0.472448
0.055607
0.557094
0.0369009
0.525341
0.59958
0.0251361
0.555991
0.117654
-0.277573
0.422324
0.0931193
0.0382728
0.526922
-0.00172751
0.487414
0.286285
-0.082248
-0.0267355
0.626316
-0.82042
0.729093
0.192601
0.126845
0.0480113
0.796662
0.518281
-0.0389645
-0.400054
0.525436
-0.0362957
0.622534
0.232414
0.367889
-0.684681
0.112886
-0.357944
-0.0238765
-0.500013
0.0467383
-0.00700444
-0.424239
-0.544984
-0.00638668
-0.00565094
-0.54511
-0.146385
-0.0416072
0.510832
0.547487
-0.0219278
0.534119
-0.0529795
-0.0521513
0.506774
-0.0378553
-0.51458
-0.010087
-0.392926
-0.432305
0.0258773
-0.0268755
-0.43195
-0.340159
-0.119777
0.00892951
-0.529402
-0.518093
-0.0399932
0.506744
-0.388755
-0.259525
-0.200005
0.633419
-0.318934
-0.367087
0.173369
-0.251056
0.511164
0.190193
0.151959
0.421278
-0.169136
0.219948
-0.150355
0.207912
-0.11992
-0.937464
-0.204056
0.305847
-0.731497
-0.263303
-0.405074
0.000620666
-0.425075
-0.000634066
-0.42439
-0.00318959
-0.0836673
0.0755867
-0.508583
-0.508831
-0.00262162
-0.504972
-0.41781
0.00131946
0.0558333
-0.508602
-0.51322
-0.870494
-0.0669707
-0.887644
0.0171499
0.0185352
0.633938
-0.0077966
0.535851
0.054677
0.539318
0.0368216
0.526792
0.552875
0.028252
0.477437
0.0625411
0.387912
-0.00850717
0.0400226
0.485172
0.407323
-0.00215676
-0.0497577
0.575897
0.684394
-0.0580784
0.746017
-0.0616229
0.906465
-0.160448
0.362534
-0.343713
0.945397
0.0392681
0.68514
0.452858
0.945109
0.131908
0.683289
-0.516012
0.504262
-0.0298566
-0.0295406
0.525149
-0.193555
0.169377
0.748177
-0.518133
0.131006
-0.373097
0.00814916
-0.423192
0.0456913
0.545786
-0.00394966
-0.0057109
0.435864
-0.19206
-0.390189
-0.301281
0.219012
0.0471356
-0.042146
0.499272
0.505816
0.560937
-0.0487466
-0.085534
0.539329
0.0313623
-0.520065
0.0241094
-0.447485
-0.395692
0.0147322
-0.034808
-0.411874
-0.511258
-0.126612
0.0033803
-0.572776
0.47158
-0.557736
-0.239682
0.53853
-0.309738
-0.0385979
0.323401
0.25613
-0.14459
0.213823
-0.163011
0.207228
-0.149671
-0.839779
-0.0957734
-0.668837
0.000459829
-0.424755
0.000300544
-0.42466
-0.000364097
-0.422411
0.00141108
0.0122371
-0.0265651
-0.494255
-0.499215
-0.508327
0.00467421
0.0343727
-0.516231
-0.500795
0.523466
-0.325294
0.164361
-0.84851
-0.0582401
-0.307894
0.0595933
0.566548
0.0523633
0.538165
0.0494727
0.526667
0.0893543
0.47746
0.48538
0.0203087
0.432915
0.0175378
0.401399
-0.00258335
0.0315221
0.451493
0.46714
-0.0315174
-0.207907
0.725726
-0.104375
0.363607
-0.407558
0.209589
-0.127325
0.667541
-0.00343836
-0.599657
-0.151613
-0.0925636
0.394547
0.682471
0.431327
0.416079
0.588437
0.154445
-0.0851496
0.685853
-0.521718
0.485481
0.00637998
-0.0261097
0.0297371
0.524885
0.486811
-0.0434763
-0.392373
0.100187
-0.367516
0.0401097
0.598807
-0.0418191
-0.202907
0.282831
-0.271984
-0.252481
0.234031
-0.321522
0.148162
-0.0990522
0.519334
-0.00848847
0.408708
0.575518
-0.084936
0.0268899
-0.532223
0.0401967
-0.484301
-0.390303
-0.0453852
-0.0721966
-0.294293
0.671498
-0.541344
-0.369836
-0.0278896
0.245347
-0.479682
0.162257
-0.458254
0.469769
-0.252237
0.260109
-0.190877
0.216128
-0.171911
-0.76479
0.000179722
-0.42475
0.000454481
-0.42492
0.000560669
-0.424245
0.00146984
-0.527626
0.0207103
0.00412242
-0.011745
-0.486633
-0.490419
0.0523944
-0.541735
-0.460145
-0.436388
0.292856
-0.822837
-0.000193797
-0.0794832
0.144266
0.523654
0.539428
0.0612385
0.526399
0.140193
0.475828
0.0746776
0.434305
0.446754
0.00646981
0.421925
-0.00298786
0.0168811
0.432028
0.42062
-0.00538367
0.29718
0.019066
0.604568
0.0562188
-0.315519
0.0887191
-0.424693
-0.0181503
0.582167
0.018963
-0.523641
-0.052665
-0.0340382
0.241962
0.594954
0.572891
0.400101
0.33912
0.190864
0.524726
0.438072
0.0402507
-0.630725
0.378801
0.258305
-0.13195
0.47984
-0.144516
-0.0724188
-0.0529407
0.52546
-0.339799
0.0724699
0.58449
-0.0507906
0.242695
0.069811
-0.221892
0.212107
-0.262417
0.174926
-0.297165
0.105527
-0.660974
0.4131
0.197084
-0.226576
0.269712
-0.0875794
-0.0175831
-0.560025
0.146238
-0.658429
-0.316262
-0.137008
-0.473546
0.247652
-0.455231
0.268309
-0.278222
0.193661
-0.383606
0.233416
-0.225543
0.219784
-0.194533
-0.424824
0.000253953
-0.425176
0.000710955
-0.425132
0.00144719
-0.557161
0.0310048
-0.0496458
-0.0710449
-0.365942
-0.519354
0.143594
-0.702912
-0.387596
-0.52922
-0.000760854
-0.424834
-0.000183661
-0.0745417
0.525777
0.526125
0.166619
0.499973
0.18199
0.368516
0.0308708
0.420315
0.431762
-0.00336675
0.00502319
0.424017
0.43006
-0.00368214
0.453018
-0.00389178
0.513131
-0.00389393
-0.439107
-0.00139379
-0.45517
-0.00208688
0.535807
-0.00371305
-0.505081
-0.00275467
-0.00331197
0.238915
0.524839
0.525094
-0.203386
0.596162
-0.288918
0.516722
0.0419088
0.0615744
0.418393
0.101697
-0.36528
0.479069
-0.189628
0.199509
0.515579
-0.358122
0.20604
-0.236653
0.186342
-0.257248
0.135009
-0.196076
0.251055
-0.245075
0.246082
-0.0873055
0.358953
-0.138311
-0.558722
-0.0242655
-0.386511
-0.1284
-0.369412
0.116002
-0.377572
0.228645
-0.27345
0.158327
-0.313289
0.217588
-0.223347
-0.425359
0.000436551
-0.425658
0.00123697
-0.556066
0.000352258
-0.095517
-0.658021
-0.583867
-0.162853
-0.678371
-0.424766
-0.000829551
-0.425463
-8.00526e-05
0.179381
0.513363
0.51553
0.173888
0.508076
-0.00405318
0.40344
0.00594991
0.419388
0.421549
-0.000898274
0.421217
-0.00335061
0.421625
-0.00429961
0.422293
-0.00456146
-0.424527
-0.0016325
-0.424128
-0.00248537
0.422974
-0.0043942
-0.423598
-0.00328462
-0.00393676
0.208106
0.516498
0.52956
-0.250831
0.481713
-0.343872
0.277011
0.10877
0.136096
0.135958
0.444809
-0.127436
0.317141
-0.188442
0.198128
0.505893
-0.232951
0.202338
-0.227571
0.156666
-0.209342
0.227446
-0.216527
0.253267
-0.136054
0.27848
-0.21346
-0.473662
0.00441273
-0.274922
-0.0970601
-0.267939
0.0853568
-0.304601
0.192194
-0.248056
0.142193
-0.263287
-0.426015
0.000793914
-0.514761
-0.0400677
-0.105066
-0.715808
-0.68858
-0.492833
-0.398998
-0.425431
-0.00086162
-0.426238
0.000142617
0.179717
0.507533
0.506805
-0.0172702
0.521293
-0.00482362
0.414213
0.419989
-0.00149862
0.420849
-0.00421137
0.421777
-0.00522774
0.422671
-0.00545502
-0.425208
-0.00185539
-0.424792
-0.00290151
0.42349
-0.00521295
-0.424209
-0.00386722
-0.00465583
0.212534
0.502092
0.491262
0.133703
0.483968
-0.398461
0.379795
0.182443
-0.115351
0.296438
0.0171273
-0.00302411
0.49179
-0.204126
0.178893
-0.183723
0.207043
-0.161077
0.230621
-0.127631
0.245033
7.42137e-05
-6.04278e-05
6.30634e-06
-2.00531e-05
-0.190804
-0.379918
0.00412765
-0.193693
-0.0748471
-0.188964
0.071687
-0.234096
9.48397e-05
0.000135634
-0.000156237
-0.510885
-0.00308235
-0.401814
-0.326834
-0.119654
-0.246267
-0.349887
-0.275347
-0.33714
-0.225984
-0.363817
-0.426254
-0.000845405
-0.499434
-0.0113084
0.0244383
0.499495
0.514701
-0.0224182
0.538887
0.418383
-0.00566884
0.420584
-0.00641189
0.422082
-0.00672621
0.423162
-0.00653481
-0.426022
-0.00208693
-0.425554
-0.00336945
0.424107
-0.00615722
-0.424913
-0.00450828
-0.00546247
0.0692577
0.555708
0.568326
0.156846
0.509566
-0.0614327
0.325877
-0.0864549
0.255263
-0.0258735
0.231742
0.362458
0.0351388
0.430777
-8.47169e-06
9.37806e-05
-0.000145694
-4.65021e-05
5.28539e-05
-3.50113e-08
-0.154087
-0.300678
0.00311384
-0.12512
-0.0618833
-0.123967
9.5774e-06
0.000540266
-0.00045499
-2.53178e-05
0.000114464
0.00130323
0.00363755
-0.00493116
0.164473
-0.569369
-0.408629
-0.303142
-0.322091
-0.247652
-0.315472
-0.207153
-0.310752
-0.494361
-0.00591873
-0.47779
-0.102887
0.0432909
0.491342
0.535574
0.542821
-0.00960229
0.498825
0.0375845
0.451363
0.0407357
0.423188
0.0216397
-0.487131
-0.00931646
-0.451296
-0.0392047
0.41328
0.00375091
0.421772
-0.0139546
-0.0340319
0.315115
0.397438
0.100711
0.347422
-0.0221338
0.261556
0.256946
0.289911
0.033174
0.0986349
0.230649
0.110114
0.353837
-1.25087e-05
-8.00643e-05
8.41312e-05
9.78428e-05
4.88143e-05
-0.000104281
0.000106867
-2.59203e-06
-0.132816
-0.229745
-1.73999e-06
0.000516692
-7.72834e-05
8.74931e-05
0.0016297
0.000850948
-0.00117737
0.000976671
0.00265915
-0.423043
-0.288728
-0.284008
-0.285735
-0.240818
-0.281807
-0.182709
-0.260859
-0.489688
0.00597873
-0.175493
-0.350437
0.106409
0.495047
0.632381
0.485381
0.184585
0.432055
0.0940617
0.406676
0.0470187
-0.550908
0.0519036
-0.432513
-0.157599
0.397052
0.0133744
0.401728
-0.0186306
-0.0648169
0.176548
0.321601
0.0620947
0.263193
0.135664
0.219917
0.190652
0.275807
0.128032
0.238281
0.207112
0.274757
5.49006e-05
-0.000555602
0.000488213
9.01501e-05
-7.23604e-05
0.000138336
1.73856e-05
-0.000126011
0.000126906
-3.4657e-06
-0.00160295
-0.00480859
0.00646653
0.00188297
0.000714757
-0.000968004
-7.54555e-06
0.000446968
-9.85227e-05
6.00235e-05
0.00123485
0.000592817
0.000749344
0.00190227
-0.303872
-0.268864
-0.270016
-0.256538
-0.217003
-0.247513
-0.166074
-0.313291
-0.510532
-0.40243
-0.0561983
0.427723
0.274436
0.416058
0.19625
0.394945
0.115175
0.378479
0.0634844
-0.29615
0.0732576
-0.179538
-0.364023
-0.0897264
0.36888
0.0229734
0.365382
-0.015132
-0.0634579
0.125419
0.258276
0.170352
0.240217
0.15382
0.247407
0.182685
0.225947
0.237734
0.219708
6.31371e-05
-0.000528577
0.000125607
-5.95869e-05
0.000146922
-2.60117e-06
-0.000128093
0.000128855
-4.19662e-06
-0.00211597
-0.000934782
0.00144791
-0.00122992
-0.0035155
0.00217119
0.000931468
-0.00121965
0.00143455
0.000515074
-8.40372e-06
0.000356858
-0.000103958
3.59153e-05
0.000950489
0.000391738
0.000577126
0.00131674
-0.303853
-0.235027
-0.24988
-0.223661
-0.42006
-0.197084
-0.355288
-0.12097
-0.212815
-0.0692148
0.311501
0.200669
0.346317
0.161434
0.3484
0.113092
0.341981
0.0699038
-0.291243
-0.10111
-0.303101
-0.0778678
0.33311
0.0318446
0.322838
-0.00486058
-0.0437207
0.162832
0.231205
0.182202
0.206577
0.223653
0.178257
-0.00259482
-0.000953893
0.00143261
5.02835e-05
-0.000453216
0.00013499
-4.76235e-05
0.000139292
-1.29964e-05
-0.000120412
0.000119923
-3.65562e-06
-0.00159214
-0.000572574
-0.000954315
-0.00251087
0.00240462
0.000682179
-0.000915608
0.0016678
0.000698263
0.00109943
0.000366108
-7.16544e-06
0.000260079
-0.000100624
1.61721e-05
0.000731918
0.000236975
0.000450361
0.000859222
-0.289877
-0.19503
-0.314111
-0.17285
-0.283404
-0.151677
-0.230477
-0.122143
0.268687
0.155636
0.297043
0.133078
0.306629
0.103506
0.305411
0.0711218
-0.242939
-0.0886484
-0.264765
-0.0560418
0.297551
0.0397042
0.284563
0.00812775
-0.0239225
-0.00335849
-0.00178997
0.0025537
-0.00192982
-0.000616191
3.37565e-05
-0.000351951
0.000129605
-3.78848e-05
0.000123464
-1.64684e-05
-0.000105523
0.000105304
-3.37564e-06
-0.00120541
-0.000321481
-0.00074904
-0.00172805
0.00260653
0.000959724
-0.00116158
0.00185363
0.00049635
0.00129424
0.000503531
0.000848979
0.000249071
-5.11591e-06
0.000164594
-9.2535e-05
3.23703e-06
0.000568518
0.000119074
0.000352811
0.000501298
-0.00444105
-0.00303801
0.00412048
-0.00250835
-0.0012116
-0.00143232
-0.00038929
1.94892e-05
-0.000241781
0.000114588
-2.89179e-05
0.000101036
-1.21254e-05
-7.92734e-05
7.58979e-05
-0.000916873
-0.000153657
-0.000589655
-0.0011189
0.00256803
0.000145198
-0.000106722
0.00204689
0.00076652
0.00143318
0.000357368
0.00100282
0.00034972
0.000653623
0.000163749
-2.90364e-06
7.4993e-05
-7.60362e-05
0.000436871
3.53989e-05
0.000276832
0.000221565
-0.00574683
-0.00496629
0.00627226
-0.00340642
-0.00213985
-0.00186028
-0.000783855
-0.00107224
-0.000233913
9.67395e-06
-0.000136777
9.11979e-05
-1.89931e-05
6.37726e-05
-0.000696986
-4.65279e-05
-0.000466099
-0.000643124
0.000828891
-0.00662354
0.00836273
0.00203424
0.000157829
0.00160937
0.000590419
0.00111264
0.000247566
0.00077941
0.000224226
0.000503606
9.67224e-05
-1.04315e-06
0.000325719
-1.29674e-05
-0.00779929
-0.011809
0.0138623
-0.00458687
-0.00378665
-0.00256866
-0.00143129
-0.00137004
-0.000486096
-0.000794145
-0.000136536
2.65492e-06
-4.81499e-05
4.47797e-05
-0.000528954
1.60124e-05
-0.000364044
-0.000276426
-0.000245804
-0.0028806
0.00395538
0.00058348
-0.00517272
0.00161856
0.000148577
0.00127441
0.000428676
0.000861983
0.000164742
0.000600772
0.000127489
0.000374558
4.75047e-05
0.000207554
-0.000220522
-0.00667671
0.00460686
-0.00573222
-0.00650123
-0.00989439
-0.00361053
-0.00274585
-0.00191008
-0.000891192
-0.00100749
-0.000274122
-0.000591181
-7.39806e-05
-3.3702e-06
-0.000384896
3.64508e-05
-0.000480799
-0.000164994
0.000399942
-0.000272122
-0.00202499
0.000392603
-0.00394666
0.00128745
0.000135538
0.00100586
0.000285163
0.000669726
9.5451e-05
0.000453827
4.87926e-05
0.00025506
-0.00638745
-0.000642598
0.000352561
-0.0055888
0.00368963
-0.00542959
-0.00807495
-0.00282166
-0.00183498
-0.00138381
-0.000513448
-0.000728557
-0.000138609
-0.000429141
-2.93331e-05
-0.000243344
0.000279796
-0.000466546
4.8199e-05
-6.24366e-05
-0.00041506
-2.20402e-05
-0.000278935
-0.00135351
0.000248814
-0.002908
0.00101987
0.000121195
0.000787714
0.000167697
0.000504277
4.45478e-05
0.000303851
-0.00466316
0.00809156
-0.00981666
-0.00540729
-0.00082266
-0.00466437
0.0029164
-0.00450292
-0.00639408
-0.00216757
-0.00105646
-0.000973832
-0.000266258
-0.000517471
-5.26073e-05
-0.000272682
-0.000282128
0.00072827
-0.000912679
-0.000400757
3.39015e-05
-0.000352128
5.12006e-05
-0.00027134
-0.000833328
0.000139827
-0.00202749
0.000806076
0.000102366
0.000605468
6.72212e-05
0.000348401
-0.00293288
0.00686806
-0.00859823
-0.00387859
0.00656056
-0.00455585
-0.000924286
-0.00387448
0.00228516
-0.00375024
-0.0048075
-0.00160378
-0.000433634
-0.000661668
-0.000119613
-0.000325284
2.41847e-06
0.00100983
-0.0012944
-0.000237776
0.000565314
-0.000340948
2.26899e-05
-0.000294474
7.43414e-05
-0.000253437
-0.000440472
5.48183e-05
-0.00127557
0.000640457
6.67071e-05
0.00041562
-0.00145638
0.00432181
-0.00579755
-0.00236155
0.00535214
-0.00319995
0.00519949
-0.00383828
-0.000959384
-0.00321905
0.00172093
-0.00312664
-0.0032799
-0.00110117
-3.3113e-06
-0.000444914
0.000294607
0.00103359
-0.0013258
1.9658e-06
0.000770103
-0.000198831
0.000423252
-0.000288382
1.66138e-05
-0.000242863
6.40046e-05
-0.00022734
-0.000158862
-2.51714e-05
-0.000609229
0.000482329
-3.2406e-06
0.00487287
-0.00632611
-0.0011924
0.00315289
-0.00189144
0.00404756
-0.00265264
0.00401256
-0.00322535
-0.000917436
-0.00265963
0.00121
-0.00262943
-0.00174519
-0.000448212
0.000486105
0.000761781
-0.000953314
0.000247394
0.000788161
1.56048e-06
0.000569694
-0.000165228
0.000300121
-0.000240501
1.40317e-05
-0.000198877
3.59043e-05
-0.000190973
6.30908e-06
-0.000126901
0.00140341
0.00474961
-0.00615668
-3.87901e-06
0.00368472
-0.000975154
0.00223679
-0.0015081
0.0029043
-0.00217359
0.00293741
-0.00274259
-0.000789608
-0.00214476
0.000650964
-0.00219368
0.000494409
6.32903e-06
-1.46887e-05
0.000417473
0.00059169
0.000206655
0.000583111
1.22794e-06
0.000403271
-0.00013658
0.000196421
-0.000198288
1.31162e-05
-0.000159518
4.89508e-06
-0.000120591
0.00278595
0.00405338
-0.00543651
0.0011549
0.0035904
-2.69863e-06
0.00271243
-0.000797542
0.00152657
-0.00119941
0.00195341
-0.0017799
0.00194463
-0.00234186
-0.000524843
-0.00154253
0.000254216
-0.00021171
0.000451908
0.000423921
-1.38822e-07
0.000354345
0.000443966
0.000171611
0.00041274
9.56403e-07
0.000265577
-0.000111449
0.000109942
-0.000157733
1.09397e-05
-0.000115697
0.00446457
0.00676179
-0.00844171
0.002246
0.00296187
0.000943361
0.0026443
-1.80544e-06
0.00191715
-0.000649316
0.00097588
-0.000944672
0.00115294
-0.00143098
0.000981348
-0.00206759
-0.000791535
-0.00280483
0.00385035
0.000275638
-6.34561e-05
0.000358237
-3.99596e-06
0.000300071
0.000315521
0.000141859
0.000272047
7.20151e-07
0.000153192
-8.90126e-05
4.16818e-05
-0.000104756
0.006284
0.00842814
-0.0102489
0.00371037
0.00529601
0.00179687
0.00210787
0.000770552
0.0018715
-1.08741e-06
0.00127027
-0.000529182
0.000559911
-0.000742198
0.000521504
-0.00108611
-0.00247865
-0.00642721
0.00811429
-0.000555908
-0.00197339
0.000278492
1.62236e-05
0.000299384
-3.33081e-06
0.000250516
0.000206691
0.000116023
0.000157085
4.86538e-07
6.34104e-05
-6.30746e-05
0.00672265
-0.000150345
-0.000288672
0.0053067
0.0068306
0.0030729
0.00401939
0.00143896
0.00143907
0.000629807
0.0012407
-5.35357e-07
0.000744064
-0.000423519
0.000240626
-0.000564611
-0.00253992
7.94511e-05
-1.84348e-05
-0.00196924
-0.00501399
-0.000374495
-0.00132039
0.000269064
4.65328e-05
0.000247042
3.82099e-07
0.000206742
0.000115731
9.26018e-05
6.54197e-05
3.36443e-07
0.00780421
0.00473353
-0.0058127
0.00564284
-0.000487816
0.00446995
0.00543225
0.00253857
0.0029178
0.00113952
0.000928545
0.000513042
0.000726833
1.64662e-08
0.000324499
-0.000323977
-0.0023288
0.000986988
-0.00119836
-0.00199227
0.000102373
-0.00156651
-0.00382216
-0.000237389
-0.000814072
0.000250441
4.28704e-05
0.000201814
5.66251e-06
0.000163809
4.42148e-05
6.57556e-05
0.00573268
-0.0122274
0.0143002
0.00650933
0.00387138
0.0046971
-0.000722252
0.0037564
0.0042128
0.00209581
0.00196223
0.000903594
0.000536667
0.000412087
0.000314294
5.20432e-07
-0.00208765
0.000682242
-0.000923621
-0.00179541
0.000789997
-0.00157155
0.0001074
-0.0012463
-0.00281338
-0.000133969
-0.000429257
0.000223303
2.09865e-05
0.000161383
8.51431e-06
0.000109971
0.00444112
-0.00492798
0.00622205
0.00456286
-0.0102805
0.00543678
0.00313861
0.00389977
-0.000865964
0.00317876
0.00312646
0.00171832
0.00114676
0.000711822
0.000234758
0.00031481
-0.00182717
0.000863102
-0.00112379
-0.00161044
0.000497148
-0.00138884
0.000607133
-0.00124309
0.000104105
-0.000986634
-0.00196138
-5.19496e-05
-0.000153537
0.000185465
-3.58152e-06
0.000118484
0.00339937
-0.00293942
0.00398215
0.00340504
-0.00376682
0.00360237
-0.00844843
0.00454392
0.00249726
0.00321865
-0.000939774
0.00269765
0.00213959
0.00138293
0.000474387
0.000549565
-0.00158944
0.000658894
-0.000896787
-0.00139145
0.000643978
-0.00124709
0.000355344
-0.00107603
0.00043997
-0.000979964
9.76901e-05
-0.000784905
-0.00122944
2.48333e-05
7.62556e-06
0.000114904
0.00261187
-0.00191224
0.00269984
0.00255188
-0.00208595
0.00258028
-0.00273922
0.00280181
-0.00670503
0.00380739
0.00194438
0.00264337
-0.000928834
0.00236706
0.00114125
0.00102391
0.00124478
-3.20537e-05
0.00338836
-0.00460115
0.000897284
-0.00124207
-0.00120849
0.000475863
-0.00107184
0.000468585
-0.000967006
0.000246179
-0.000838089
0.00029767
-0.000773095
8.61895e-05
-0.000618943
-0.000586765
0.000122528
0.00211698
-0.000985591
0.00148047
0.00194284
-0.00130292
0.00189017
-0.00139533
0.00191319
-0.0018481
0.00214555
-0.00506226
0.00322927
0.00141511
0.00210848
-0.000737618
0.00216489
-6.62618e-05
0.000594041
-0.000559864
0.000939273
-1.90861e-05
0.00246815
0.000627981
-0.000933368
0.000337371
-0.000827552
0.000328999
-0.000756017
0.000164234
-0.000647705
0.000171628
-0.000591454
5.91374e-05
-0.000464236
0.0016389
-0.000876195
0.00135398
0.00159619
-0.000639022
0.00144521
-0.000857806
0.00139849
-0.000880295
0.00139753
-0.00107767
0.00158423
-0.00344136
0.0027417
0.000857532
0.00142742
-0.00490354
-7.23886e-05
0.00661453
-5.84144e-05
0.000173596
-0.000181505
3.06327e-05
0.000544311
0.00072023
-1.49987e-05
0.0017629
0.000414748
-0.000718495
0.000228234
-0.000636858
0.000209451
-0.000582094
9.86961e-05
-0.000489454
6.87376e-05
-0.000405101
0.00125257
-0.000532621
0.00121111
-0.000405003
0.00108087
-0.000539877
0.00102611
-0.000508998
0.000990755
-0.000455187
0.00109992
-0.00182873
0.00228489
-0.00358321
-6.78687e-05
3.29278e-05
-0.000556705
0.000451256
-6.85008e-05
6.12583e-05
-5.11971e-05
5.18246e-05
0.000152374
6.92919e-05
0.000459993
0.000557802
-1.25483e-05
0.00121764
0.000253982
-0.000558178
0.000149729
-0.000488084
0.000114795
-0.000436676
4.60129e-05
-0.000336363
1.92041e-05
-0.00014229
0.000155865
0.000147247
-0.00019667
0.000969152
-0.000290682
0.000919725
-0.000243939
0.000802409
-0.0003154
0.000749066
-0.000267392
0.000679797
2.0145e-06
0.000456227
-0.00256008
-5.40838e-05
-8.40474e-05
-0.000540659
5.24746e-05
6.0617e-05
0.000102452
0.000119151
8.55041e-05
0.00036192
0.000434207
-1.10245e-05
0.000794446
0.000129703
-0.000431447
9.32913e-05
-0.000365036
4.23001e-05
-0.000290352
-0.000101125
-0.0001253
9.85489e-05
0.000761292
-0.000132301
0.000700515
-0.000142659
0.000598921
-0.000163942
0.000532611
-0.000120241
0.000458241
-0.00176262
-3.62371e-05
-0.000127036
-0.000467882
0.000109791
5.32649e-05
0.000120739
8.38665e-05
8.95015e-05
0.000261365
0.000341526
-1.00614e-05
0.000462976
3.92835e-05
-0.000319585
4.8094e-05
-0.000248051
-0.000149719
-0.000102716
5.85555e-05
0.000599642
-3.09728e-05
0.000529813
-7.44926e-05
0.000433418
-6.31061e-05
0.000338004
-0.00114221
-2.08108e-05
-0.000139187
-0.000365102
0.00013128
4.27278e-05
0.0001216
5.16945e-05
8.71154e-05
0.000164137
0.000267702
-9.30044e-06
0.000204572
-1.32694e-05
-0.000199959
-0.000161328
-8.06572e-05
2.84592e-05
0.000476755
2.27434e-05
0.000386607
-2.88474e-05
0.000274895
-0.000655304
-1.01639e-05
-0.000134458
-0.000251682
0.000133753
3.05751e-05
0.000112453
2.62321e-05
7.99314e-05
7.48385e-05
-0.000213228
-0.000153097
-6.21218e-05
9.05194e-06
0.000369828
4.03895e-05
0.00024605
-2.51894e-06
-0.000282961
-0.000119762
-0.000142455
0.000124842
1.81847e-05
9.92088e-05
6.80778e-06
6.6182e-05
8.65588e-06
-0.000136801
-4.52483e-05
-3.00911e-06
0.000286439
-9.51294e-05
-5.01958e-05
0.000109234
8.15765e-06
7.29898e-05
-0.00011314
-2.73997e-05
-7.02896e-06
-4.67184e-05
-3.47805e-06
8.11473e-05
-7.41184e-05
0.191862
-0.247344
-0.25173
0.164673
-0.0598685
-0.232559
0.17269
-0.0453817
-0.187177
0.157603
-0.202984
-0.0460309
-0.201313
-0.233208
-0.225189
-0.264407
0.144487
-0.0997338
-0.243991
0.144257
-0.0713005
-0.226626
0.155325
-0.0690231
-0.185743
0.11672
-0.0339813
0.135605
-0.101624
-0.120841
0.08686
-0.0289047
-0.0919366
-0.112619
0.0837148
-0.0367033
-0.0759161
-0.0457908
-0.139952
0.107168
-0.152959
-0.0277259
-0.175258
-0.167678
-0.0302388
-0.202969
-0.205497
-0.00407633
-0.221113
-0.207045
-0.212964
-0.0893003
0.052597
-0.0409572
-0.0483431
-0.264998
0.115327
-0.12051
-0.244103
0.123593
-0.0998462
-0.213112
0.113266
-0.0577864
-0.189417
0.131631
-0.0726973
-0.163225
0.0905275
-0.0560565
0.0795489
-0.062077
0.141626
-0.126499
0.0644219
-0.0396389
-0.112117
0.072478
-0.028402
-0.10267
0.0742682
-0.0500732
-0.0246306
-0.128328
-0.126255
-0.0128357
-0.113419
-0.104772
-0.00264673
-0.102126
-0.0785629
-0.11952
-0.0181373
-0.14954
-0.146466
-0.0286588
-0.176838
-0.178199
0.0038335
-0.210879
-0.173005
0.0285562
-0.24152
-0.182322
-0.20141
-0.0798113
-0.0397088
0.0200066
-0.0998179
0.0484145
-0.0984877
0.0707218
-0.0223072
0.0911457
-0.071139
0.0428027
-0.055685
-0.262042
0.0901309
-0.146715
-0.239827
0.0931129
-0.116234
-0.21264
0.0964055
-0.0993744
-0.191952
0.0925782
-0.0603219
-0.168984
0.108662
-0.0784566
0.0631694
-0.063835
0.127004
-0.137832
0.073997
-0.07341
-0.12285
0.0494403
-0.0503723
-0.095212
0.0448397
-0.0209438
-0.0821937
0.0612499
-0.0114719
-0.0486058
0.0371339
0.0525867
-0.0748939
0.00398088
0.00104749
-0.147513
-0.112371
0.0235979
-0.135969
-0.0785277
-0.118236
-0.0011517
-0.177047
-0.148665
0.0133195
-0.186324
-0.163728
0.0379861
-0.220309
-0.148338
0.248477
-0.176007
0.0470664
-0.173242
-0.0148956
-0.103341
-0.114714
-0.0110561
-0.103657
0.0755668
-0.0866228
0.00442776
-0.0759255
0.00103167
0.0220908
-0.0777757
-0.0538347
0.0714362
-0.0670085
-0.00633946
-0.253486
0.0589534
-0.163355
-0.228926
0.0655708
-0.135813
-0.204669
0.0688562
-0.108263
-0.184612
0.0763486
-0.0920338
-0.160546
0.0685125
-0.0518839
-0.141323
0.0894392
-0.0143187
0.120065
-0.0460683
0.105747
-0.116772
0.0707042
-0.0673321
-0.115515
0.0481832
-0.0706756
-0.00942565
-0.055762
0.0463364
-0.0725363
0.0167744
-0.0354024
-0.0600836
0.0246813
-0.0561028
-0.0527453
0.053777
0.00210659
-0.0548519
-0.00232573
-0.0571633
0.0592699
0.0182915
-0.166956
-0.117678
-0.0029658
-0.114712
-0.106307
0.255919
-0.150391
0.0799121
0.0252348
-0.188963
-0.141721
0.0438553
-0.192193
-0.145107
0.225797
-0.145885
0.0525553
-0.139638
0.26426
-0.129251
0.113869
0.0180537
-0.12436
-0.0856037
0.0289953
-0.114599
0.0244564
-0.0489833
0.0245269
-0.0327068
0.00320728
-0.0521906
0.101402
-0.0724071
0.0147796
0.0728426
-0.0580629
0.00583417
0.0768377
-0.0831771
0.023003
0.0318489
-0.0645556
0.0559279
-0.0500937
-0.0272491
-0.248878
0.0255304
-0.189924
-0.223643
0.0337186
-0.158072
-0.196061
0.0379893
-0.127205
-0.172816
0.0456108
-0.0964672
0.153366
-0.0848534
0.0568988
-0.161664
0.0768109
-0.0722249
-0.138396
0.0661711
-0.0326492
0.10904
-0.0383359
0.076391
-0.100366
0.06203
-0.0521826
-0.0799805
0.0277979
0.0771993
-0.0308629
-0.00278116
0.0540264
-0.0508191
0.0319701
0.0220564
0.0564971
-0.0710033
0.0401404
-0.0542289
-0.0723575
0.0181286
-0.0476763
-0.0580954
0.0557697
0.00117449
0.00809347
0.0388235
0.0176736
0.039998
-0.00610662
-0.0191139
0.0252206
0.0238916
-0.000570169
-0.0233213
0.017785
0.0121329
-0.00335653
-0.00877636
-0.0162452
0.0156751
0.00269421
-0.0189394
-0.0074031
0.0100973
0.00472983
0.0115985
-0.15332
-0.103113
0.0387235
-0.141837
-0.0856367
0.22931
-0.115442
0.0834249
0.0329533
-0.178061
-0.120367
0.19845
-0.115025
0.0588123
-0.119248
0.251046
-0.0943803
0.121795
0.226959
-0.105163
0.111517
0.0407256
-0.126362
-0.0738733
-0.087472
0.0150649
0.0215351
-0.0954084
-0.0659369
0.0114458
-0.0305596
0.0354948
-0.024049
-0.0366006
0.0554105
-0.0188098
0.00642257
-0.0430231
-0.0443965
0.00266701
-0.0672226
-0.0495235
0.00394631
-0.0534698
-0.0404502
0.0707695
-0.0571826
-0.0135868
-0.0641146
0.0791796
0.00665484
0.0211167
0.072149
-0.0510322
0.0220553
0.0588876
-0.0368322
0.0316385
-0.035584
-0.00193333
-0.0286262
-0.0252546
0.000673216
-0.000693274
0.00424264
-0.0294972
-0.0146967
-0.0180532
-0.000737519
0.0038022
-0.00306466
-0.00951387
-0.000399486
-0.00911436
-0.0184527
-0.236574
-0.0114824
-0.211043
-0.219931
0.008888
-0.186213
-0.198
0.0117871
-0.16001
-0.187757
0.0277467
-0.142146
-0.157638
0.0154918
-0.100739
0.131114
-0.0543033
0.0303753
-0.141797
0.0874934
-0.0756255
-0.107033
0.0314075
-0.0306419
0.085889
-0.0544815
0.1009
-0.0388702
0.0702583
-0.0723324
0.0334623
-0.0852062
0.0128738
-0.0574082
-0.0723148
0.0149066
0.075096
-0.0349555
-0.0291807
0.0512371
0.0262298
0.0183409
0.0318105
-0.0501514
0.0445707
0.0340514
0.0171858
0.051725
-0.063674
0.0287185
-0.0455453
0.0603833
-0.0522898
0.014838
0.0288778
0.0228472
0.0688758
0.0165861
-0.00033989
0.0321504
-0.00176443
0.0269851
-0.0337304
0.0333905
0.000871203
0.0261139
-0.0148143
0.0156855
0.0201166
-0.00233161
0.00530228
0.000277296
0.000395925
0.000121065
0.0167727
-0.0010975
0.0144411
-0.00109076
0.0014867
0.00271145
0.0074413
-0.010092
0.00899457
-5.30157e-06
0.00744663
0.0348432
-0.15521
-0.106994
0.0330229
-0.140016
-0.0933393
0.19688
-0.0853634
0.0818552
0.188057
-0.106201
0.0688085
-0.0864013
0.240689
-0.0617954
0.146309
0.218402
-0.0720931
0.113239
0.188545
-0.0753061
0.103181
0.0370293
-0.130369
0.102697
-0.0656679
0.00728884
0.0830809
-0.075792
0.017144
-0.0400386
-0.0788855
0.00309349
0.0275803
-0.0463901
0.0225711
-0.0466199
0.00800829
-0.0366344
-0.0386116
0.00575561
-0.0487787
-0.0406344
-0.00416786
-0.0446108
-0.044618
0.0484616
-0.0885003
-0.0193809
-0.025237
0.0233281
-0.058912
0.0301417
-0.0495226
0.0665245
-0.0180629
0.0529377
0.059522
-0.00658436
0.0661769
0.0850617
-0.0188848
0.0340295
0.0648332
-0.0308036
0.0280011
-0.0309109
-0.00138009
-0.0352543
-0.0308773
-0.00549824
-0.029756
-0.000479073
-0.000214191
-0.00354372
-0.000359882
-0.00608748
-0.0247897
0.0167321
-0.0228196
-0.00172053
0.0093655
-0.011086
-0.000251148
-0.00329256
-0.21805
-0.0452374
-0.229532
-0.177291
-0.0568051
-0.222528
-0.215219
-0.0143136
-0.206331
-0.198799
-0.00753129
-0.187012
-0.178642
-0.00836974
-0.150896
-0.162406
0.0115105
-0.146914
-0.104335
0.134711
-0.0168419
-0.0122037
-0.124831
0.107989
-0.0389416
-0.109671
0.0551897
-0.0394128
0.0358441
-0.0752568
-0.0744289
0.0354873
-0.0192392
-0.0473231
0.0831673
0.0880434
-0.0545811
0.0127866
0.0618803
-0.0490937
0.0145572
-0.0643849
0.00980381
-0.0515112
-0.0691449
0.0176338
-0.0542383
-0.0696998
0.0154615
-0.0409813
-0.0272066
0.0443924
0.0173641
0.0133506
0.0187998
0.0307148
0.0335613
0.0108311
0.0564085
-0.0702468
0.0292655
-0.0554088
0.0484403
0.00796826
0.0650264
0.00961757
0.0124504
0.0209401
0.0312503
-0.00397497
0.0249151
0.0227217
0.00339224
0.0187468
0.0162478
-0.000562252
0.0196401
0.0132016
0.00123946
-0.0185039
0.0179417
-0.00033392
0.00115278
0.0086147
0.00037989
0.00985416
-0.00366828
0.00404818
0.00377838
-0.0484183
-0.0819503
0.0669941
-0.153395
-0.0730223
-0.121441
0.168921
-0.0657394
0.0627193
-0.0906759
0.0216825
-0.103633
0.231336
-0.0242923
0.16954
0.205307
-0.0357671
0.133214
0.178739
-0.0455247
0.103433
0.156308
-0.0528753
0.0905689
0.219132
0.0114893
0.19484
-0.194078
0.205567
0.0509555
-0.17142
0.222375
0.0838429
0.0920672
-0.0640773
-0.0279898
0.11375
0.0480818
-0.0308037
-0.0686023
-0.0198979
-0.0655088
-0.0538615
-0.0116473
-0.0846651
0.0405173
-0.0460154
0.00190571
-0.0387287
0.0284367
-0.0536736
0.0161741
-0.0549027
0.0418129
-0.0617108
0.067063
-0.0252501
0.0490002
-0.0333298
-0.0203438
0.0380644
-0.0689753
0.0114582
-0.0447879
0.058448
-0.00944779
0.0518636
0.0638564
-0.0119928
0.0449716
0.0605578
-0.0155863
0.0297542
-0.039221
-0.0258939
-0.0201215
-0.00224913
-0.0275068
-0.0270388
-0.00515295
-0.0223539
-0.0310468
0.000873105
-0.0279119
0.000246534
-0.000606412
-0.00304602
-0.000522281
0.0181939
-0.0173208
-0.00462566
0.00821192
-0.0128376
-0.00287408
-0.00592009
-0.0875407
-0.0375788
-0.144346
-0.178613
-0.043915
-0.192927
-0.114837
-0.0295083
-0.158752
-0.181753
-0.0111731
-0.189285
-0.167221
-0.0220641
-0.17559
-0.157954
-0.0176365
-0.146443
-0.129313
-0.0171303
-0.141517
-0.0335279
-0.0972056
0.0636777
-0.0960535
-0.00115202
-0.0605662
-0.0600056
-0.000560543
-0.0792448
0.00392246
-0.0504906
0.0544131
0.0663301
-0.0517729
0.0158394
0.0717907
-0.0619869
0.022697
0.0594187
-0.0367217
0.00764587
0.0691667
-0.051533
0.00717988
-0.0690127
0.0174798
-0.0535512
-0.0574096
0.00385847
-0.0281441
0.00110419
0.0301461
-0.031819
0.0426501
0.0436913
-0.00104112
0.0516596
-0.0593539
0.0312098
0.0382864
0.0133731
0.047904
-0.0114499
0.0228888
0.00202634
0.053035
0.0129414
0.00669865
-0.0316882
0.0337146
0.0154042
0.00253754
0.0221028
0.00831025
0.00154394
0.0108478
0.00287081
0.00441475
0.136133
0.125423
0.219976
0.0147408
-0.136181
-0.0888919
0.16267
-0.0721011
0.0719941
-0.0641873
0.0299479
-0.11884
-0.0341293
0.194107
0.000733385
0.15834
0.173257
-0.0149177
0.127733
0.154354
-0.0266214
0.101479
0.128517
-0.0270382
0.056416
0.179871
0.0256965
0.180604
-0.16615
0.191846
0.0562257
-0.147081
0.203307
0.0728953
0.0542876
-0.0884169
0.0262978
0.0862403
-0.0599424
0.00157518
-0.0512561
-0.0104547
-0.0629034
-0.0575283
-0.0053751
-0.0559531
0.0308095
-0.0511533
-0.0240932
-0.0442147
0.039675
-0.0501298
0.0560438
-0.0163688
0.0307936
0.0511202
-0.0203266
0.0416724
0.0113892
-0.0561771
-0.039764
0.0158367
-0.0550577
-0.0403404
0.0546134
-0.012941
0.0426205
0.0592875
-0.016667
0.0437012
-0.0113565
-0.0096224
-0.0345923
-0.0301899
-0.000856933
-0.0398123
0.0411287
-0.0419855
0.0187748
-0.00913712
0.014333
-0.0234701
-0.00298785
-3.40633e-05
-0.00595414
0.00787127
-0.0108591
-0.00496628
-0.000512392
-0.00445387
-0.0337686
-0.0901984
-0.0713473
-0.0501897
-0.179555
-0.140388
-0.0361256
-0.0352217
-0.0656339
-0.137138
-0.0216147
-0.148311
-0.0533547
-0.0122791
-0.0749694
-0.127711
-0.0205992
-0.149776
-0.123814
-0.0259612
-0.141451
-0.121136
-0.020315
-0.138266
0.0498388
-0.0509908
-0.140275
0.00200859
-0.0765969
-0.0849208
0.00832393
-0.035082
-0.0749178
0.0239271
-0.0754784
-0.0210652
-0.061199
0.0401337
-0.0453595
0.0483521
-0.0407062
0.0029926
-0.0541601
0.0174384
-0.0469802
0.055094
-0.0376555
0.0143878
0.0557879
-0.0383081
0.0088077
-0.0567353
0.0184272
-0.0528768
-0.021667
0.0442434
0.00879154
0.0432023
0.0330316
0.0101707
0.0464047
-0.0495853
0.0279183
0.0554885
-0.00908378
0.0440386
-0.00554661
0.0293898
0.00432474
0.0381814
0.0204037
0.00169917
0.0247284
0.00971995
0.00112786
0.0114191
0.00344675
0.00457462
0.0957729
0.16742
0.221196
0.112378
0.108818
0.185273
0.153302
-0.0968857
0.0891145
-0.0297252
0.0825026
-0.112228
-0.00591424
0.182515
-0.00191133
0.167598
0.1484
0.0191982
0.121778
0.135211
-0.0134331
0.108173
0.0112875
-0.153026
0.151115
0.0388203
-0.128691
0.167511
0.0746159
-0.114119
0.188735
0.0711542
0.0772105
-0.0112701
-0.0659404
0.0712963
0.0113539
-0.0592856
0.00333248
-0.0479317
-0.062188
0.050918
-0.0434944
-0.00663541
-0.0488695
-0.0550685
0.00619906
-0.051736
0.0438618
-0.0504972
-0.0126229
-0.0219693
-0.052387
0.0504228
-0.00656114
0.034054
0.055176
-0.0211222
0.0348493
0.0594563
-0.024607
0.0513481
0.00810824
0.038407
0.0511358
-0.0624923
-0.0107954
-0.0415915
0.0565563
-0.0181492
0.0398893
-0.0226029
-0.0342344
-0.00557778
-0.0562037
-0.0381077
-0.00387788
-0.0436855
0.0190125
-0.0228903
-0.00445768
0.00861899
-0.0130767
-0.00224006
0.00300596
-0.00524601
-0.0492175
-0.211641
-0.228773
-0.024526
-0.115862
-0.0597476
-0.0352905
-0.193482
-0.151152
-0.0144002
-0.0453474
-0.0266793
-0.0653756
-0.00959375
-0.0859747
-0.0136262
-0.0130531
-0.0232199
-0.0866012
0.000626482
-0.112562
-0.0754061
-0.0371562
-0.0957211
-0.0861581
-0.00956293
-0.0841495
0.076693
-0.0527659
0.0416109
-0.0813363
-0.00281323
-0.0730123
-0.0314014
0.0744584
-0.0343247
0.0216926
0.0406156
-0.0262278
-0.0597086
0.025384
-0.0494662
-0.0102425
0.0464736
-0.00585793
-0.0457075
0.00805193
-0.0368997
0.0450882
-0.0370363
0.0188604
0.0510889
-0.0326617
0.0141892
-0.0507093
0.0180476
-0.022791
-0.0315581
0.00876714
0.0378189
0.000362517
0.0479896
0.0389059
0.0340123
0.00489354
0.0284657
-0.00309235
0.0226082
0.00212025
0.0229707
0.0096981
0.00172104
0.0118183
0.00335498
0.00507602
-0.0153792
-0.232134
-0.22702
0.0699507
0.188325
0.237371
0.0926674
0.144704
0.201486
0.0976702
0.103815
0.168824
0.121876
-0.110588
0.00964797
-0.0562924
0.0408344
-0.0971268
-0.0213536
0.133682
0.0174329
0.15288
0.128534
0.024346
0.115101
0.00451288
-0.125609
0.143042
0.041902
-0.107764
0.149666
0.0809703
-0.0908957
0.171866
0.0779287
0.0436189
-0.0649725
0.0898705
-0.0389525
0.0419388
-0.00979725
0.0725353
-0.0289164
0.0335829
-0.0490236
-0.0014737
-0.0428245
-0.0409516
-0.00187298
-0.0507488
0.0431183
-0.044592
0.0456772
-0.00255914
0.039116
-0.0332069
-0.0229967
-0.0747984
0.0601681
-0.0210523
0.0390458
0.0587541
-0.0197084
0.0341471
0.0633853
-0.0292382
0.0714937
0.0533445
0.0809898
-0.0276451
-0.0583868
-0.0164114
-0.0296763
-0.014009
-0.0526729
-0.0182946
-0.00459577
-0.0323036
0.0105546
-0.0151503
-0.00252219
0.0038134
-0.00633561
-0.0163647
-0.210656
-0.209847
-0.0271219
-0.124031
-0.0724692
-0.0348225
-0.175024
-0.158853
-0.0107089
-0.0617603
-0.023762
-0.0222905
-0.000929428
-0.021664
-0.00295561
-0.0208063
-0.00388501
0.0109949
-0.0481511
-0.0236977
0.00203378
-0.0127028
-0.0423735
-0.00577763
-0.0519364
-0.0529729
0.00103649
-0.0557861
0.0547112
-0.0330186
0.0233098
-0.0460049
-0.00978121
-0.0226951
0.045771
-0.020387
0.0127525
0.0367789
-0.0179184
0.030921
-0.0359057
0.0155186
-0.0291776
-0.00672807
0.03942
-0.00849905
-0.0342695
0.0163511
0.0390486
-0.0248594
0.0020123
-0.0241953
-0.0100743
-0.022183
0.0363025
-0.0182549
0.0114431
-0.0281201
0.00986525
-0.019353
0.0191745
-0.0222668
-0.000178504
0.0200191
0.00295164
0.0249127
0.00264584
0.00979126
0.00202708
0.0127429
0.00416041
0.00618749
0.026171
-0.249832
-0.205963
0.00958227
-0.215545
-0.201073
0.0429837
0.204423
0.231309
0.0638724
0.167437
0.208576
0.0738969
0.134679
0.177712
-0.0714429
0.149372
0.106269
0.010412
0.220793
0.214835
-0.0714571
0.00648465
-0.0197996
-0.0516575
0.116926
-0.112414
0.1074
0.0356428
0.131746
0.019332
-0.103559
0.139202
0.0461074
-0.0842061
0.130313
0.0876598
-0.0561304
0.14379
0.0932411
0.0633671
-0.0568824
0.0344508
0.0582282
-0.0237773
0.0330049
0.0252234
-0.0665878
0.0158389
0.0423555
-0.0442285
-0.00223665
0.0518422
-0.0360033
0.0076136
0.031835
-0.0340717
0.0485623
-0.0167275
0.0460031
-0.0363909
0.0196633
0.059695
-0.0136921
0.0386425
-0.0414614
-0.0112112
-0.0578727
0.0656601
-0.0270178
0.0459517
0.0727861
-0.0268346
0.043548
0.0671902
-0.023642
-0.039545
-0.0183275
-0.0248524
-0.00745112
-0.0360635
0.0110983
-0.0185493
-0.00405202
0.00378191
-0.00783397
-0.0129848
-0.188089
-0.188009
-0.0217997
-0.137053
-0.08356
-0.0295975
-0.158412
-0.166651
-0.00905503
-0.0745049
-0.0298613
-0.000390349
-0.00349466
0.00164348
0.000239332
-0.0301007
-0.00325527
0.0150257
-0.0208033
0.00232288
-0.000710884
0.00235443
0.00161202
0.0111235
-0.0209047
-0.0225524
0.00174911
-0.0215159
-0.0191305
-0.00238535
-0.00800699
0.0310853
-0.0183329
0.00839026
-0.019782
-0.00112273
-0.0113917
0.02697
-0.0114513
0.00863715
-0.0173793
0.00592796
0.0248933
-0.00854214
0.0163942
0.0208728
-0.00447851
0.0141447
-0.00323455
-0.0172052
0.00866311
-0.0101972
-0.00700806
-0.0202714
0.0271529
-0.0157098
0.00496997
-0.01515
-0.00512142
-0.01018
0.0204107
-0.0105455
0.00470092
-0.0138525
0.00330706
-0.014031
0.0113481
0.00139479
0.013994
-3.70311e-05
0.00502592
0.0064207
0.061112
-0.256142
-0.188719
0.0281805
-0.2169
-0.187364
0.00858687
-0.195951
-0.179502
0.0278986
0.186936
0.195335
0.0392936
0.156042
0.173973
-0.0456214
0.138862
0.147141
-0.0408716
0.101519
0.133101
-0.0301091
0.236686
0.190684
-0.0192806
0.209964
0.167656
-0.0664693
0.244726
0.170217
-0.0992868
0.254923
0.14544
-0.0573209
0.000438529
-0.108978
0.125998
-0.106666
0.01702
0.0325352
0.0368567
0.102006
-0.0825382
0.115073
0.0477752
-0.0807141
0.128489
0.063076
0.0999328
0.0445422
0.0574633
-0.0392455
0.0837876
0.0607039
-0.0602652
-0.0629558
0.0391787
-0.00225194
0.0554312
-0.0162525
0.0310007
0.0244306
0.0562241
0.0202207
0.0426156
-0.0350021
0.00854384
0.0500012
-0.0297805
0.014999
0.0403749
-0.0318311
0.0039839
0.0482496
-0.0285863
0.0345575
0.0400119
-0.0360281
0.0114255
0.0523113
-0.0177541
0.0252936
-0.0207599
-0.0153035
-0.0390874
0.0540348
-0.0287416
0.0272003
0.048767
-0.0215668
-0.0251251
-0.0139617
0.0103089
-0.0256121
-0.00824037
0.00371349
-0.0119538
-0.0150817
-0.16442
-0.173493
-0.0330275
-0.133624
-0.107532
-0.0252257
-0.148268
-0.158849
-0.0029477
-0.104585
-0.0330484
0.00278999
-0.00604524
0.00514447
0.000980486
-0.0340289
-0.00506469
0.000444964
0.00130417
0.00205703
0.00302342
0.0021211
0.00508046
0.0100907
-0.0112134
0.00208374
-0.000976066
0.00228028
0.00571834
-0.00363455
-0.003333
0.00235695
-0.00868463
-0.0025288
0.0200764
-0.0114392
0.0139896
-0.00806167
0.00255048
0.00771166
-0.0109462
-0.000349992
0.0114249
-0.00276172
0.00694638
0.0104295
-0.00348305
-0.000516699
-0.00570674
0.00294501
-0.00377538
-0.00193134
-0.0107834
-0.00535844
-0.00542496
-0.0104799
0.0136606
-0.00895963
0.00348057
-0.00699926
0.0113456
-0.00803849
0.00238593
0.00631397
-0.00627694
-0.00176153
-0.00738458
-0.157036
0.0748209
-0.247671
-0.181321
0.0586428
-0.239964
-0.158257
0.0440236
-0.202281
-0.151928
-0.159312
0.11117
-0.262846
-0.136501
0.143262
-0.265404
-0.119585
0.167225
-0.255874
-0.098179
-0.125325
0.258403
0.129597
-0.143879
0.247385
0.114523
-0.17409
0.245212
0.0732949
-0.197635
0.237339
0.0475774
0.19881
-0.254852
-0.0570639
0.207949
-0.231871
-0.046903
-0.214065
0.222193
0.0232734
-0.00967816
0.00645728
0.161198
0.162499
0.0236837
0.138815
0.156785
0.126876
-0.0253571
0.0876308
0.131427
-0.0532984
0.223516
0.156666
-0.0183049
0.174971
0.142893
-0.071489
0.216928
0.152027
-0.0896589
0.219256
0.12727
0.110411
-0.0227806
0.104744
-0.0877235
0.0444784
0.0273499
0.0317964
0.0681363
0.0892599
-0.075475
0.102825
0.0530143
0.12115
-0.0201269
0.109387
0.0636606
-0.0210662
0.0847267
0.089345
0.0600422
-0.0155638
-0.042161
0.0399091
0.0178812
-0.0491348
0.0328825
-0.00922574
0.0476415
-0.014759
0.0247746
0.0228669
0.0492052
0.0194246
0.0392127
-0.0242138
0.00738151
0.0409616
-0.0215371
0.0167478
0.0410419
-0.0336605
0.00501369
-0.0371526
0.0193984
0.0415039
-0.0300787
0.00435148
0.0316887
-0.0266752
0.00161011
0.0412989
-0.0219006
0.0125567
-0.0166281
-0.00898309
-0.0305897
0.0349006
-0.0223437
-0.0133338
-0.0172557
0.00568154
-0.0146646
-0.00944257
-0.147593
-0.15771
-0.0430927
-0.0614921
-0.0478785
-0.110971
-0.0909712
-0.028521
-0.129189
-0.139492
0.00489972
-0.0663918
-0.0291291
0.00246606
-0.00753073
0.00458719
0.00519066
-0.0343198
-0.00234005
-0.00925209
-0.0250677
-0.000594465
0.0051817
-0.004486
0.00676633
0.00447094
-0.00699967
0.000836379
0.00211834
0.00464798
0.00447532
-0.00107663
0.00191304
0.0033987
-0.00693885
-6.08281e-05
-0.00438836
0.00385946
-0.00420943
-0.000528872
0.00371098
-0.00422763
-0.000498428
0.0057732
-0.00282813
-0.00229015
-0.00193742
-0.00221461
-0.000613506
0.000690536
-0.00262186
-0.00152409
-0.000819777
-0.00180208
-0.00624471
0.00889312
-0.00650715
0.00189387
-0.00435083
0.0066012
9.40579e-05
-0.0192259
-0.128367
-0.120573
-0.0387399
-0.139799
0.104299
-0.240801
-0.135665
0.0730032
-0.208668
-0.129278
-0.168018
0.115489
-0.235073
-0.125312
0.14534
-0.243519
-0.0897332
0.16691
-0.223974
-0.0766088
-0.119066
0.23359
0.10019
-0.149385
0.22268
0.0842046
-0.176051
0.223628
0.0466291
-0.17869
0.201964
0.0449378
0.178848
-0.225751
-0.0451261
-0.206326
0.196648
-0.00436263
-0.0291033
-0.00649411
0.149387
0.132321
0.00124871
0.131072
0.132676
0.109895
-0.0325048
0.184531
0.142466
-0.0286841
0.17115
0.120703
-0.0526712
0.179941
0.13186
-0.101774
0.201964
0.0781664
0.0900266
0.0198687
0.00892976
0.080415
0.0989563
-0.0740406
0.0584768
0.0287841
0.0379846
0.071402
-0.0568789
0.085663
0.0642715
0.102256
-0.0148897
0.0862915
0.0698369
-0.00619802
0.0760348
0.0742169
-0.0536534
0.0444277
-0.0357721
0.0227045
-0.0473654
0.0326065
-0.00293784
0.0372659
-0.00465939
0.0220093
0.0152566
0.0448761
0.0233389
0.0359851
-0.0192374
0.0023245
0.0314415
-0.00810267
0.012204
0.0307998
-0.0284754
0.00412432
0.0279654
-0.023614
0.00606423
0.0298172
-0.0282073
0.00620336
0.0295018
-0.0253775
0.00129475
0.0264532
-0.0203889
0.00410904
0.0180576
-0.0139503
-0.000801948
-0.024557
-0.10381
-0.153746
-0.0204063
-0.13334
-0.0133444
-0.0776268
-0.0797362
-0.0403539
-0.0991379
-0.117981
-0.119544
-0.0277943
-0.0519419
-0.0370464
0.00175337
-0.0040934
0.00693508
-0.00991995
-0.0271265
-0.00445909
0.00036567
0.0177429
-0.0276629
-0.00732484
-0.0117839
-0.00332714
-0.00845678
-0.00271662
0.00736467
0.00421847
-0.000234041
0.00017325
0.00167899
0.0019778
0.00538687
0.0053765
-0.00176496
0.00344395
0.00361155
-9.12718e-05
0.000264544
-0.000620118
0.00043923
-0.000937596
-0.00018086
5.70867e-05
-0.00199441
-0.000880492
0.000439099
-0.00105253
-0.00155532
-0.000776934
-0.000747122
-0.00182946
-0.000884361
-0.00091775
-0.00163148
0.00404946
0.000301372
-0.00121914
-0.0549786
-0.08482
-0.158789
-0.0805851
-0.0874327
-0.165405
0.0998496
-0.225161
-0.108819
-0.196251
0.146194
-0.235927
-0.0789676
0.142751
-0.21936
-0.0931761
0.147248
-0.192374
-0.0721122
-0.121752
0.205957
0.0802121
-0.136612
0.183241
0.0693451
-0.147078
0.192016
0.0361626
-0.179852
0.175489
0.012164
-0.189257
0.160154
-0.013768
-0.0322201
-0.0319152
0.152618
0.0991568
0.119025
0.0572331
0.0617923
-0.0391002
0.17096
0.13205
-0.0168249
0.148875
0.135793
-0.0944566
0.172623
0.0765037
-0.0997382
0.17995
0.0728847
0.0304091
0.068547
0.0876421
0.00762402
0.0665927
0.076171
-0.0704158
0.0356263
0.0347893
0.0158757
-0.0454092
0.0681138
0.0402536
0.042711
0.0595448
0.0585865
-0.00959671
0.0498501
0.0499479
0.00579052
0.0608021
-0.0169647
0.0525909
0.0590699
0.0648604
-0.0461894
0.0432516
0.0219242
-0.0363368
0.0316774
0.00691469
-0.0239
0.0391564
0.0077774
-0.0317723
0.0236696
0.00738399
0.0339114
-0.0217076
0.00543583
0.0302204
-0.00655107
0.00851286
0.0261017
-0.0206657
0.000724105
0.0155351
-0.0148115
0.0258173
-0.0196144
0.00542822
0.020886
-0.00535029
0.02218
0.00256526
0.0196825
-0.0142547
-0.0956182
-0.0239261
-0.085551
-0.0732379
0.0338981
-0.119449
-0.0994418
0.00390358
-0.103345
-0.0917146
0.0271815
-0.0791235
0.0907992
-0.114725
0.00650344
-0.0336299
-0.07262
-0.000796614
0.00501511
-0.000430933
0.00875316
-0.0423831
-0.0189097
-0.00129198
0.000861063
-0.00461912
0.000112289
-0.019022
-0.00834449
0.000902965
-0.00924745
-0.00371617
-0.00120271
0.00658965
0.00381239
-0.00244036
0.00270494
0.00100359
0.000778405
0.00581124
0.00438995
0.00539354
-0.00189647
0.00101607
0.00207733
0.000627646
-0.00214611
0.000590902
-0.00113003
-0.00205517
0.00022577
-0.00146427
-0.00153148
-9.99707e-05
-0.00130572
-0.000819196
-0.000919165
-0.0741956
-0.0912096
-0.147434
0.121458
-0.200426
-0.0747935
-0.166003
0.0940189
-0.187195
-0.106407
0.111802
-0.183914
-0.0753934
0.132357
-0.164577
-0.051557
-0.111444
0.180789
0.0685059
-0.131032
0.167195
0.0497572
-0.158519
0.170683
0.00867536
-0.159063
0.145295
0.0116206
-0.0192824
0.010282
0.07736
0.0283553
0.107438
0.0901476
0.10043
-0.0659738
0.142477
0.0829009
0.0274764
0.0799615
0.110377
-0.0768577
0.149742
0.0656198
-0.106252
0.174758
0.0434906
0.0153388
0.060832
0.0926987
0.00644809
0.0862506
0.0215466
0.0392554
0.0823786
-0.00147526
0.054066
0.0201259
0.0384603
0.054915
0.0534396
-0.0311218
0.0530457
0.0187282
-0.0304071
0.0491349
0.0195406
0.0580008
0.0315429
0.0333174
0.0707982
0.0212296
0.0328363
0.0545468
-0.00435924
0.0371954
-0.0350781
0.0419927
0.0179674
-0.0202935
0.0276773
-0.0439136
0.02362
0.0361362
0.00585633
-0.0282939
0.0217426
-0.000616582
0.0216682
7.4422e-05
-0.030181
0.00951501
0.0231484
-0.0136337
0.00833664
0.0174282
-0.00909167
0.0120777
0.0113362
0.00074031
0.0139022
-0.073096
-0.0416294
-0.0287962
-0.118637
-0.0137871
-0.0779275
-0.0868831
0.0760737
-0.10487
-0.0433754
0.0373474
-0.0807228
-0.065998
-0.00183681
-0.0641612
-0.0797643
-0.040351
-0.0322691
-0.0819804
-0.0190706
-0.0233125
-0.0513397
-0.00040525
0.00421767
0.0004558
0.00719517
-0.0305077
-0.0118269
0.000454595
1.17462e-06
-0.00326158
0.00463696
-0.0164639
-0.0046105
-0.00787208
-0.00122824
0.00703953
0.00298939
-0.00456663
0.0051943
0.000826918
0.0033984
0.0036411
0.00422531
-0.00423551
0.00310555
0.000958764
-0.00324737
0.00178315
-0.00014185
-0.00237304
0.00106732
-0.000589906
-0.000981603
8.57164e-05
-0.0576535
-0.060984
0.064572
-0.170979
-0.101431
-0.159085
-0.041104
-0.117981
0.0893667
-0.16476
-0.0816123
0.103105
-0.154662
-0.0616549
0.114636
-0.133919
-0.040026
-0.0995537
0.149311
0.0752039
-0.142805
0.151481
0.00650543
-0.129417
0.141037
0.0220642
0.00711802
-0.067865
0.143069
-0.0126794
0.0926408
0.08775
0.0941981
-0.033382
0.126023
0.0769953
0.142615
0.0338984
0.0602996
0.127408
0.0152072
0.170898
0.103033
0.0485381
0.0377124
0.0824365
-0.0262066
0.0639189
0.0788565
0.00352199
0.0526499
0.0527679
0.0180303
0.0562898
0.0373692
0.0160702
0.0330099
0.0337728
0.0242275
0.0498429
-0.0269595
0.0449265
0.0221751
0.0464025
0.0366718
0.017875
0.0547019
0.0239937
0.0132016
0.0418685
0.0256237
0.00738592
0.0388252
-0.0288036
0.0346596
0.0161228
-0.0219047
0.021288
0.00171524
-0.0230118
0.0247269
0.0116477
-0.0228083
0.0228829
-0.00152029
-0.0257234
0.01209
-0.00284072
0.0195763
-0.00748721
0.0104848
0.00907635
0.00140938
-0.0421578
-0.0398226
-0.0207318
-0.0661513
-0.0628896
-0.0687799
-0.0360901
-0.129764
-0.00147432
-0.07829
-0.0676257
0.067847
-0.103937
-0.0128758
-0.077037
0.00782539
-0.0848624
-0.0704646
-0.0251031
-0.0262366
-0.0649257
-0.0113421
-0.0191657
-0.0375787
-0.00028406
0.00327341
-0.000282923
0.00971731
-0.028883
-0.00674654
0.0055946
-0.0123412
-0.00227752
-0.00256048
-0.000411676
0.00405277
0.0028617
-0.00381712
0.00477591
-0.000408196
0.00446091
-0.00265967
0.00251783
0.00211619
-0.00212163
0.00153168
0.000396178
-0.000826967
0.000704697
0.0804669
-0.121571
-0.0492971
0.0530018
-0.134614
-0.0649789
0.0759569
-0.140936
-0.045614
0.0786129
-0.140268
-0.0560013
0.0992698
-0.139296
-0.0409981
0.10687
-0.0997516
-0.0324264
0.130231
0.012838
0.136736
-0.129256
0.15132
0.0074805
0.0515681
0.0635437
0.0188928
0.0967852
0.00624802
0.109623
0.119304
-0.00968082
0.0221792
0.103843
0.0824789
0.119051
0.00505275
0.0584909
0.0875316
0.0969782
0.0220723
0.103226
-0.0499467
0.0688394
0.0139722
0.0435011
0.00914872
0.0574733
0.052827
0.00346287
0.0619756
0.0442985
0.0104034
0.0477613
0.0331975
0.016645
0.0405834
-0.0196986
0.0358211
0.0267036
0.0433486
0.0313524
0.0105159
0.0417557
0.0186714
0.0201536
0.0291872
0.0303235
0.0102597
0.00589258
0.0244308
0.0260462
-0.0167379
0.0283853
0.0190832
-0.0181999
0.0166799
0.006527
-0.00961594
0.0161429
0.0187694
-0.0160263
0.0131857
0.000653633
-0.0159004
0.00841333
-0.00271478
-0.00718882
0.00122473
-0.0321063
-0.0328194
-0.0113146
-0.0515751
-0.0434209
-0.0104072
-0.0572185
-0.0619823
-0.0584196
-0.0455175
-0.107717
-0.00982082
-0.0606439
-0.0670393
-0.0588248
-0.0260377
-0.104342
-0.0866815
-0.0165031
-0.0210756
-0.0493224
-0.0148667
-0.0140163
-0.0359423
-0.000850723
-0.00170976
-0.00124101
0.000390252
0.00162069
0.00408761
-0.018104
-0.00825358
-0.00102543
-0.00722819
-0.00273524
-0.00201722
-0.000718064
0.000721284
0.00373963
0.00234193
-0.000681486
0.00279766
0.00305808
-0.000717227
0.00111337
0.00208041
-0.000589714
0.000523655
0.0702727
-0.115887
-0.0374441
0.074795
-0.130796
-0.066141
0.0704131
-0.136554
-0.0454737
0.102125
-0.143123
-0.0286717
0.118298
-0.0667297
0.0858713
-0.0572516
-0.124042
0.0573123
0.112363
0.00694148
0.119843
-0.00419912
0.0157136
0.0531257
0.0742045
0.0966534
0.00657281
0.0869725
0.0943325
-0.00736002
0.101274
0.0129252
0.0746064
0.0871297
0.0966787
0.0743653
0.0223134
0.0809381
0.0579747
-0.000501353
0.0203843
0.0375905
0.07351
0.0508961
0.0110796
0.0503947
0.0504205
-2.57031e-05
0.0436514
0.00410979
0.0547309
0.0356965
0.00605901
0.0398062
-0.0163848
0.0354678
0.0269637
0.0372233
0.000303134
0.0257429
0.0294902
0.0355491
0.00769005
0.0295332
0.0321209
0.00943007
0.0226907
0.0351729
0.0163839
0.0190835
0.00384897
0.0149199
0.0202328
-0.0138801
0.0145336
0.00226268
0.0171825
-0.011306
0.00859097
0.00322747
-0.00457283
0.0040183
0.00758041
-0.0510013
-0.041742
-0.00654627
-0.0351958
-0.00317483
-0.0588075
-0.0541761
0.000475369
-0.0675147
-0.0583321
0.0555674
-0.0930116
-0.0487748
-0.00377796
-0.0829036
-0.0712927
0.0271156
-0.0758905
-0.0557881
-0.0232186
-0.0127237
-0.0297649
-0.0130194
-0.0167455
-0.00954225
-0.00856176
-0.022266
0.00134171
-0.000951539
-0.000675544
0.00139037
0.00433054
-0.0128924
-0.00289766
-0.00361577
-0.000944001
-0.00267183
-0.00161954
0.00115824
0.0018998
0.00254857
0.000461342
0.00161903
0.00236111
-0.000802168
0.000816864
0.0654895
-0.110963
-0.0275221
0.0854287
-0.1141
-0.0511255
0.0654793
-0.116605
-0.045484
0.147286
-0.089974
0.0900347
-0.0240658
-0.0933084
0.00333441
0.108382
-0.00710794
0.104183
0.0108743
0.0116643
0.0618458
0.0987941
-0.0844485
0.0773405
0.0820993
-0.00116125
0.0747393
-0.0097092
0.0537196
0.0450745
0.076033
0.0616593
0.0143737
0.0604981
0.0206471
0.0297736
0.0582376
0.0159594
0.0422783
0.0778054
0.0503559
0.00437498
0.0503302
-0.0234212
0.053195
0.0269091
0.0364148
0.00339127
0.0407899
0.0413421
-0.00579312
0.0447332
-0.00337392
0.0224574
0.0261592
0.0357718
-0.000598886
0.0299786
0.00873532
0.0174238
0.0314262
0.0308272
0.005474
0.0147587
0.0279311
0.00341598
0.013766
0.0181747
-0.00406882
0.00729578
0.00969729
-0.00230787
0.00498774
0.00483988
-0.059016
-0.0303559
-0.0433753
-0.000920192
-0.057412
-0.0599362
-0.00693821
-0.0643545
-0.0643502
-0.0692708
-0.00661981
-0.0967929
-0.0587432
0.00295503
-0.065363
-0.0613995
-0.0140343
-0.0293409
-0.012524
-0.00974204
-0.0292696
-0.0220155
-0.00725406
0.00781352
-0.0218479
-0.014202
-0.00609568
-0.00679676
-0.0158377
-0.00206221
0.000442614
0.000486355
2.29918e-05
-0.00681985
-0.00264887
-0.00131186
-0.00133703
-0.000869221
0.00128988
0.0010712
0.00177623
-0.000136474
0.000934725
-0.0729674
-0.0238256
0.0401736
-0.0856577
-0.0327938
0.0979707
-0.122037
-0.0186342
0.0522183
-0.0708525
-0.0334394
0.0856206
-0.0747464
0.088955
-0.0330817
0.0979502
-0.0206098
0.0232038
0.0628971
-0.095979
-0.0737372
0.0531274
0.0364686
0.0413368
0.081543
0.0897943
-0.0292963
0.0800851
0.00634786
0.0523644
0.0291787
0.066738
0.0374417
0.0228302
0.0303649
0.0651087
0.0295004
0.0356084
0.0708373
0.0491352
-0.00834533
0.0231649
0.0259706
0.0500741
0.0280104
0.0220638
0.0583754
0.0443086
0.000424456
0.0359634
0.0394178
-0.00943949
0.0398422
0.0120937
0.0158378
0.0295174
0.0330508
-0.00222374
0.0236114
0.020167
0.00935035
0.0179433
0.00699152
0.0111835
0.0228297
0.00375623
0.00594097
0.0149399
-0.00116901
0.00477194
-0.00753728
-0.0523989
-0.0368782
-0.00674875
-0.0546508
-0.0565399
-0.00781031
-0.0632887
-0.0602093
0.033676
-0.0575017
0.077968
-0.0442921
0.0126049
-0.0420459
0.00783831
-0.0447166
0.0284128
-0.0205744
0.00656489
-0.00871668
-0.00712111
-0.0159708
0.0202811
-0.0137162
0.0060791
-0.00989166
-0.0027001
-0.00411984
-0.00982124
-0.00181773
0.000948496
-4.15082e-05
-0.000515204
-0.00360469
-0.00185224
-0.000903737
0.000920025
0.000878517
0.054188
-0.0869819
-0.0033137
0.0462555
-0.079695
-0.0407265
0.0974963
-0.0345993
0.0266438
-0.0530512
0.0682398
-0.0151124
0.0914435
-0.00453555
-0.0619756
0.0468631
0.0532071
-0.0577427
0.0739698
-0.0207628
0.0393705
0.0671172
-0.0607694
0.00514165
0.0460015
0.024836
0.07518
0.0439914
0.0311886
0.0814331
0.0206638
0.0299968
0.0283786
0.0656053
0.0371774
0.0284281
0.0620135
0.0429886
-0.00702527
0.0278542
0.0151345
0.0538247
0.0323934
0.0214315
0.054457
0.0291887
0.0252682
0.0575674
0.0422634
-0.00242157
0.0352381
0.032589
-0.00897784
0.0301676
0.0119146
0.010915
0.0212649
0.00834923
0.0129155
0.0262926
0.0173145
0.00834649
0.00659332
0.0192616
-0.000664609
0.00592865
0.00234036
-0.0625497
-0.0423762
0.0292697
-0.0713156
-0.034019
0.0216349
-0.055654
-0.0409148
0.0445054
-0.0478192
0.000213301
0.0480587
-0.0478455
-0.0232569
-0.00184691
-0.0405293
0.0260537
-0.0279006
0.00547924
0.0190058
-0.0135265
0.0052895
-0.00281614
-0.00700516
0.0127078
-0.00741834
-0.000109743
-0.00349507
-0.00711491
-0.000426691
-0.00306843
-0.00133042
-0.0642485
0.0164293
0.0512095
-0.0460679
0.02399
-0.0647166
-0.0402585
0.0746155
-0.0352451
0.0215643
-0.0431523
0.0400293
0.0111801
0.0868923
0.0291496
-0.0343934
0.0455735
0.0626212
-0.0334717
0.0418583
0.0567237
-0.0148655
0.0214786
0.0663955
-0.0457317
0.0203277
0.0449116
0.017102
0.0761002
0.0303687
0.0239454
0.0336221
0.0523736
0.0394074
0.0129662
0.0565097
-0.028381
0.062003
0.038513
-0.0032753
0.0317981
0.00671467
0.0469325
0.0337712
0.0131613
0.0552024
0.0370239
0.0181787
0.0622918
0.0339111
0.0329883
-0.00282125
0.0297129
0.0246431
-0.00732862
0.0218223
0.00767151
0.0115897
0.0205869
0.0132579
-0.00251329
0.00907631
0.00617398
-0.0470888
-0.0343554
0.037998
-0.0612551
-0.017656
-0.0647448
0.0584039
-0.0419747
0.0105584
-0.0506967
0.00603714
-0.0403924
0.0255668
-0.0195297
-0.00233381
0.0132408
-0.0155746
-0.000285695
0.00840787
-0.00869355
0.000989528
-0.00612541
-0.000781916
-0.00534354
-0.048539
0.00656427
0.0182333
-0.0584919
-0.0303058
0.0537477
-0.03342
0.0193543
0.0706476
-0.049169
0.0274952
-0.0309967
0.0446173
-0.025263
0.0311989
0.0134183
0.0767724
0.0433007
0.0619961
-0.0186955
0.0471306
-0.00203838
0.0643341
-0.0339652
0.0309141
0.0665537
-0.0100438
0.0325887
0.0339842
0.0280188
0.0469506
0.0470515
-0.000100806
0.0370079
-0.0233174
0.0513362
0.0563175
-0.0224067
0.0330003
0.0233984
0.00631384
0.0301129
0.0244445
0.00566831
0.0376059
0.0319186
0.00568743
0.0500971
0.0276907
0.0194349
0.00238756
0.0257483
-0.00117287
0.0120851
0.0144719
0.00245359
-0.0671985
-0.0379389
0.0579744
-0.0514102
0.00727768
-0.0599208
-0.000651359
-0.0372875
0.021129
-0.0217803
0.0015993
0.0147836
-0.0131843
-0.000791063
0.00592281
-0.006714
-0.00277075
0.0218715
-0.0521773
-0.0295388
0.029646
-0.0606428
-0.0225314
0.0624
-0.0314857
0.0371369
0.0505897
-0.0526281
-0.0100531
0.0447145
-0.00757764
0.0581328
0.0621989
-0.00406609
0.0435034
-0.00912483
0.0575632
-0.0249744
0.0260776
0.0448072
-0.0187296
0.0587301
-0.021722
0.0337558
0.0539132
-0.00257696
0.0538125
0.0578094
-0.00399682
0.0360875
0.0489115
-0.0159114
0.0463347
0.0452134
-0.017523
0.0293018
0.0205533
0.00519486
0.0262214
0.0240455
0.00217612
0.0297328
0.0122099
0.0141832
0.0193787
0.00859029
-0.0685112
-0.0286972
0.0283384
-0.0578773
-0.0401728
0.00608125
-0.0347785
0.0255451
-0.0194639
0.0037648
0.0148001
-0.0110352
0.00161566
0.00673243
-0.00511692
0.0353552
-0.0578866
-0.0225222
0.0403682
-0.0504213
-0.0175185
0.0578554
-0.0130482
0.0502778
0.0421499
-0.0512747
-0.00827148
0.0487192
0.00155858
0.0446531
-0.00662161
0.0209436
-0.0339917
0.0451895
-0.0242459
0.0526151
-0.0188591
0.0338856
-0.000106093
0.0590146
-0.0229269
0.0401556
0.0588216
-0.0124869
0.0548249
0.031898
0.04596
-0.0166578
0.0334731
0.0290159
-0.0168057
0.0123573
0.0135663
0.0157424
-0.00106341
0.0109719
-0.0511447
-0.0238067
0.0211171
-0.0436394
-0.0300276
0.00840067
-0.0322074
0.0221351
-0.0137344
0.00267115
0.0131833
-0.0105121
0.00214796
0.00631528
-0.00416742
0.022716
-0.0402345
-0.0209235
0.0354104
-0.0436818
-0.00482414
0.0506095
-0.00541993
0.0521681
0.046035
0.00613311
0.0394134
-0.0042685
0.0370064
-0.0371124
0.0127605
0.0356469
-0.0228864
0.030227
0.0577094
-0.0175538
0.0205971
0.0462461
-0.014348
0.0286924
0.0414921
-0.00801906
0.0271442
0.0216892
-0.0093317
0.0136701
0.0132368
0.00390668
0.00367217
-0.0336998
-0.0285353
0.0140147
-0.0349382
-0.0196852
0.000734352
-0.0292697
0.0162784
-0.0155441
0.00254397
0.0120357
-0.00949172
0.00152355
0.00509104
-0.00356759
0.0367064
-0.00647933
0.0322036
-0.0370278
-0.00273456
0.0368374
-0.0411059
-0.000190393
0.0332877
0.0034187
0.0394208
-0.0016851
0.0388195
-0.0182224
0.0159332
0.0287433
-0.0128101
0.0319396
-0.00319626
0.0254602
0.0416032
-0.0129107
0.0233809
0.0358149
-0.00867041
0.0229043
0.0198353
-0.006165
0.0111649
0.0101288
0.00396393
0.0313532
-0.0340878
0.011668
-0.0176017
0.00669738
-0.0242992
0.0183196
-0.0116222
0.00277544
0.0110194
-0.00824395
0.0015276
0.00469137
-0.00316384
0.0265491
-0.00108887
0.0299678
0.036292
-0.0364824
0.00220409
0.0351071
-0.00513929
0.033422
-0.00306037
0.029428
-0.00604708
0.0166179
0.0184382
-0.00182037
0.0152419
-0.0247278
0.0236389
0.0239506
-0.00870868
-0.000777263
0.0263933
-0.00348888
0.0203462
0.0154434
-0.00427842
0.0119546
0.00794608
0.00366778
0.0222933
-0.0200893
-0.00200588
0.0139078
-0.0159137
0.00228546
0.0102399
-0.00795448
0.00199593
0.00406062
-0.00206477
0.0252894
-0.00165057
0.0201501
0.0280908
-0.00794071
0.0250304
0.00494105
0.0232554
-0.00290922
0.0214351
0.0127264
-0.0158039
0.0141532
0.0147544
-0.00202811
0.0139771
-0.00182677
0.0140468
-0.00209218
0.0111375
0.00636762
0.00427538
0.0182702
-0.0133292
0.00235651
0.010946
-0.00858954
0.0029915
-0.000315357
0.00330684
-0.00491652
0.0170448
-0.0028917
0.00910407
0.0151649
-0.00606091
0.0160828
-0.000917968
0.00275357
-0.0108221
0.00793037
0.0129704
-0.00183301
0.0109422
0.0120983
-0.00115623
0.0102715
-0.000550694
0.00575583
0.00392275
0.0107929
-0.00803939
0.00220336
0.00461725
-0.00241391
-0.000299277
-0.000859152
0.0116586
-0.00372836
0.00559771
0.00762262
-0.00202497
0.00670464
-0.00133476
0.00847443
-0.00902528
0.004746
0.00527669
0.00412042
-0.004905
0.00170949
0.00292308
-0.00425787
0.000509151
0.00104066
-0.000531516
0.0062909
-0.00154501
0.0042659
8.0259e-06
0.00204972
-0.000340336
0.000504671
0.000110865
0.000582713
-0.000574694
0.000266725
0.000771363
)
;

boundaryField
{
    top
    {
        type            symmetryPlane;
        value           uniform 0;
    }
    bottom
    {
        type            symmetryPlane;
        value           uniform 0;
    }
    inlet
    {
        type            calculated;
        value           nonuniform List<scalar> 
17
(
-0.97042
-0.92719
-0.97042
-0.8859
-0.92719
-0.85771
-0.8859
-0.85697
-0.85771
-0.85735
-0.85697
-0.85772
-0.85735
-0.85783
-0.85772
-0.85782
-0.85783
)
;
    }
    outlet
    {
        type            calculated;
        value           nonuniform List<scalar> 
17
(
0.982048
0.938656
0.897653
0.869417
0.870678
0.897675
0.8697
0.876295
0.93876
0.869077
0.814424
0.86878
0.981956
0.877397
0.762964
0.877927
0.806597
)
;
    }
    deck
    {
        type            calculated;
        value           uniform 0;
    }
    frontAndBack
    {
        type            empty;
        value           nonuniform List<scalar> 0();
    }
    defaultFaces
    {
        type            empty;
        value           nonuniform List<scalar> 0();
    }
}


// ************************************************************************* //
