/*--------------------------------*- C++ -*----------------------------------*\
  =========                 |
  \\      /  F ield         | OpenFOAM: The Open Source CFD Toolbox
   \\    /   O peration     | Website:  https://openfoam.org
    \\  /    A nd           | Version:  8
     \\/     M anipulation  |
\*---------------------------------------------------------------------------*/
FoamFile
{
    version     2.0;
    format      ascii;
    class       surfaceScalarField;
    location    "13000";
    object      phi;
}
// * * * * * * * * * * * * * * * * * * * * * * * * * * * * * * * * * * * * * //

dimensions      [0 3 -1 0 0 0 0];

internalField   nonuniform List<scalar> 
6926
(
-1.05308
0.0710305
-0.652857
-0.575153
0.174931
-0.941648
0.0740225
-0.11292
-0.539937
0.0688488
-0.756922
-0.752278
-0.0144386
-0.635251
-0.0481787
0.234424
-1.05805
-0.0648821
0.013168
-0.583537
0.177766
-0.717704
-0.644037
0.466534
-0.586708
0.133342
0.0251472
-0.66014
-0.828081
-0.244412
-0.409726
-0.0679182
0.0526745
-0.568293
0.156254
-0.873957
-0.555702
-0.534205
0.000171138
-0.533756
0.257372
-0.680506
-0.165025
-0.767876
-0.57277
-0.794975
-0.217313
-0.210007
0.0233044
-0.38159
-0.191513
-0.574196
-0.122765
-0.751193
-0.896195
0.12969
-0.131169
-0.592822
0.119814
-0.423187
-0.812396
0.0723854
-0.511072
0.000171877
-0.528537
-0.005048
-0.53411
-0.00349284
-0.102482
-0.938838
-0.388219
0.252407
-0.436958
-0.563079
-0.0424529
-0.10126
-0.471844
-0.185245
-0.511715
0.0459095
-0.797102
-0.113066
-0.705417
0.225661
-1.06843
-0.00149941
0.0947428
-0.787324
-0.00262164
-0.533631
-0.788735
-0.00795639
-0.612508
0.000175768
-0.525005
-0.00335963
0.153228
-0.139928
-0.827724
-0.818035
-0.527905
-0.0112528
-0.534207
-0.0323652
-0.038387
-0.648044
-0.523781
0.0443703
-0.420776
-0.236312
-0.886582
-0.834037
0.0369351
0.000159572
-0.6994
-0.00617638
-0.867638
0.0248691
-0.983455
0.0335756
-0.727567
-0.256033
-0.533913
-0.0107255
-0.522746
-0.753593
-0.131761
-0.14349
-0.759403
-0.849007
0.000187147
-0.528043
0.0032135
-0.519904
-0.0113604
-0.174013
-0.682409
-0.389418
-0.61232
-0.528254
-0.0172059
-0.534173
-0.0219734
-0.0363952
-0.567278
-0.890082
0.056045
-0.223853
-0.625794
0.143547
-0.0273551
0.275693
-0.391885
-0.332064
-0.558019
0.359358
-0.547875
-0.0835478
0.000177125
-0.61603
0.840962
-0.470747
-0.453763
-0.0328525
-0.958586
-0.0773632
-0.642654
-0.375951
0.0707688
-0.422385
-0.0980927
-0.533891
-0.0226722
-0.521967
-0.00891511
-0.513654
0.584358
-0.592635
-0.0690857
-0.425329
-0.5122
-0.437887
0.252505
-0.292857
-0.349065
0.0160367
-0.522934
0.461579
-0.65956
-0.0258716
-0.387626
0.000197508
-0.54668
0.0188245
-0.510652
-0.00603869
-0.51625
-0.0233639
-0.132558
-0.586246
-0.209274
-0.535604
-0.532877
-0.0185015
-0.0516418
-0.53761
-0.301366
-0.0149851
0.288996
0.869893
-0.234842
0.300144
0.0080534
-0.0535823
-0.346356
-0.284695
-0.00861799
-0.129034
-0.472423
-0.687053
-0.0295156
0.000197843
-0.586712
0.121513
-0.621775
-0.575132
0.242882
-0.991438
-0.0208535
-0.551031
-0.0688964
-0.544593
0.0134374
-0.533915
-0.034868
-0.521695
-0.0225195
-0.508362
-0.00238091
-0.511075
0.191058
-0.687221
0.672159
-0.357303
-0.383941
-0.04035
-0.461781
0.0515087
-0.440924
0.000842213
-0.472268
0.0787544
-0.504954
-0.466579
0.107163
-0.41371
0.000212353
-0.580622
0.0341389
-0.529825
0.0379973
-0.524826
0.00253646
-0.528243
-0.0279984
0.0949342
-0.0988358
-0.531702
-0.542954
-0.542603
-0.0135088
0.359347
-0.406339
0.0320064
0.413502
-0.286752
-0.344299
-0.325624
-0.089333
0.20807
-0.895123
-0.551105
0.00945734
0.000227614
-0.596397
-0.00644613
-0.605872
-0.641763
0.0601853
-0.748556
-0.000269091
-0.537325
-0.00140931
-0.543452
-0.0429901
-0.525793
-0.0408313
-0.503383
-0.0173798
-0.493363
0.0130063
-0.523854
-0.188883
-0.497496
-0.494069
0.0511244
-0.0133593
-0.478689
-0.509493
-0.0243438
-0.461283
0.0344753
-0.540839
0.30676
-0.773591
0.000251525
0.000213698
-0.61063
0.0302206
-0.583767
0.088081
-0.111286
-0.375542
-0.457052
-0.0686547
-0.552052
-0.0185488
0.00471888
0.00261721
-0.539038
-0.551744
0.360358
-0.32869
0.000338388
0.000268256
-0.635157
-0.0347654
-0.418413
0.000390821
-0.325918
-0.00317773
-0.306061
-0.236257
-0.640766
-0.133745
-0.761378
0.00536281
0.000277181
-0.602037
0.00296433
-0.603473
-0.633403
-0.00539637
-0.688371
-0.0441525
-0.536163
-0.0384398
-0.549165
-0.0529979
-0.513627
-0.0641146
-0.456649
0.0143353
-0.494692
0.0282307
-0.551808
0.0543064
-0.5139
-0.467534
0.00717051
-0.514046
0.00966264
-0.481181
0.0131556
-0.464776
-0.0280949
-0.551184
-0.624779
0.0143627
-0.625071
0.000543987
-0.628612
0.0750652
-0.36302
-0.205318
-0.65048
-0.590314
-0.0303929
0.00383024
0.00332084
-0.546189
-0.566462
-0.618
-0.00680286
-0.605542
-0.0121193
-0.453631
0.000452536
-0.59075
-0.0144011
0.000514574
-0.457324
-0.0388526
-0.503465
-0.108637
-0.665874
-0.00799596
-0.753382
0.0117741
0.000327917
-0.614139
-0.0325894
-0.55911
-0.623944
-0.0420482
-0.693767
-0.0531085
-0.536052
-0.043247
-0.559027
-0.0973195
-0.480422
-0.368773
-0.0735403
0.0840412
-0.550503
0.0266136
-0.578093
-0.0180181
-0.523977
-0.472396
-0.00509744
0.00681957
-0.482903
-0.515823
0.00921993
-0.467177
-0.0294167
-0.565014
-0.63821
0.0239615
-0.630364
-0.00730202
-0.668039
0.0926241
-0.765181
-0.0304516
0.00622444
0.0039824
-0.556396
-0.590631
-0.619336
-0.0178314
-0.606078
-0.0253767
-0.574875
-0.0154227
-0.591
-0.0294791
-0.0118904
-0.56247
0.000578723
-0.496755
-0.0381544
-0.573948
-0.00804384
-0.665827
0.0780456
-0.831428
0.0925004
-0.707007
0.000367186
-0.031126
-0.435483
-0.359096
-0.295974
-0.735815
-0.0733246
-0.560047
-0.0497566
-0.582595
0.332893
-0.617625
-0.221069
-0.157893
-0.549501
0.000387544
0.0656666
-0.589556
-0.593878
0.0161518
-0.015657
-0.537737
-0.478833
0.00296056
-0.514801
-0.00158201
-0.478361
-0.00292146
-0.465837
-0.0296307
-0.58514
-0.659721
0.0156429
-0.638117
-0.0289055
-0.69171
0.0191529
0.00257428
-0.0149352
-0.544035
-0.618508
-0.61373
-0.0422188
-0.602416
-0.0366908
-0.570493
-0.0359298
-0.593476
-0.0384185
-0.0324983
-0.549885
-0.00215592
-0.559736
0.000635202
-0.535545
-0.00249443
-0.579497
0.0851708
-0.672952
-0.12691
-0.704518
0.492505
-0.395558
-0.25484
-0.302074
-0.665723
-0.366066
0.0226577
0.108155
-0.526371
-0.083067
-0.698049
-0.0594177
-0.606244
0.0557552
-0.607713
-0.527254
0.000410067
-0.600872
0.00738174
0.0274728
-0.600877
0.00891534
-0.49067
-0.558452
0.0251894
-0.0333394
-0.470211
-0.504547
-0.026795
-0.472382
-0.031595
-0.612963
0.0193083
-0.490354
0.414872
0.0561736
-0.699991
0.0239244
-0.625176
-0.103721
-0.0495375
-0.0104714
-0.484026
-0.648892
-0.600069
-0.0673256
-0.58223
-0.0545296
-0.555979
-0.0734268
-0.0246011
-0.596048
-0.0822995
-0.506178
-0.00588025
-0.546161
0.0103004
-0.569401
0.000694267
-0.538733
0.0367386
-0.531065
-0.532694
-0.292504
0.152247
0.00353749
-0.663142
-0.0224786
-0.682039
0.105472
-0.771195
0.562668
-0.709353
0.00179884
0.0448114
-0.572981
-0.525878
0.000423663
-0.0388873
-0.603406
-0.00156669
-0.643564
0.0299701
-0.610211
-0.601386
0.000924012
0.013751
-0.607246
0.0116404
-0.601687
-0.505825
0.061774
-0.0301356
-0.501849
-0.453244
-0.123232
-0.379286
-0.0680931
-0.546436
0.960473
-0.645464
-0.315009
-0.368036
0.541164
-0.153819
-0.562196
-0.296194
0.426271
-0.184481
0.173082
0.696718
0.319929
0.192338
0.292666
-0.058733
-0.322827
-0.614443
-0.947795
-0.474947
-0.576569
-0.688685
0.146413
-0.553686
-0.189529
0.00326126
-0.581549
-0.60556
-0.0639148
-0.316086
-0.371773
-0.00291983
-0.509139
0.0193018
-0.555162
-0.424451
0.135484
0.0237262
-0.592433
0.000750108
-0.502745
-0.439731
0.0609134
-0.490553
-0.195068
0.100155
-0.782194
0.0632701
-0.453667
-0.72155
-0.0606443
-0.00898781
-0.762208
-0.673529
-0.00521523
-0.072523
-0.495243
-0.531537
0.000443707
-0.599162
-0.00180001
0.0201535
-0.59359
-0.168
-0.455411
0.0259497
-0.622409
-0.60432
-0.00200185
0.0475947
-0.717375
-0.581462
-0.575681
-0.305454
-0.437183
-0.277253
1.01864
-0.0482193
0.373176
-0.50403
0.427087
-0.0704034
-0.551935
0.530858
-0.132743
-0.669087
-0.179042
-0.0184523
-0.703098
0.656844
-0.0177739
-0.657523
0.604485
0.0216253
-0.0438794
-0.58223
-0.0824137
0.779132
-0.410597
0.135584
0.467351
0.411033
0.0172172
0.397705
-0.0293516
-0.40193
-0.788194
-0.638695
0.208539
-0.430736
-0.397487
0.165329
-0.592804
0.0450653
-0.690529
-0.429444
0.179022
-0.174029
-0.0824014
0.238921
-0.472606
-0.457094
0.035915
-0.525752
0.045378
-0.576814
-0.364638
0.0603905
0.028705
-0.620388
-0.442625
0.000793954
0.520225
-0.362101
-0.0948542
-0.104287
0.682708
-0.0865082
-0.13306
0.595873
-0.00916274
-0.550786
0.574416
-0.00200517
0.0375098
-0.799717
-0.708543
0.142092
-0.261262
-0.376073
-0.389914
0.000468314
-0.598115
-0.000603984
-0.0101984
-0.595922
0.0799106
-0.647551
-0.812684
-0.611063
-0.013348
0.141868
-1.1365
-0.745047
0.984561
-0.10559
-0.188556
0.462203
-0.00174819
-0.611503
0.526927
-0.0481671
-0.727598
-0.0629475
-0.0407927
-0.660609
-0.74389
0.0495485
-0.0582201
-0.573559
0.00271208
0.637806
-0.00300249
-0.637515
-0.498525
0.0137547
-0.00183399
0.455431
0.792886
0.329876
0.0793231
0.410296
0.00462674
0.434989
-0.00213735
-0.207393
-0.939584
-0.787049
0.277339
-0.509497
0.0405986
-0.588338
0.0950531
-0.54666
-0.260172
0.0745563
-0.36661
-0.0675905
-0.0821529
0.111777
-0.502229
-0.503332
0.0567734
-0.537147
0.102098
-0.650207
-0.383041
0.000805892
0.0130721
-0.632666
0.423707
-0.466709
-0.051852
-0.0471905
-0.547128
-0.0526407
-0.0377622
0.566588
-0.00133435
0.637963
-0.00216204
0.11615
-0.915867
-0.853655
-0.0495994
-0.571662
0.766504
-0.66963
-0.0974268
0.000552068
0.000518224
-0.595947
-0.00169955
0.00124213
-0.597768
-0.243689
-0.426551
0.000610634
0.707353
-0.416077
-0.340876
0.0464545
-0.125529
-0.6407
-0.786949
-0.475077
-0.0433889
1.01381
0.84137
-0.0610598
-0.0747832
0.550939
-0.0257602
-0.633538
0.526807
0.0585635
-0.750204
0.0537195
0.640016
-0.639906
-0.00311202
-0.895643
0.151753
-0.697959
-0.197685
-0.567076
0.0622618
-0.269416
-0.366404
0.692617
0.10027
-0.00534196
0.003277
-0.00335767
-0.637434
-0.432986
0.639953
0.145354
0.453851
0.0357679
0.442162
-0.00254654
0.580507
-0.0317048
-0.136965
-0.170048
-0.632572
-0.646675
0.123002
-0.5919
0.0769528
-0.570237
0.0872046
-0.522088
-0.309243
0.00075891
-0.37749
0.000655868
-0.0673781
0.0745858
-0.509437
-0.513937
0.0737342
-0.508783
0.00130491
-0.63844
-0.63526
0.00340013
0.425137
-0.477159
0.000169503
0.000457208
-0.529565
-0.000234264
-0.000739431
0.637923
-0.00129476
0.639813
-0.0019597
0.223785
-1.13965
0.727297
-0.272302
-0.698684
-0.0174116
0.163616
-0.562281
-0.587832
-0.588819
-0.00660956
-0.590813
0.00254632
0.00496853
-0.604436
-0.699533
0.000680042
0.0561344
-0.646337
-0.673595
-0.283401
0.0894964
-0.538662
-0.22443
0.399851
-0.577111
-0.715925
0.896987
-0.0131855
-0.0388363
0.425006
0.510817
0.559343
0.454466
0.822653
-0.026003
-0.00233442
0.544944
-0.0438974
-0.609179
0.526645
0.141098
-0.910895
0.355435
-0.638831
-0.00443279
0.47311
0.156672
-0.632894
-0.590843
-0.245649
-0.4837
-0.304828
0.0128613
-0.624914
-0.707542
0.2185
0.0326809
0.0036563
-0.00154989
-0.639541
-0.416469
0.542554
0.0566509
0.480882
-0.00295228
0.611599
-0.0336386
0.569846
-0.0566066
-0.0315749
-0.5115
-0.555247
-0.102571
0.0483221
-0.484414
0.0553646
-0.570312
0.0635126
-0.546545
0.0692802
-0.516783
-0.636073
0.00157144
-0.636546
0.00112886
-0.0685715
0.0673341
-0.5082
-0.508774
0.00939429
-0.516872
-0.636495
0.00145477
-0.636981
0.000892779
-0.637375
0.00056299
-0.637711
0.000101934
-0.000527164
0.639435
-0.000915836
0.421406
0.049744
-0.39077
0.386644
0.160799
-0.191983
-0.947669
-0.0519126
-0.838754
-0.0417826
0.135336
-0.655834
-0.624646
-0.581785
-0.0292602
-0.533327
-0.0459126
0.045015
-0.522207
-0.752133
0.000687655
-0.484452
-0.161205
0.323693
-0.765469
-0.675634
-0.424204
-0.475859
0.85995
0.0127645
0.415481
0.405632
0.265074
0.575413
-0.508712
1.06806
0.45657
0.831368
-0.000401305
-0.0818607
0.534536
-0.051789
-0.519311
0.526402
0.134007
0.130855
-0.29473
-0.634962
-0.00541833
-0.542925
-0.094401
0.276525
-0.179182
-0.488113
0.519705
0.0555296
-0.433377
0.129316
-0.320853
0.00390675
0.0105217
-0.653969
-0.283246
0.540899
-0.00336584
0.627562
-0.0189148
0.640158
-0.103951
0.538644
-0.0607146
0.0663613
-0.593136
-0.00806641
-0.455112
-0.507949
-0.0389184
0.0200468
-0.465542
0.0390181
-0.545818
0.0533215
-0.530587
0.0615397
-0.510988
-0.636498
0.00157438
-0.636967
0.00159842
0.00968502
-0.509065
-0.00287145
-0.495643
-0.532366
0.0169482
-0.637539
0.00146427
-0.638187
0.00121188
-0.638845
0.000759815
6.20437e-05
0.412484
0.00800599
0.389093
0.0472947
-0.241369
0.140903
0.261265
0.221552
-0.186397
-0.0411853
-0.906484
-0.0344818
-0.845458
0.0117435
0.0683241
-0.735902
-0.642162
-0.376223
-0.311851
0.115616
-0.446825
-0.315354
0.0936337
-0.300487
-0.787351
0.00073537
-0.443282
-0.0404822
-0.102716
-0.373843
-0.0768788
-0.620266
-0.486376
-0.17765
1.04812
0.734724
0.333331
0.290065
-0.272849
0.388416
0.0702105
0.484929
0.133349
0.898635
0.820535
0.0364136
0.726612
0.0120625
0.525956
-0.0513432
-0.497912
0.52611
0.105808
-0.437326
0.0702693
-0.00544464
-0.618244
-0.00619679
0.297069
-0.104369
-0.371882
-0.527854
-0.02049
-0.0989278
-0.483586
0.00401556
0.0483344
-0.706319
0.600084
-0.00365474
0.645976
-0.0217802
0.625288
-0.00404471
0.508069
-0.0733746
0.520726
-0.055484
-0.093422
-0.538633
-0.00725413
-0.427811
-0.476185
-0.0256202
0.00965003
-0.449572
0.0321175
-0.524614
0.0488669
-0.517914
-0.0168116
-0.497048
0.542548
-0.513808
-0.0271416
0.0117566
0.0242077
-0.516324
-0.00451359
-0.466922
-0.477944
-0.0343991
-0.447588
-0.0291449
0.424792
-0.0122457
-0.022036
0.390891
0.00620764
0.11482
-0.163825
0.189909
0.423379
0.225027
-0.1673
0.240984
-0.130312
0.0418683
-0.948352
0.0355853
-0.839175
-0.752517
0.000752026
-0.271671
0.0877028
-0.551934
-0.467906
0.101015
-0.454206
0.00999779
-0.413201
-0.430826
-0.01172
0.00881953
-0.423145
0.0317429
-0.564306
-0.548055
-0.110581
0.789901
0.187906
0.58737
0.624716
0.110008
-0.468176
0.563637
0.23787
-0.0251289
0.483755
0.0814392
0.536839
-0.051152
0.481611
-0.804699
0.715487
0.101275
0.0894345
0.521221
-0.0464538
-0.509048
0.52577
0.0890867
-0.584187
0.145408
0.125855
-0.563209
-0.00670014
0.273611
-0.322498
-0.0554818
-0.565096
0.0310452
-0.0593218
-0.411488
-0.48432
-0.0197555
-0.711344
0.200876
-0.195851
-0.0690223
-0.35552
-0.00681387
0.608355
-0.00484694
0.530406
-0.0263821
0.507521
-0.06017
-0.0490561
0.514793
-0.0347691
-0.529484
-0.0088193
-0.409342
-0.452887
-0.022952
0.00632866
-0.432948
0.0306688
-0.506416
-0.0140575
-0.520668
-0.464143
-0.0374187
0.609107
-0.494712
-0.141537
0.104539
0.00420661
-0.36659
-0.457816
-0.0712944
-0.434359
-0.0526023
0.416124
-0.0374787
-0.0402707
0.297587
0.132
-0.159963
0.309249
0.0406225
0.211519
-0.146455
0.216048
-0.142364
0.230356
-0.087057
0.193168
-1.14152
0.0429463
-0.688953
-0.710301
0.000729798
-0.426439
-0.00363506
-0.122847
0.0875769
-0.516664
-0.489738
0.0645743
-0.508783
0.00118917
-0.405571
-0.423944
-0.0109202
0.0516267
-0.528356
-0.531198
-0.0130466
0.759815
0.424795
-0.107342
0.472448
0.055607
0.557094
0.0369009
0.525341
0.59958
0.0251361
0.555991
0.117654
-0.277573
0.422324
0.0931193
0.0382728
0.526922
-0.00172754
0.487414
0.286285
-0.082248
-0.0267356
0.626316
-0.82042
0.729093
0.192601
0.126845
0.0480113
0.796662
0.518281
-0.0389645
-0.400054
0.525436
-0.0362957
0.622534
0.232414
0.367889
-0.684681
0.112886
-0.357944
-0.0238765
-0.500013
0.0467382
-0.00700446
-0.424239
-0.544984
-0.00638668
-0.00565093
-0.54511
-0.146385
-0.0416071
0.510832
0.547487
-0.0219278
0.534119
-0.0529794
-0.0521513
0.506774
-0.0378555
-0.51458
-0.0100869
-0.392926
-0.432305
0.0258772
-0.0268754
-0.43195
-0.340159
-0.119777
0.00892942
-0.529402
-0.518093
-0.0399933
0.506744
-0.388755
-0.259525
-0.200005
0.633419
-0.318934
-0.367087
0.173369
-0.251056
0.511164
0.190194
0.151959
0.421278
-0.169136
0.219948
-0.150355
0.207912
-0.11992
-0.937465
-0.204056
0.305847
-0.731497
-0.263303
-0.405074
0.000620723
-0.425076
-0.000633997
-0.42439
-0.00318952
-0.0836674
0.0755868
-0.508583
-0.508831
-0.00262153
-0.504972
-0.41781
0.00131954
0.0558334
-0.508602
-0.51322
-0.870494
-0.0669707
-0.887644
0.0171499
0.0185352
0.633938
-0.00779661
0.535851
0.054677
0.539318
0.0368216
0.526792
0.552875
0.028252
0.477437
0.0625411
0.387912
-0.0085072
0.0400226
0.485172
0.407323
-0.00215679
-0.0497577
0.575897
0.684394
-0.0580784
0.746017
-0.061623
0.906465
-0.160448
0.362534
-0.343713
0.945397
0.0392681
0.68514
0.452858
0.945109
0.131908
0.683289
-0.516012
0.504262
-0.0298566
-0.0295406
0.525149
-0.193555
0.169377
0.748177
-0.518133
0.131005
-0.373097
0.00814914
-0.423192
0.0456913
0.545786
-0.00394966
-0.00571089
0.435864
-0.19206
-0.390189
-0.301281
0.219012
0.0471356
-0.042146
0.499272
0.505816
0.560937
-0.0487466
-0.085534
0.539329
0.0313621
-0.520065
0.0241093
-0.447485
-0.395692
0.014732
-0.0348079
-0.411874
-0.511258
-0.126612
0.00338017
-0.572776
0.47158
-0.557736
-0.239682
0.53853
-0.309738
-0.0385977
0.323401
0.25613
-0.14459
0.213823
-0.163011
0.207228
-0.149671
-0.839779
-0.0957733
-0.668837
0.000459885
-0.424755
0.000300613
-0.42466
-0.000364016
-0.422411
0.00141117
0.012237
-0.0265649
-0.494255
-0.499215
-0.508327
0.00467431
0.0343725
-0.51623
-0.500795
0.523466
-0.325294
0.164361
-0.84851
-0.05824
-0.307894
0.0595932
0.566548
0.0523632
0.538165
0.0494726
0.526667
0.0893543
0.47746
0.48538
0.0203087
0.432915
0.0175378
0.401399
-0.00258338
0.0315221
0.451493
0.46714
-0.0315174
-0.207907
0.725726
-0.104375
0.363607
-0.407558
0.209589
-0.127325
0.667542
-0.00343838
-0.599657
-0.151613
-0.0925637
0.394547
0.682471
0.431327
0.416079
0.588437
0.154445
-0.0851496
0.685853
-0.521718
0.485481
0.00638002
-0.0261096
0.0297371
0.524885
0.486811
-0.0434762
-0.392373
0.100187
-0.367516
0.0401097
0.598807
-0.0418191
-0.202907
0.282831
-0.271984
-0.252481
0.234031
-0.321522
0.148162
-0.0990522
0.519334
-0.00848843
0.408708
0.575518
-0.0849359
0.0268897
-0.532223
0.0401966
-0.484301
-0.390303
-0.0453854
-0.0721965
-0.294292
0.671498
-0.541344
-0.369836
-0.02789
0.245347
-0.479682
0.162257
-0.458254
0.469769
-0.252237
0.260109
-0.190877
0.216128
-0.171911
-0.764791
0.000179771
-0.42475
0.000454548
-0.42492
0.000560753
-0.424245
0.00146994
-0.527626
0.0207104
0.00412231
-0.0117449
-0.486633
-0.490419
0.0523942
-0.541735
-0.460145
-0.436389
0.292856
-0.822837
-0.000193755
-0.0794832
0.144266
0.523654
0.539428
0.0612385
0.526399
0.140193
0.475828
0.0746776
0.434305
0.446754
0.00646978
0.421925
-0.00298789
0.0168811
0.432028
0.42062
-0.0053837
0.29718
0.019066
0.604568
0.0562188
-0.315519
0.0887192
-0.424693
-0.0181503
0.582167
0.018963
-0.523641
-0.052665
-0.0340382
0.241962
0.594954
0.572891
0.400101
0.33912
0.190864
0.524726
0.438072
0.0402507
-0.630725
0.378801
0.258305
-0.13195
0.47984
-0.144516
-0.0724187
-0.0529407
0.52546
-0.339799
0.0724698
0.58449
-0.0507906
0.242695
0.069811
-0.221892
0.212107
-0.262417
0.174926
-0.297164
0.105527
-0.660974
0.4131
0.197084
-0.226576
0.269712
-0.0875794
-0.0175833
-0.560025
0.146238
-0.658429
-0.316262
-0.137009
-0.473545
0.247652
-0.455232
0.268309
-0.278222
0.193661
-0.383606
0.233416
-0.225543
0.219784
-0.194533
-0.424824
0.000254014
-0.425177
0.000711037
-0.425132
0.00144729
-0.557161
0.0310049
-0.049646
-0.0710448
-0.365942
-0.519354
0.143594
-0.702912
-0.387596
-0.52922
-0.000760822
-0.424834
-0.00018361
-0.0745417
0.525777
0.526125
0.166619
0.499973
0.18199
0.368516
0.0308708
0.420315
0.431762
-0.00336679
0.00502315
0.424017
0.43006
-0.00368218
0.453018
-0.00389182
0.513131
-0.00389397
-0.439107
-0.00139377
-0.45517
-0.00208687
0.535807
-0.00371308
-0.505081
-0.00275468
-0.00331199
0.238915
0.524839
0.525094
-0.203386
0.596162
-0.288918
0.516722
0.0419089
0.0615745
0.418393
0.101698
-0.36528
0.479069
-0.189628
0.199509
0.515579
-0.358122
0.20604
-0.236653
0.186342
-0.257248
0.135009
-0.196076
0.251055
-0.245074
0.246082
-0.0873054
0.358953
-0.138312
-0.558722
-0.0242657
-0.386511
-0.1284
-0.369411
0.116002
-0.377572
0.228645
-0.27345
0.158327
-0.313288
0.217588
-0.223348
-0.425359
0.000436624
-0.425658
0.00123707
-0.556066
0.000352404
-0.0955171
-0.658021
-0.583867
-0.162853
-0.678371
-0.424766
-0.000829513
-0.425463
-7.99917e-05
0.179381
0.513363
0.51553
0.173888
0.508076
-0.00405324
0.40344
0.00594986
0.419388
0.421549
-0.000898322
0.421217
-0.00335065
0.421625
-0.00429965
0.422293
-0.0045615
-0.424527
-0.00163247
-0.424129
-0.00248536
0.422974
-0.00439424
-0.423599
-0.00328463
-0.00393678
0.208106
0.516498
0.52956
-0.250831
0.481713
-0.343872
0.277011
0.10877
0.136096
0.135958
0.444809
-0.127436
0.317141
-0.188442
0.198128
0.505893
-0.232951
0.202338
-0.227571
0.156666
-0.209342
0.227446
-0.216527
0.253267
-0.136054
0.278479
-0.21346
-0.473662
0.00441212
-0.274921
-0.0970606
-0.267938
0.0853571
-0.304602
0.192194
-0.248056
0.142194
-0.263288
-0.426015
0.000794003
-0.514761
-0.0400675
-0.105066
-0.715808
-0.68858
-0.492833
-0.398998
-0.425431
-0.000861577
-0.426238
0.00014269
0.179717
0.507533
0.506806
-0.0172702
0.521293
-0.00482368
0.414213
0.419989
-0.00149868
0.420849
-0.00421143
0.421778
-0.00522779
0.422671
-0.00545507
-0.425208
-0.00185537
-0.424792
-0.00290151
0.42349
-0.00521299
-0.424209
-0.00386724
-0.00465587
0.212534
0.502092
0.491262
0.133703
0.483968
-0.398461
0.379795
0.182443
-0.115351
0.296438
0.0171274
-0.00302421
0.49179
-0.204126
0.178893
-0.183723
0.207043
-0.161077
0.230621
-0.127631
0.245033
7.42189e-05
-6.04339e-05
6.30203e-06
-2.00477e-05
-0.190804
-0.379918
0.00412622
-0.193691
-0.0748483
-0.188964
0.0716886
-0.234096
9.48431e-05
0.000135627
-0.000156228
-0.510885
-0.00308224
-0.401814
-0.326834
-0.119653
-0.246268
-0.349887
-0.275347
-0.33714
-0.225985
-0.363817
-0.426254
-0.000845355
-0.499434
-0.0113083
0.0244384
0.499495
0.514701
-0.0224183
0.538888
0.418384
-0.00566891
0.420584
-0.00641197
0.422083
-0.00672628
0.423162
-0.00653487
-0.426022
-0.00208691
-0.425554
-0.00336945
0.424107
-0.00615727
-0.424913
-0.0045083
-0.00546251
0.0692578
0.555708
0.568326
0.156846
0.509565
-0.0614326
0.325877
-0.0864548
0.255263
-0.0258734
0.231742
0.362458
0.0351389
0.430777
-8.47678e-06
9.37808e-05
-0.000145695
-4.64996e-05
5.28504e-05
-3.83789e-08
-0.154088
-0.300679
0.00311612
-0.125118
-0.0618836
-0.123964
9.58139e-06
0.000540271
-0.000454995
-2.5317e-05
0.000114459
0.00130323
0.00363756
-0.00493118
0.164473
-0.569369
-0.408629
-0.303143
-0.322091
-0.247652
-0.315472
-0.207153
-0.310751
-0.494361
-0.00591867
-0.477791
-0.102887
0.043291
0.491342
0.535574
0.542821
-0.00960239
0.498825
0.0375845
0.451363
0.0407357
0.423188
0.0216396
-0.487131
-0.00931644
-0.451296
-0.0392047
0.41328
0.00375085
0.421772
-0.0139546
-0.034032
0.315115
0.397438
0.100711
0.347422
-0.0221337
0.261556
0.256946
0.289911
0.0331741
0.0986348
0.230649
0.110114
0.353837
-1.25119e-05
-8.00635e-05
8.41289e-05
9.78399e-05
4.8814e-05
-0.00010428
0.000106866
-2.59452e-06
-0.132817
-0.229745
-1.73781e-06
0.000516696
-7.72841e-05
8.74894e-05
0.00162971
0.000850956
-0.00117738
0.000976675
0.00265916
-0.423043
-0.288728
-0.284008
-0.285735
-0.240819
-0.281807
-0.182709
-0.260859
-0.489688
0.00597881
-0.175493
-0.350437
0.10641
0.495047
0.632381
0.485381
0.184585
0.432055
0.0940617
0.406676
0.0470186
-0.550908
0.0519037
-0.432514
-0.157599
0.397052
0.0133743
0.401729
-0.0186307
-0.064817
0.176548
0.321601
0.0620949
0.263193
0.135664
0.219917
0.190652
0.275807
0.128032
0.238281
0.207112
0.274757
5.48976e-05
-0.000555613
0.000488224
9.0149e-05
-7.23613e-05
0.000138335
1.73852e-05
-0.000126011
0.000126905
-3.46747e-06
-0.00160296
-0.00480866
0.0064666
0.00188298
0.000714757
-0.000968001
-7.54482e-06
0.00044697
-9.8524e-05
6.00209e-05
0.00123485
0.000592824
0.000749348
0.00190228
-0.303872
-0.268864
-0.270016
-0.256538
-0.217003
-0.247513
-0.166074
-0.313291
-0.510532
-0.40243
-0.0561983
0.427723
0.274436
0.416058
0.19625
0.394945
0.115175
0.378479
0.0634843
-0.29615
0.0732576
-0.179538
-0.364023
-0.0897265
0.36888
0.0229733
0.365382
-0.0151321
-0.063458
0.12542
0.258276
0.170352
0.240217
0.15382
0.247406
0.182686
0.225947
0.237734
0.219708
6.31343e-05
-0.000528586
0.000125607
-5.95888e-05
0.000146922
-2.6015e-06
-0.000128094
0.000128855
-4.19778e-06
-0.00211597
-0.000934779
0.0014479
-0.00122993
-0.00351555
0.00217119
0.000931451
-0.00121963
0.00143455
0.000515075
-8.40397e-06
0.000356859
-0.00010396
3.59135e-05
0.000950495
0.000391743
0.000577129
0.00131675
-0.303853
-0.235027
-0.24988
-0.223661
-0.42006
-0.197084
-0.355288
-0.12097
-0.212816
-0.0692149
0.311501
0.200669
0.346317
0.161434
0.3484
0.113092
0.341981
0.0699038
-0.291243
-0.10111
-0.303101
-0.0778679
0.33311
0.0318445
0.322838
-0.00486066
-0.0437208
0.162832
0.231205
0.182202
0.206577
0.223654
0.178257
-0.00259481
-0.000953875
0.00143259
5.02815e-05
-0.000453222
0.00013499
-4.76257e-05
0.000139292
-1.29966e-05
-0.000120413
0.000119924
-3.65627e-06
-0.00159215
-0.000572574
-0.000954328
-0.00251091
0.00240462
0.000682159
-0.000915585
0.0016678
0.00069825
0.00109943
0.000366111
-7.16623e-06
0.00026008
-0.000100626
1.6171e-05
0.000731923
0.000236978
0.000450363
0.000859228
-0.289878
-0.19503
-0.314111
-0.172851
-0.283405
-0.151677
-0.230477
-0.122143
0.268687
0.155636
0.297043
0.133078
0.306629
0.103506
0.305411
0.0711217
-0.242939
-0.0886485
-0.264765
-0.0560419
0.297551
0.0397042
0.284563
0.00812768
-0.0239226
-0.00335848
-0.00178993
0.00255366
-0.00192982
-0.000616179
3.37551e-05
-0.000351956
0.000129606
-3.78866e-05
0.000123465
-1.64684e-05
-0.000105524
0.000105305
-3.37604e-06
-0.00120542
-0.000321482
-0.000749053
-0.00172808
0.00260652
0.000959683
-0.00116153
0.00185363
0.000496334
0.00129424
0.000503521
0.000848983
0.000249075
-5.11693e-06
0.000164594
-9.25366e-05
3.23692e-06
0.000568522
0.000119076
0.000352812
0.000501302
-0.00444104
-0.00303799
0.00412046
-0.00250835
-0.00121157
-0.00143233
-0.000389284
1.94881e-05
-0.000241785
0.000114588
-2.89188e-05
0.000101037
-1.21255e-05
-7.92742e-05
7.58984e-05
-0.000916885
-0.000153658
-0.000589666
-0.00111892
0.00256801
0.000145195
-0.000106714
0.00204688
0.000766484
0.00143318
0.000357356
0.00100282
0.000349713
0.000653626
0.000163753
-2.90468e-06
7.4993e-05
-7.60372e-05
0.000436875
3.54005e-05
0.000276832
0.000221567
-0.00574678
-0.00496626
0.0062722
-0.00340642
-0.00213983
-0.00186028
-0.000783825
-0.00107225
-0.000233911
9.67327e-06
-0.000136779
9.11985e-05
-1.8993e-05
6.3773e-05
-0.000696998
-4.65293e-05
-0.000466109
-0.000643138
0.000828886
-0.00662352
0.0083627
0.00203423
0.000157831
0.00160936
0.000590391
0.00111264
0.000247558
0.000779411
0.000224222
0.000503609
9.67247e-05
-1.04414e-06
0.000325722
-1.29645e-05
-0.00779918
-0.0118089
0.0138621
-0.00458684
-0.00378665
-0.00256866
-0.00143127
-0.00137004
-0.000486071
-0.000794154
-0.000136535
2.65457e-06
-4.81506e-05
4.47802e-05
-0.000528965
1.60112e-05
-0.000364052
-0.000276432
-0.000245796
-0.00288054
0.00395531
0.000583476
-0.00517271
0.00161855
0.000148581
0.0012744
0.000428654
0.000861981
0.000164737
0.000600773
0.000127487
0.000374561
4.75041e-05
0.000207557
-0.000220523
-0.00667664
0.00460671
-0.00573203
-0.00650115
-0.0098943
-0.00361051
-0.00274586
-0.00191008
-0.00089118
-0.00100749
-0.000274104
-0.000591189
-7.39798e-05
-3.37045e-06
-0.000384906
3.64492e-05
-0.000480782
-0.000164975
0.000399914
-0.000272115
-0.00202493
0.000392601
-0.00394666
0.00128744
0.000135544
0.00100586
0.000285147
0.000669725
9.54475e-05
0.000453829
4.87924e-05
0.000255063
-0.00638734
-0.000642325
0.000352245
-0.00558875
0.0036895
-0.00542954
-0.00807489
-0.00282165
-0.001835
-0.0013838
-0.000513438
-0.000728559
-0.000138598
-0.000429148
-2.93308e-05
-0.000243353
0.000279803
-0.000466524
4.82171e-05
-6.24593e-05
-0.000415046
-2.20283e-05
-0.000278929
-0.00135347
0.000248813
-0.00290801
0.00101986
0.0001212
0.000787708
0.000167688
0.000504277
4.4546e-05
0.000303854
-0.00466305
0.00809172
-0.00981682
-0.00540719
-0.000822432
-0.00466434
0.0029163
-0.00450289
-0.00639404
-0.00216756
-0.00105648
-0.000973828
-0.000266251
-0.000517473
-5.26024e-05
-0.000272688
-0.000282106
0.000728268
-0.000912678
-0.00040074
3.39161e-05
-0.000352116
5.12081e-05
-0.000271334
-0.000833294
0.000139827
-0.0020275
0.000806071
0.000102369
0.000605463
6.72184e-05
0.000348401
-0.00293282
0.00686779
-0.0085979
-0.0038785
0.00656072
-0.00455578
-0.0009241
-0.00387447
0.00228507
-0.00375022
-0.00480747
-0.00160377
-0.000433645
-0.000661664
-0.000119607
-0.000325285
2.43674e-06
0.00100983
-0.0012944
-0.000237759
0.000565312
-0.000340934
2.27016e-05
-0.000294465
7.43457e-05
-0.000253432
-0.00044045
5.4819e-05
-0.00127558
0.000640455
6.67066e-05
0.000415618
-0.00145642
0.00432138
-0.00579702
-0.0023615
0.00535192
-0.00319988
0.00519964
-0.00383823
-0.000959232
-0.00321905
0.00172086
-0.00312663
-0.00327989
-0.00110117
-3.30658e-06
-0.00044491
0.000294619
0.00103357
-0.00132578
1.98048e-06
0.000770103
-0.000198817
0.00042325
-0.000288371
1.66234e-05
-0.000242856
6.40078e-05
-0.000227337
-0.000158852
-2.51711e-05
-0.000609223
0.000482326
-3.30369e-06
0.004873
-0.00632622
-0.00119241
0.00315252
-0.0018914
0.00404737
-0.00265259
0.0040127
-0.00322531
-0.000917322
-0.00265963
0.00120995
-0.00262942
-0.0017452
-0.000448203
0.000486109
0.000761765
-0.000953291
0.000247404
0.000788148
1.57226e-06
0.000569695
-0.000165217
0.000300119
-0.000240492
1.40384e-05
-0.000198872
3.5907e-05
-0.000190971
6.30654e-06
-0.000126897
0.00140346
0.0047501
-0.00615728
-3.91127e-06
0.00368487
-0.000975147
0.00223647
-0.00150806
0.00290414
-0.00217355
0.00293753
-0.00274256
-0.000789532
-0.00214477
0.00065094
-0.00219368
0.000494408
6.3151e-06
-1.46697e-05
0.000417477
0.00059168
0.000206663
0.000583102
1.23738e-06
0.000403274
-0.000136571
0.000196419
-0.000198281
1.31197e-05
-0.000159514
4.89681e-06
-0.00012059
0.00278589
0.00405275
-0.00543578
0.00115492
0.00359083
-2.71594e-06
0.0027126
-0.000797525
0.00152627
-0.00119938
0.00195329
-0.00177986
0.0019447
-0.00234184
-0.00052481
-0.00154255
0.000254211
-0.000211714
0.000451916
0.000423921
-1.48533e-07
0.000354349
0.000443959
0.000171617
0.000412733
9.63957e-07
0.000265579
-0.000111442
0.000109942
-0.000157728
1.09401e-05
-0.000115694
0.00446453
0.00676151
-0.00844145
0.00224595
0.00296132
0.000943369
0.0026447
-1.81244e-06
0.00191733
-0.000649295
0.000975651
-0.000944647
0.00115286
-0.00143096
0.000981361
-0.00206758
-0.000791547
-0.00280484
0.00385037
0.000275635
-6.34579e-05
0.000358236
-4.00228e-06
0.000300074
0.000315518
0.000141864
0.000272042
7.26102e-07
0.000153193
-8.90073e-05
4.16822e-05
-0.000104753
0.00628395
0.00842837
-0.0102491
0.00371031
0.00529575
0.00179682
0.00210738
0.000770553
0.00187188
-1.0895e-06
0.00127042
-0.000529162
0.000559765
-0.000742177
0.000521493
-0.00108609
-0.00247867
-0.00642728
0.00811437
-0.000555917
-0.0019734
0.00027849
1.62239e-05
0.000299384
-3.33442e-06
0.000250518
0.000206689
0.000116027
0.000157083
4.90944e-07
6.34098e-05
-6.3071e-05
0.0067226
-0.00015016
-0.000288852
0.00530664
0.00683083
0.00307284
0.00401915
0.00143892
0.00143863
0.000629805
0.00124101
-5.3685e-07
0.00074416
-0.000423505
0.000240613
-0.000564594
-0.00253995
7.9449e-05
-1.84307e-05
-0.00196927
-0.00501405
-0.000374503
-0.00132039
0.000269063
4.65343e-05
0.000247042
3.80353e-07
0.000206744
0.000115731
9.26049e-05
6.54188e-05
3.39438e-07
0.0078041
0.00473335
-0.00581246
0.0056428
-0.000487644
0.0044699
0.00543247
0.00253852
0.00291758
0.00113948
0.000928203
0.00051304
0.000727041
1.04764e-08
0.000324485
-0.000323974
-0.00232883
0.000986982
-0.00119835
-0.00199229
0.000102373
-0.00156653
-0.00382221
-0.000237394
-0.00081407
0.00025044
4.28727e-05
0.000201814
5.66153e-06
0.000163811
4.42135e-05
6.57577e-05
0.00573261
-0.0122272
0.0142999
0.00650924
0.00387124
0.00469707
-0.000722101
0.00375636
0.004213
0.00209576
0.00196205
0.000903566
0.000536451
0.000412094
0.000314321
5.09543e-07
-0.00208767
0.000682248
-0.000923629
-0.00179543
0.000789991
-0.00157156
0.000107401
-0.00124631
-0.00281342
-0.000133973
-0.000429255
0.000223303
2.09885e-05
0.000161383
8.51333e-06
0.000109972
0.00444109
-0.00492794
0.00622197
0.00456282
-0.0102803
0.00543672
0.0031385
0.00389975
-0.000865836
0.00317873
0.00312663
0.00171828
0.00114664
0.000711802
0.00023473
0.000314826
-0.00182719
0.000863111
-0.0011238
-0.00161046
0.000497153
-0.00138886
0.000607127
-0.00124311
0.000104108
-0.000986646
-0.00196141
-5.19518e-05
-0.000153535
0.000185466
-3.58079e-06
0.000118484
0.00339936
-0.0029394
0.00398211
0.00340503
-0.00376682
0.00360234
-0.00844829
0.00454388
0.00249717
0.00321865
-0.000939673
0.00269763
0.0021397
0.0013829
0.000474364
0.000549553
-0.00158945
0.000658905
-0.000896801
-0.00139147
0.000643985
-0.0012471
0.000355347
-0.00107604
0.000439965
-0.000979977
9.76922e-05
-0.000784915
-0.00122946
2.48328e-05
7.62591e-06
0.000114905
0.00261187
-0.00191223
0.00269982
0.00255188
-0.00208594
0.00258028
-0.00273924
0.0028018
-0.00670492
0.00380737
0.00194431
0.00264337
-0.000928763
0.00236703
0.00114127
0.00102387
0.0012448
-3.20598e-05
0.00338839
-0.00460119
0.000897302
-0.00124209
-0.0012085
0.000475871
-0.00107185
0.000468589
-0.000967021
0.000246182
-0.000838103
0.000297666
-0.000773106
8.61908e-05
-0.000618951
-0.000586772
0.000122528
0.00211699
-0.000985589
0.00148046
0.00194285
-0.00130291
0.00189017
-0.00139532
0.00191319
-0.00184814
0.00214554
-0.00506218
0.00322926
0.00141507
0.00210849
-0.000737584
0.00216487
-6.62681e-05
0.000594054
-0.000559877
0.000939285
-1.90912e-05
0.00246817
0.000627996
-0.000933381
0.000337378
-0.000827565
0.000329001
-0.00075603
0.000164235
-0.000647716
0.000171626
-0.000591463
5.91368e-05
-0.000464243
0.00163892
-0.000876193
0.00135397
0.0015962
-0.000639024
0.00144522
-0.000857805
0.0013985
-0.000880295
0.00139753
-0.0010777
0.00158423
-0.00344132
0.00274169
0.000857515
0.00142744
-0.0049036
-7.23833e-05
0.0066146
-5.84216e-05
0.000173592
-0.000181501
3.06291e-05
0.000544322
0.00072024
-1.50027e-05
0.00176292
0.00041476
-0.000718506
0.000228239
-0.000636869
0.000209452
-0.000582104
9.86969e-05
-0.000489463
6.87377e-05
-0.000405108
0.00125259
-0.000532623
0.00121112
-0.000405009
0.00108088
-0.000539877
0.00102612
-0.000509
0.000990762
-0.000455205
0.00109992
-0.00182873
0.00228489
-0.00358326
-6.78637e-05
3.29343e-05
-0.000556718
0.000451267
-6.85095e-05
6.12512e-05
-5.11883e-05
5.18201e-05
0.000152372
6.92899e-05
0.000460002
0.00055781
-1.25514e-05
0.00121765
0.000253991
-0.000558188
0.000149733
-0.000488092
0.000114796
-0.000436684
4.60131e-05
-0.00033637
1.92116e-05
-0.000142287
0.000155861
0.000147254
-0.000196678
0.000969166
-0.000290685
0.000919738
-0.000243946
0.00080242
-0.000315401
0.000749076
-0.000267395
0.000679805
2.01813e-06
0.00045623
-0.00256013
-5.40798e-05
-8.40443e-05
-0.000540669
5.24686e-05
6.06115e-05
0.00010245
0.000119149
8.5503e-05
0.000361927
0.000434214
-1.10269e-05
0.000794454
0.000129709
-0.000431454
9.32934e-05
-0.000365043
4.23008e-05
-0.000290359
-0.00010112
-0.000125298
9.85543e-05
0.000761305
-0.000132304
0.000700527
-0.000142665
0.000598931
-0.000163943
0.00053262
-0.00012024
0.000458248
-0.00176265
-3.62342e-05
-0.000127034
-0.00046789
0.000109787
5.32608e-05
0.000120738
8.38652e-05
8.95011e-05
0.00026137
0.000341531
-1.00631e-05
0.000462981
3.9287e-05
-0.000319591
4.80952e-05
-0.000248057
-0.000149717
-0.000102715
5.85596e-05
0.000599653
-3.09751e-05
0.000529825
-7.4496e-05
0.000433427
-6.31057e-05
0.000338011
-0.00114223
-2.08087e-05
-0.000139186
-0.000365108
0.000131278
4.27249e-05
0.000121599
5.16934e-05
8.71154e-05
0.000164141
0.000267706
-9.3018e-06
0.000204574
-1.32678e-05
-0.000199963
-0.000161327
-8.06566e-05
2.84621e-05
0.000476764
2.27417e-05
0.000386617
-2.88472e-05
0.000274903
-0.000655317
-1.01627e-05
-0.000134458
-0.000251687
0.000133752
3.05734e-05
0.000112453
2.62312e-05
7.99319e-05
7.48405e-05
-0.000213231
-0.000153096
-6.21213e-05
9.05396e-06
0.000369836
4.0388e-05
0.000246058
-2.51843e-06
-0.000282968
-0.000119763
-0.000142458
0.000124842
1.81838e-05
9.9209e-05
6.80735e-06
6.6183e-05
8.65693e-06
-0.000136801
-4.52477e-05
-3.00791e-06
0.000286446
-9.51305e-05
-5.01972e-05
0.000109234
8.15739e-06
7.29904e-05
-0.000113141
-2.73993e-05
-7.02864e-06
-4.67195e-05
-3.47831e-06
8.11476e-05
-7.4119e-05
0.191862
-0.247344
-0.25173
0.164673
-0.0598685
-0.232559
0.17269
-0.0453818
-0.187177
0.157603
-0.202984
-0.0460309
-0.201313
-0.233208
-0.225189
-0.264407
0.144487
-0.0997339
-0.243991
0.144257
-0.0713006
-0.226626
0.155325
-0.0690232
-0.185743
0.116719
-0.0339814
0.135605
-0.101624
-0.120841
0.0868599
-0.0289047
-0.0919366
-0.112619
0.0837147
-0.0367033
-0.0759161
-0.0457909
-0.139952
0.107168
-0.152959
-0.027726
-0.175258
-0.167678
-0.0302389
-0.202969
-0.205497
-0.00407636
-0.221113
-0.207045
-0.212964
-0.0893002
0.0525969
-0.0409572
-0.048343
-0.264998
0.115327
-0.120511
-0.244103
0.123593
-0.0998463
-0.213112
0.113265
-0.0577865
-0.189417
0.13163
-0.0726974
-0.163225
0.0905274
-0.0560566
0.0795488
-0.0620771
0.141626
-0.126499
0.0644218
-0.0396389
-0.112117
0.0724779
-0.028402
-0.10267
0.0742681
-0.0500731
-0.0246307
-0.128328
-0.126255
-0.0128358
-0.113419
-0.104772
-0.00264675
-0.102126
-0.0785628
-0.11952
-0.0181373
-0.14954
-0.146466
-0.0286588
-0.176838
-0.178199
0.00383347
-0.210879
-0.173005
0.0285562
-0.24152
-0.182322
-0.20141
-0.0798112
-0.0397087
0.0200066
-0.0998178
0.0484145
-0.0984875
0.0707218
-0.0223073
0.0911456
-0.0711389
0.0428026
-0.0556849
-0.262042
0.0901309
-0.146715
-0.239827
0.0931128
-0.116235
-0.21264
0.0964054
-0.0993745
-0.191952
0.0925781
-0.060322
-0.168984
0.108662
-0.0784567
0.0631693
-0.063835
0.127004
-0.137832
0.0739969
-0.07341
-0.12285
0.0494403
-0.0503724
-0.095212
0.0448396
-0.0209439
-0.0821939
0.06125
-0.011472
-0.048606
0.0371339
0.0525868
-0.0748941
0.00398082
0.00104746
-0.147513
-0.112371
0.0235978
-0.135969
-0.0785277
-0.118236
-0.00115172
-0.177047
-0.148665
0.0133194
-0.186324
-0.163728
0.0379861
-0.220309
-0.148338
0.248476
-0.176007
0.0470664
-0.173242
-0.0148956
-0.103341
-0.114713
-0.011056
-0.103657
0.0755667
-0.0866227
0.00442783
-0.0759256
0.00103159
0.0220908
-0.0777757
-0.0538348
0.0714362
-0.0670084
-0.00633944
-0.253486
0.0589534
-0.163355
-0.228926
0.0655707
-0.135813
-0.204669
0.0688561
-0.108264
-0.184612
0.0763485
-0.0920339
-0.160546
0.0685124
-0.0518841
-0.141323
0.0894391
-0.0143188
0.120065
-0.0460685
0.105747
-0.116773
0.0707041
-0.0673324
-0.115516
0.0481832
-0.0706759
-0.00942586
-0.0557622
0.0463363
-0.0725364
0.0167743
-0.0354025
-0.0600836
0.0246811
-0.0561028
-0.0527454
0.053777
0.00210653
-0.0548518
-0.00232579
-0.057163
0.0592696
0.0182915
-0.166956
-0.117678
-0.00296579
-0.114712
-0.106307
0.255919
-0.150391
0.0799121
0.0252348
-0.188963
-0.141721
0.0438552
-0.192193
-0.145107
0.225797
-0.145885
0.0525553
-0.139638
0.26426
-0.129251
0.113869
0.0180537
-0.12436
-0.0856037
0.0289953
-0.114599
0.0244563
-0.048983
0.0245268
-0.0327067
0.00320727
-0.0521903
0.101402
-0.072407
0.0147797
0.0728426
-0.0580628
0.00583425
0.0768378
-0.0831771
0.023003
0.0318489
-0.0645555
0.055928
-0.0500937
-0.0272491
-0.248878
0.0255304
-0.189924
-0.223643
0.0337186
-0.158072
-0.196061
0.0379892
-0.127205
-0.172816
0.0456107
-0.0964674
0.153366
-0.0848536
0.0568987
-0.161664
0.0768108
-0.0722251
-0.138396
0.0661711
-0.0326494
0.10904
-0.0383361
0.0763909
-0.100366
0.0620299
-0.0521828
-0.0799805
0.0277978
0.0771993
-0.0308629
-0.00278123
0.0540262
-0.0508189
0.03197
0.0220563
0.0564967
-0.0710031
0.0401402
-0.0542288
-0.0723572
0.0181285
-0.0476761
-0.0580952
0.0557694
0.00117442
0.00809333
0.0388233
0.0176735
0.0399977
-0.00610664
-0.0191139
0.0252207
0.0238916
-0.000570173
-0.0233213
0.017785
0.0121329
-0.00335651
-0.00877636
-0.0162452
0.0156751
0.0026942
-0.0189394
-0.0074031
0.0100973
0.00472982
0.0115985
-0.15332
-0.103113
0.0387235
-0.141837
-0.0856367
0.22931
-0.115442
0.0834249
0.0329533
-0.178061
-0.120367
0.19845
-0.115025
0.0588123
-0.119248
0.251046
-0.0943803
0.121795
0.226958
-0.105163
0.111517
0.0407256
-0.126362
-0.0738733
-0.087472
0.0150651
0.0215352
-0.0954085
-0.0659369
0.0114458
-0.0305597
0.0354948
-0.024049
-0.0366005
0.0554103
-0.0188098
0.00642251
-0.043023
-0.0443964
0.002667
-0.0672224
-0.0495232
0.00394634
-0.0534695
-0.04045
0.0707694
-0.0571826
-0.0135868
-0.0641145
0.0791796
0.00665491
0.0211168
0.072149
-0.0510321
0.0220554
0.0588876
-0.0368321
0.0316385
-0.0355839
-0.00193333
-0.0286263
-0.0252546
0.000673237
-0.00069329
0.00424264
-0.0294972
-0.0146967
-0.0180532
-0.000737514
0.00380223
-0.0030647
-0.00951386
-0.000399482
-0.00911435
-0.0184526
-0.236574
-0.0114824
-0.211044
-0.219931
0.00888796
-0.186213
-0.198
0.011787
-0.160011
-0.187757
0.0277465
-0.142146
-0.157638
0.0154916
-0.100739
0.131114
-0.0543035
0.0303752
-0.141797
0.0874934
-0.0756257
-0.107033
0.0314073
-0.030642
0.0858888
-0.0544815
0.1009
-0.0388702
0.0702581
-0.0723322
0.0334621
-0.0852058
0.0128736
-0.057408
-0.0723144
0.0149064
0.0750956
-0.0349554
-0.0291807
0.051237
0.0262297
0.0183409
0.0318104
-0.0501513
0.0445706
0.0340513
0.0171857
0.0517248
-0.0636737
0.0287183
-0.0455452
0.0603829
-0.0522896
0.0148378
0.0288778
0.022847
0.0688755
0.0165859
-0.000339945
0.0321504
-0.0017644
0.0269851
-0.0337304
0.0333905
0.000871187
0.026114
-0.0148143
0.0156855
0.0201166
-0.00233162
0.00530228
0.0002773
0.000395941
0.000121078
0.0167726
-0.00109751
0.014441
-0.00109076
0.00148671
0.00271148
0.00744132
-0.010092
0.00899456
-5.28896e-06
0.00744664
0.0348432
-0.15521
-0.106993
0.0330229
-0.140016
-0.0933393
0.19688
-0.0853634
0.0818552
0.188057
-0.106201
0.0688085
-0.0864013
0.240689
-0.0617954
0.146309
0.218402
-0.0720931
0.113239
0.188545
-0.0753061
0.103181
0.0370293
-0.130369
0.102697
-0.0656679
0.00728884
0.0830809
-0.075792
0.017144
-0.0400386
-0.0788855
0.00309345
0.0275802
-0.0463899
0.022571
-0.0466199
0.00800828
-0.0366345
-0.0386116
0.00575565
-0.0487786
-0.0406343
-0.00416791
-0.0446106
-0.0446179
0.0484616
-0.0885002
-0.0193809
-0.0252368
0.023328
-0.0589119
0.0301415
-0.0495224
0.0665243
-0.0180627
0.0529376
0.059522
-0.00658439
0.0661769
0.0850617
-0.0188847
0.0340295
0.0648331
-0.0308035
0.028001
-0.0309108
-0.00138007
-0.0352543
-0.0308773
-0.00549829
-0.029756
-0.000479079
-0.0002142
-0.00354376
-0.000359892
-0.00608747
-0.0247898
0.0167321
-0.0228195
-0.00172053
0.0093655
-0.011086
-0.000251148
-0.0032926
-0.21805
-0.045238
-0.229533
-0.177291
-0.056805
-0.222529
-0.215219
-0.0143137
-0.206331
-0.1988
-0.00753142
-0.187013
-0.178643
-0.00836992
-0.150896
-0.162406
0.0115103
-0.146915
-0.104335
0.134711
-0.0168421
-0.0122039
-0.124831
0.107988
-0.0389418
-0.109671
0.0551895
-0.0394128
0.0358439
-0.0752567
-0.0744289
0.0354872
-0.0192394
-0.0473233
0.0831673
0.0880432
-0.0545811
0.0127865
0.0618803
-0.0490938
0.014557
-0.0643847
0.00980368
-0.0515111
-0.0691447
0.0176336
-0.0542382
-0.0696996
0.0154614
-0.0409813
-0.0272066
0.0443923
0.017364
0.0133507
0.0187997
0.0307147
0.0335613
0.010831
0.0564084
-0.0702466
0.0292654
-0.0554088
0.0484403
0.00796813
0.0650262
0.00961742
0.0124505
0.0209401
0.0312503
-0.00397503
0.0249151
0.0227218
0.00339222
0.0187467
0.0162478
-0.00056226
0.0196401
0.0132016
0.00123946
-0.0185039
0.0179417
-0.000333912
0.00115281
0.0086147
0.000379884
0.00985415
-0.00366829
0.00404818
0.00377838
-0.0484183
-0.0819503
0.066994
-0.153395
-0.0730223
-0.121441
0.168921
-0.0657394
0.0627193
-0.0906759
0.0216825
-0.103633
0.231336
-0.0242922
0.16954
0.205307
-0.035767
0.133214
0.178739
-0.0455247
0.103433
0.156308
-0.0528753
0.0905688
0.219132
0.0114894
0.19484
-0.194077
0.205567
0.0509555
-0.17142
0.222375
0.0838429
0.0920672
-0.0640772
-0.0279899
0.11375
0.0480818
-0.0308037
-0.0686023
-0.0198979
-0.0655088
-0.0538615
-0.0116473
-0.0846652
0.0405172
-0.0460154
0.00190562
-0.0387286
0.0284367
-0.0536735
0.0161739
-0.0549025
0.041813
-0.0617109
0.067063
-0.02525
0.0490003
-0.0333298
-0.0203436
0.0380643
-0.0689751
0.011458
-0.0447878
0.0584481
-0.00944777
0.0518637
0.0638563
-0.0119927
0.0449716
0.0605578
-0.0155862
0.0297543
-0.0392208
-0.0258938
-0.0201216
-0.0022491
-0.0275069
-0.0270388
-0.00515303
-0.0223538
-0.0310468
0.000873119
-0.0279119
0.000246539
-0.000606427
-0.00304606
-0.000522298
0.0181939
-0.0173208
-0.00462564
0.00821189
-0.0128375
-0.0028741
-0.00592014
-0.0875419
-0.037576
-0.144347
-0.178614
-0.043915
-0.192927
-0.114837
-0.02951
-0.158752
-0.181754
-0.0111732
-0.189285
-0.167221
-0.0220644
-0.175591
-0.157954
-0.0176368
-0.146444
-0.129313
-0.0171308
-0.141517
-0.0335284
-0.0972061
0.0636778
-0.0960537
-0.00115237
-0.0605665
-0.0600056
-0.000560825
-0.079245
0.00392225
-0.0504909
0.0544132
0.0663301
-0.0517731
0.0158392
0.0717907
-0.061987
0.0226969
0.0594187
-0.0367218
0.00764565
0.0691667
-0.0515331
0.00717973
-0.0690127
0.0174796
-0.0535513
-0.0574096
0.00385832
-0.0281442
0.00110427
0.030146
-0.031819
0.0426501
0.0436913
-0.00104124
0.0516595
-0.0593539
0.0312097
0.0382865
0.013373
0.0479039
-0.01145
0.0228889
0.0020263
0.0530349
0.0129415
0.00669864
-0.0316882
0.0337145
0.0154041
0.00253754
0.0221028
0.00831023
0.00154394
0.0108478
0.00287081
0.00441475
0.136133
0.125423
0.219976
0.0147408
-0.136181
-0.0888919
0.16267
-0.0721011
0.0719941
-0.0641873
0.0299479
-0.11884
-0.0341294
0.194106
0.000733419
0.15834
0.173257
-0.0149177
0.127733
0.154354
-0.0266214
0.101479
0.128517
-0.0270382
0.056416
0.17987
0.0256966
0.180604
-0.166149
0.191846
0.0562258
-0.147081
0.203307
0.0728954
0.0542875
-0.0884168
0.0262977
0.0862403
-0.0599425
0.00157505
-0.0512562
-0.0104547
-0.0629035
-0.0575283
-0.00537522
-0.0559532
0.0308096
-0.0511531
-0.0240929
-0.0442144
0.0396752
-0.0501299
0.0560438
-0.0163687
0.0307939
0.0511203
-0.0203265
0.0416725
0.0113894
-0.0561771
-0.0397637
0.0158368
-0.0550576
-0.0403403
0.0546133
-0.0129408
0.0426206
0.0592875
-0.0166669
0.0437013
-0.0113563
-0.00962222
-0.0345922
-0.0301899
-0.000856844
-0.0398121
0.0411287
-0.0419855
0.0187749
-0.00913707
0.0143329
-0.02347
-0.00298782
-3.40691e-05
-0.00595419
0.00787123
-0.010859
-0.00496628
-0.000512406
-0.00445386
-0.0337671
-0.090197
-0.071343
-0.0501895
-0.179556
-0.140386
-0.0361214
-0.0352215
-0.0656314
-0.137137
-0.0216143
-0.148311
-0.0533524
-0.012279
-0.0749667
-0.127711
-0.0205991
-0.149776
-0.123815
-0.0259612
-0.141451
-0.121136
-0.0203153
-0.138267
0.0498387
-0.0509911
-0.140275
0.00200827
-0.0765974
-0.084921
0.00832364
-0.0350822
-0.0749179
0.0239268
-0.0754787
-0.0210655
-0.0611989
0.0401334
-0.0453596
0.0483519
-0.0407062
0.00299231
-0.05416
0.0174382
-0.0469803
0.0550937
-0.0376555
0.0143875
0.0557878
-0.0383082
0.00880747
-0.0567351
0.018427
-0.0528768
-0.0216671
0.0442435
0.00879146
0.0432022
0.0330316
0.0101706
0.0464046
-0.0495851
0.0279181
0.0554885
-0.00908384
0.0440385
-0.00554669
0.0293898
0.0043247
0.0381813
0.0204037
0.00169916
0.0247284
0.00971994
0.00112786
0.0114191
0.00344676
0.00457462
0.0957728
0.167421
0.221196
0.112377
0.108818
0.185273
0.153302
-0.0968856
0.0891144
-0.0297253
0.0825025
-0.112228
-0.00591431
0.182515
-0.00191129
0.167598
0.148399
0.0191982
0.121778
0.135211
-0.0134331
0.108173
0.0112875
-0.153026
0.151115
0.0388204
-0.128691
0.167511
0.0746159
-0.114118
0.188734
0.0711543
0.0772105
-0.0112702
-0.0659403
0.0712962
0.0113537
-0.0592855
0.00333229
-0.0479318
-0.062188
0.0509178
-0.0434945
-0.00663548
-0.0488696
-0.0550685
0.00619879
-0.0517361
0.0438619
-0.0504974
-0.0126232
-0.021969
-0.0523869
0.0504229
-0.00656111
0.0340542
0.0551762
-0.0211221
0.0348496
0.0594567
-0.0246071
0.0513483
0.0081084
0.0384074
0.051136
-0.0624923
-0.0107957
-0.0415911
0.0565566
-0.0181491
0.0398897
-0.0226025
-0.0342345
-0.0055776
-0.0562035
-0.0381077
-0.00387781
-0.0436853
0.0190124
-0.0228902
-0.00445765
0.00861896
-0.0130766
-0.00224004
0.00300596
-0.00524598
-0.0492174
-0.211641
-0.228773
-0.0245251
-0.115861
-0.0597465
-0.0352903
-0.193483
-0.151152
-0.0143991
-0.0453474
-0.026678
-0.0653735
-0.00959314
-0.0859725
-0.0136249
-0.0130531
-0.023218
-0.0865991
0.000626667
-0.11256
-0.0754051
-0.0371552
-0.0957204
-0.0861573
-0.00956301
-0.0841491
0.0766928
-0.0527659
0.0416105
-0.0813355
-0.0028135
-0.0730119
-0.0314014
0.074458
-0.0343246
0.0216921
0.0406152
-0.0262277
-0.059708
0.0253834
-0.0494655
-0.0102425
0.0464732
-0.005858
-0.0457072
0.0080517
-0.0368997
0.0450878
-0.037036
0.0188601
0.0510887
-0.0326617
0.014189
-0.050709
0.0180474
-0.0227909
-0.031558
0.00876703
0.0378188
0.000362477
0.0479895
0.0389057
0.0340122
0.00489346
0.0284655
-0.00309239
0.0226082
0.00212022
0.0229706
0.0096981
0.00172102
0.0118183
0.003355
0.00507602
-0.015379
-0.232134
-0.22702
0.0699506
0.188325
0.237371
0.0926673
0.144704
0.201486
0.0976701
0.103815
0.168824
0.121876
-0.110588
0.0096479
-0.0562924
0.0408344
-0.0971267
-0.0213536
0.133682
0.0174329
0.15288
0.128534
0.024346
0.115101
0.00451287
-0.125609
0.143042
0.0419021
-0.107764
0.149666
0.0809703
-0.0908956
0.171866
0.0779287
0.0436188
-0.0649724
0.0898704
-0.0389525
0.0419386
-0.0097976
0.0725352
-0.0289163
0.0335827
-0.0490235
-0.00147398
-0.0428247
-0.0409513
-0.00187347
-0.0507488
0.043118
-0.044592
0.045677
-0.00255915
0.0391157
-0.033207
-0.0229963
-0.0747982
0.0601682
-0.0210526
0.0390459
0.0587545
-0.0197087
0.0341474
0.0633855
-0.029238
0.071494
0.0533449
0.0809896
-0.0276446
-0.058387
-0.0164109
-0.0296763
-0.0140088
-0.0526726
-0.0182946
-0.00459572
-0.0323033
0.0105545
-0.0151502
-0.00252215
0.00381339
-0.00633557
-0.0163645
-0.210656
-0.209847
-0.0271213
-0.12403
-0.0724687
-0.0348223
-0.175025
-0.158853
-0.0107086
-0.0617602
-0.0237617
-0.0222887
-0.000929284
-0.021662
-0.00295521
-0.0208064
-0.00388446
0.0109941
-0.0481493
-0.0236957
0.00203368
-0.0127016
-0.0423719
-0.00577739
-0.0519349
-0.0529713
0.00103635
-0.0557847
0.0547104
-0.0330183
0.023309
-0.0460037
-0.00978105
-0.0226947
0.0457702
-0.0203868
0.0127519
0.0367784
-0.0179183
0.0309204
-0.0359049
0.0155182
-0.0291769
-0.00672798
0.0394194
-0.00849897
-0.0342692
0.0163509
0.0390482
-0.0248592
0.00201218
-0.024195
-0.0100742
-0.0221828
0.0363022
-0.0182548
0.011443
-0.02812
0.00986516
-0.0193529
0.0191744
-0.0222668
-0.000178541
0.0200191
0.0029516
0.0249125
0.00264579
0.00979127
0.00202705
0.0127429
0.00416043
0.00618748
0.0261711
-0.249832
-0.205963
0.00958238
-0.215545
-0.201073
0.0429835
0.204423
0.231309
0.0638722
0.167437
0.208576
0.0738968
0.134679
0.177712
-0.0714428
0.149372
0.106269
0.0104119
0.220793
0.214835
-0.071457
0.00648465
-0.0197996
-0.0516574
0.116926
-0.112413
0.107399
0.0356428
0.131745
0.019332
-0.103559
0.139202
0.0461074
-0.084206
0.130313
0.0876598
-0.0561303
0.14379
0.0932411
0.063367
-0.0568823
0.0344508
0.0582281
-0.0237771
0.0330048
0.0252233
-0.0665875
0.0158386
0.042355
-0.0442285
-0.00223717
0.0518418
-0.0360031
0.0076132
0.0318345
-0.0340717
0.048562
-0.0167277
0.0460028
-0.0363904
0.0196627
0.0596953
-0.0136927
0.0386425
-0.0414613
-0.0112109
-0.0578722
0.0656606
-0.0270183
0.0459519
0.0727861
-0.0268343
0.0435481
0.0671895
-0.0236413
-0.039545
-0.018327
-0.0248522
-0.00745102
-0.0360631
0.0110982
-0.0185491
-0.00405198
0.00378191
-0.00783393
-0.0129847
-0.188089
-0.18801
-0.0217994
-0.137053
-0.0835595
-0.0295975
-0.158412
-0.166651
-0.00905495
-0.0745046
-0.0298614
-0.000389718
-0.00349474
0.00164402
0.000239299
-0.0301007
-0.00325538
0.0150244
-0.0208017
0.00232278
-0.000710352
0.00235443
0.00161245
0.0111228
-0.0209039
-0.0225508
0.00174912
-0.0215145
-0.0191294
-0.00238511
-0.00800652
0.0310844
-0.0183325
0.0083898
-0.0197811
-0.00112276
-0.0113913
0.0269693
-0.0114511
0.00863677
-0.0173788
0.00592775
0.0248929
-0.008542
0.0163939
0.0208723
-0.00447837
0.0141444
-0.00323442
-0.017205
0.00866304
-0.0101971
-0.00700795
-0.0202712
0.0271527
-0.0157097
0.00496991
-0.0151499
-0.00512137
-0.0101799
0.0204106
-0.0105454
0.00470088
-0.0138525
0.00330703
-0.014031
0.0113482
0.00139473
0.013994
-3.70542e-05
0.00502596
0.00642069
0.0611122
-0.256142
-0.18872
0.0281806
-0.2169
-0.187364
0.00858691
-0.195951
-0.179502
0.0278984
0.186936
0.195335
0.0392935
0.156042
0.173973
-0.0456213
0.138862
0.147141
-0.0408715
0.101519
0.133101
-0.0301092
0.236687
0.190684
-0.0192807
0.209964
0.167656
-0.0664694
0.244726
0.170217
-0.099287
0.254923
0.145439
-0.0573208
0.000438562
-0.108978
0.125998
-0.106666
0.01702
0.0325352
0.0368566
0.102006
-0.0825381
0.115073
0.0477752
-0.080714
0.128489
0.0630761
0.0999327
0.0445423
0.0574633
-0.0392454
0.0837876
0.0607038
-0.0602651
-0.0629557
0.0391787
-0.00225188
0.0554311
-0.0162523
0.0310006
0.0244306
0.0562239
0.0202207
0.0426151
-0.035002
0.00854327
0.050001
-0.0297804
0.0149989
0.0403737
-0.0318306
0.00398328
0.0482496
-0.028587
0.0345569
0.0400117
-0.0360285
0.0114245
0.0523113
-0.0177547
0.0252932
-0.0207597
-0.0153033
-0.0390867
0.0540341
-0.0287413
0.0271999
0.0487661
-0.0215662
-0.0251248
-0.0139613
0.0103088
-0.0256117
-0.00824031
0.00371347
-0.0119537
-0.0150817
-0.16442
-0.173494
-0.0330273
-0.133623
-0.107532
-0.0252258
-0.148268
-0.158849
-0.00294779
-0.104584
-0.0330484
0.00278998
-0.00604534
0.00514446
0.000980294
-0.0340288
-0.00506498
0.000444487
0.00130466
0.00205698
0.00302347
0.00212104
0.00508046
0.0100901
-0.0112128
0.00208358
-0.000975598
0.0022803
0.00571775
-0.00363412
-0.00333264
0.00235706
-0.00868419
-0.00252864
0.0200755
-0.0114387
0.0139891
-0.00806132
0.0025504
0.00771142
-0.0109458
-0.000349892
0.0114247
-0.00276158
0.00694632
0.0104292
-0.00348286
-0.000516576
-0.00570664
0.00294505
-0.0037754
-0.00193122
-0.0107833
-0.00535844
-0.00542486
-0.0104798
0.0136605
-0.0089596
0.00348057
-0.00699922
0.0113455
-0.00803846
0.00238592
0.00631397
-0.00627691
-0.00176154
-0.00738458
-0.157036
0.0748209
-0.247672
-0.181321
0.0586429
-0.239964
-0.158257
0.0440236
-0.202281
-0.151928
-0.159312
0.11117
-0.262847
-0.136502
0.143262
-0.265405
-0.119585
0.167226
-0.255874
-0.0981791
-0.125326
0.258403
0.129597
-0.14388
0.247385
0.114523
-0.17409
0.245212
0.0732948
-0.197635
0.237339
0.0475773
0.19881
-0.254852
-0.057064
0.207949
-0.231871
-0.0469031
-0.214066
0.222193
0.0232733
-0.00967824
0.00645714
0.161198
0.162499
0.0236836
0.138815
0.156785
0.126876
-0.025357
0.0876308
0.131428
-0.0532986
0.223516
0.156666
-0.018305
0.174971
0.142893
-0.0714891
0.216929
0.152027
-0.0896591
0.219256
0.127269
0.110411
-0.0227805
0.104743
-0.0877234
0.0444784
0.0273499
0.0317965
0.0681361
0.0892599
-0.0754748
0.102825
0.0530143
0.12115
-0.0201268
0.109387
0.0636607
-0.021066
0.0847266
0.0893451
0.0600421
-0.0155637
-0.0421609
0.0399091
0.0178812
-0.0491348
0.0328825
-0.0092257
0.0476414
-0.0147589
0.0247744
0.0228671
0.049205
0.0194245
0.039212
-0.0242132
0.00738137
0.040961
-0.0215366
0.0167478
0.0410418
-0.0336606
0.00501324
-0.0371527
0.0193979
0.0415036
-0.0300792
0.00435104
0.0316888
-0.0266757
0.00160958
0.0412982
-0.0219005
0.0125562
-0.0166279
-0.00898292
-0.0305891
0.0348998
-0.0223433
-0.0133335
-0.0172553
0.00568153
-0.0146645
-0.00944263
-0.147593
-0.157711
-0.0430923
-0.0614918
-0.0478784
-0.110971
-0.0909708
-0.0285212
-0.12919
-0.139492
0.00489952
-0.0663914
-0.0291292
0.0024659
-0.00753086
0.00458696
0.00519038
-0.0343196
-0.00234047
-0.00925188
-0.0250678
-0.000594502
0.00518151
-0.00448596
0.00676631
0.00447058
-0.00699916
0.000836459
0.00211832
0.00464798
0.00447541
-0.00107667
0.00191317
0.00339874
-0.00693847
-6.06898e-05
-0.00438806
0.00385932
-0.00420919
-0.000528721
0.0037109
-0.00422743
-0.000498263
0.00577306
-0.00282795
-0.0022902
-0.00193718
-0.00221455
-0.000613388
0.000690581
-0.00262179
-0.00152398
-0.000819789
-0.001802
-0.00624463
0.00889309
-0.00650712
0.00189388
-0.00435073
0.00660117
9.40503e-05
-0.0192259
-0.128367
-0.120573
-0.0387399
-0.139798
0.104299
-0.240801
-0.135665
0.0730032
-0.208668
-0.129278
-0.168018
0.115489
-0.235073
-0.125312
0.14534
-0.243519
-0.0897333
0.166911
-0.223975
-0.0766089
-0.119066
0.23359
0.10019
-0.149385
0.22268
0.0842045
-0.176051
0.223628
0.046629
-0.178691
0.201964
0.0449377
0.178848
-0.225752
-0.0451262
-0.206326
0.196648
-0.00436271
-0.0291034
-0.00649424
0.149387
0.132321
0.00124858
0.131072
0.132676
0.109896
-0.0325049
0.184531
0.142466
-0.0286843
0.17115
0.120703
-0.0526713
0.179941
0.13186
-0.101774
0.201964
0.0781663
0.0900266
0.0198688
0.00892987
0.080415
0.0989564
-0.0740405
0.0584768
0.0287842
0.0379845
0.0714021
-0.0568788
0.0856629
0.0642716
0.102256
-0.0148895
0.0862914
0.069837
-0.00619792
0.0760348
0.074217
-0.0536533
0.0444276
-0.0357721
0.0227046
-0.0473655
0.0326068
-0.002938
0.0372661
-0.0046594
0.0220089
0.0152572
0.044876
0.0233393
0.0359845
-0.0192369
0.00232383
0.0314412
-0.00810197
0.0122042
0.0307997
-0.028476
0.00412374
0.0279649
-0.0236139
0.00606389
0.029817
-0.0282076
0.00620318
0.029502
-0.0253782
0.00129464
0.0264526
-0.0203886
0.00410884
0.0180573
-0.0139501
-0.000801965
-0.0245571
-0.10381
-0.153747
-0.0204065
-0.13334
-0.0133445
-0.0776264
-0.0797359
-0.0403539
-0.0991381
-0.11798
-0.119545
-0.0277944
-0.0519415
-0.0370463
0.00175315
-0.00409359
0.00693467
-0.00992006
-0.0271262
-0.00445895
0.000365334
0.0177427
-0.0276628
-0.00732507
-0.011784
-0.00332731
-0.00845671
-0.00271635
0.0073644
0.00421832
-0.000234074
0.000173421
0.00167908
0.00197762
0.00538679
0.00537636
-0.00176483
0.00344391
0.00361155
-9.12814e-05
0.000264724
-0.000619977
0.000439263
-0.000937464
-0.000180686
5.71356e-05
-0.00199422
-0.000880311
0.000439113
-0.00105242
-0.00155511
-0.000776877
-0.00074707
-0.0018293
-0.000884324
-0.000917707
-0.00163139
0.00404937
0.000301357
-0.00121908
-0.0549786
-0.0848199
-0.158789
-0.0805852
-0.0874327
-0.165405
0.0998496
-0.225162
-0.108819
-0.196252
0.146194
-0.235927
-0.0789677
0.142751
-0.21936
-0.0931762
0.147248
-0.192374
-0.0721123
-0.121752
0.205957
0.080212
-0.136612
0.183241
0.0693451
-0.147078
0.192016
0.0361626
-0.179852
0.175489
0.012164
-0.189257
0.160154
-0.013768
-0.0322202
-0.0319153
0.152618
0.0991567
0.119025
0.057233
0.0617924
-0.0391003
0.17096
0.13205
-0.016825
0.148875
0.135793
-0.0944567
0.172623
0.0765036
-0.0997384
0.17995
0.0728847
0.0304092
0.068547
0.0876422
0.00762411
0.0665927
0.076171
-0.0704159
0.0356265
0.0347892
0.0158755
-0.0454092
0.0681138
0.0402535
0.0427111
0.0595446
0.0585864
-0.00959662
0.0498499
0.0499478
0.00579047
0.0608021
-0.0169646
0.052591
0.05907
0.0648604
-0.0461897
0.0432517
0.0219239
-0.0363373
0.0316779
0.00691427
-0.0239003
0.0391574
0.00777757
-0.0317724
0.0236704
0.00738481
0.0339115
-0.0217074
0.00543529
0.0302205
-0.00655032
0.00851312
0.026102
-0.0206665
0.000723605
0.0155352
-0.0148121
0.0258169
-0.0196141
0.00542798
0.0208862
-0.00535034
0.0221801
0.00256561
0.0196821
-0.0142546
-0.0956184
-0.0239263
-0.085551
-0.0732379
0.0338979
-0.119449
-0.0994424
0.00390345
-0.103346
-0.0917149
0.0271815
-0.0791231
0.0907988
-0.114725
0.0065036
-0.0336298
-0.0726195
-0.000796404
0.00501476
-0.000431059
0.00875298
-0.0423828
-0.0189098
-0.00129186
0.000860811
-0.00461916
0.000112128
-0.019022
-0.00834457
0.00090287
-0.00924744
-0.0037163
-0.00120247
0.00658934
0.00381227
-0.0024402
0.00270496
0.0010037
0.000778198
0.00581113
0.00438974
0.00539344
-0.00189641
0.0010162
0.0020771
0.000627899
-0.00214598
0.00059098
-0.00112977
-0.00205504
0.000225808
-0.00146407
-0.00153143
-9.99369e-05
-0.00130562
-0.000819168
-0.000919103
-0.0741957
-0.0912095
-0.147434
0.121458
-0.200426
-0.0747936
-0.166003
0.0940189
-0.187195
-0.106407
0.111802
-0.183914
-0.0753935
0.132357
-0.164577
-0.0515571
-0.111445
0.18079
0.0685058
-0.131032
0.167195
0.0497572
-0.15852
0.170684
0.00867528
-0.159063
0.145295
0.0116205
-0.0192825
0.0102821
0.07736
0.0283552
0.107438
0.0901475
0.10043
-0.0659739
0.142478
0.0829008
0.0274765
0.0799614
0.110377
-0.0768578
0.149742
0.0656197
-0.106252
0.174758
0.0434905
0.0153389
0.060832
0.0926988
0.00644817
0.0862506
0.0215466
0.0392554
0.0823785
-0.00147537
0.0540661
0.020126
0.0384601
0.0549151
0.0534396
-0.0311216
0.0530453
0.0187282
-0.0304068
0.0491346
0.0195408
0.0580007
0.0315429
0.0333174
0.0707983
0.0212297
0.0328364
0.0545469
-0.00435931
0.0371955
-0.0350781
0.0419923
0.017967
-0.0202938
0.0276784
-0.0439144
0.0236205
0.0361369
0.0058552
-0.028294
0.0217435
-0.000615614
0.0216687
7.47955e-05
-0.0301818
0.00951493
0.023149
-0.0136344
0.00833661
0.0174284
-0.00909189
0.0120779
0.011336
0.000740607
0.0139024
-0.0730957
-0.0416294
-0.0287963
-0.118637
-0.0137873
-0.0779276
-0.0868831
0.0760736
-0.10487
-0.0433753
0.0373475
-0.0807228
-0.0659984
-0.00183685
-0.0641615
-0.0797645
-0.0403505
-0.032269
-0.0819799
-0.0190703
-0.0233125
-0.0513394
-0.000405047
0.00421735
0.000455751
0.00719499
-0.0305076
-0.011827
0.000454753
9.67139e-07
-0.00326156
0.00463685
-0.0164638
-0.00461061
-0.00787216
-0.00122799
0.00703917
0.00298932
-0.00456627
0.00519419
0.000827182
0.00339805
0.00364108
0.00422523
-0.00423524
0.00310553
0.000958922
-0.00324718
0.00178316
-0.000141673
-0.00237296
0.00106732
-0.00058981
-0.000981563
8.57622e-05
-0.0576534
-0.060984
0.0645719
-0.170979
-0.101431
-0.159085
-0.0411041
-0.117981
0.0893667
-0.16476
-0.0816124
0.103105
-0.154663
-0.0616549
0.114636
-0.133919
-0.0400261
-0.0995538
0.149311
0.0752039
-0.142806
0.151481
0.00650534
-0.129417
0.141037
0.0220641
0.00711796
-0.0678651
0.143069
-0.0126795
0.0926409
0.08775
0.0941981
-0.0333819
0.126023
0.0769954
0.142615
0.0338983
0.0602997
0.127408
0.0152071
0.170898
0.103033
0.0485382
0.0377123
0.0824365
-0.0262067
0.0639189
0.0788565
0.00352196
0.0526498
0.052768
0.0180302
0.0562899
0.0373694
0.01607
0.03301
0.0337731
0.0242272
0.049843
-0.026959
0.0449256
0.0221753
0.0464023
0.0366718
0.0178751
0.0547019
0.0239937
0.0132017
0.0418686
0.0256239
0.00738589
0.0388255
-0.0288038
0.0346586
0.0161217
-0.0219052
0.0212895
0.00171529
-0.023013
0.0247281
0.0116456
-0.0228088
0.0228837
-0.00151928
-0.0257241
0.01209
-0.00284052
0.0195763
-0.00748727
0.0104846
0.00907622
0.00140931
-0.0421575
-0.0398224
-0.0207318
-0.0661513
-0.0628893
-0.0687798
-0.0360902
-0.129764
-0.00147442
-0.0782901
-0.0676257
0.0678468
-0.103937
-0.0128759
-0.0770375
0.00782525
-0.0848627
-0.0704648
-0.0251028
-0.0262366
-0.0649252
-0.0113419
-0.0191657
-0.0375784
-0.000283857
0.00327313
-0.000282928
0.0097172
-0.028883
-0.00674663
0.00559454
-0.0123412
-0.00227766
-0.00256062
-0.000411474
0.00405255
0.00286163
-0.00381686
0.00477581
-0.00040837
0.00446087
-0.00265947
0.00251781
0.00211629
-0.00212153
0.00153167
0.000396259
-0.00082692
0.000704736
0.0804669
-0.121571
-0.0492969
0.0530017
-0.134614
-0.0649791
0.0759569
-0.140936
-0.0456141
0.0786129
-0.140268
-0.0560014
0.0992698
-0.139296
-0.0409981
0.10687
-0.0997517
-0.0324265
0.130231
0.012838
0.136736
-0.129256
0.15132
0.00748043
0.0515681
0.0635438
0.0188927
0.0967853
0.00624789
0.109623
0.119304
-0.0096809
0.0221791
0.103844
0.0824788
0.119051
0.00505286
0.0584909
0.0875317
0.0969784
0.0220721
0.103226
-0.0499468
0.0688393
0.0139721
0.0435011
0.0091487
0.0574732
0.052827
0.0034629
0.0619756
0.0442984
0.0104035
0.0477612
0.0331982
0.0166445
0.040584
-0.0196977
0.035819
0.0267044
0.0433488
0.0313523
0.0105162
0.0417557
0.0186714
0.020154
0.0291874
0.0303238
0.0102601
0.00589231
0.0244313
0.0260462
-0.0167383
0.0283836
0.0190807
-0.0181993
0.0166803
0.00652884
-0.00961274
0.0161415
0.0187709
-0.0160249
0.0131845
0.000655394
-0.0158995
0.00841241
-0.00271513
-0.00718857
0.00122407
-0.032106
-0.0328192
-0.0113146
-0.0515747
-0.0434206
-0.0104073
-0.0572184
-0.061982
-0.0584196
-0.0455174
-0.107717
-0.00982094
-0.060644
-0.0670394
-0.0588249
-0.0260379
-0.104342
-0.0866818
-0.0165028
-0.0210756
-0.049322
-0.0148666
-0.0140164
-0.0359422
-0.000850855
-0.00170978
-0.00124107
0.000390179
0.00162055
0.00408756
-0.018104
-0.00825366
-0.00102547
-0.00722823
-0.00273529
-0.00201727
-0.000718073
0.000721394
0.00373947
0.0023419
-0.000681317
0.00279759
0.0030581
-0.000717131
0.00111336
0.00208043
-0.000589668
0.000523687
0.0702725
-0.115887
-0.0374441
0.074795
-0.130796
-0.066141
0.070413
-0.136554
-0.0454736
0.102125
-0.143123
-0.0286718
0.118298
-0.0667298
0.0858713
-0.0572516
-0.124042
0.0573123
0.112363
0.00694144
0.119843
-0.00419916
0.0157137
0.0531256
0.0742047
0.0966535
0.00657272
0.0869726
0.0943326
-0.00736008
0.101274
0.0129251
0.0746066
0.0871297
0.0966787
0.0743654
0.0223133
0.0809382
0.0579747
-0.000501528
0.0203846
0.0375902
0.0735101
0.0508964
0.0110793
0.0503948
0.0504208
-2.59392e-05
0.0436513
0.00410982
0.0547305
0.0356962
0.00605927
0.0398059
-0.0163839
0.0354643
0.0269648
0.0372249
0.000302696
0.0257434
0.02949
0.0355492
0.00769005
0.0295348
0.0321214
0.0094302
0.0226911
0.0351735
0.0163787
0.0190853
0.00385314
0.0149173
0.0202318
-0.0138771
0.0145324
0.0022643
0.0171815
-0.0113058
0.00859042
0.00322646
-0.00457296
0.00401762
0.00758028
-0.0510009
-0.0417418
-0.0065463
-0.0351955
-0.00317488
-0.0588072
-0.0541757
0.000475267
-0.0675147
-0.0583319
0.0555673
-0.0930115
-0.0487751
-0.00377806
-0.0829038
-0.0712927
0.0271156
-0.0758908
-0.0557882
-0.0232184
-0.0127238
-0.0297647
-0.0130192
-0.0167455
-0.00954221
-0.00856181
-0.022266
0.00134171
-0.000951617
-0.000675591
0.00139027
0.00433056
-0.0128924
-0.00289769
-0.0036158
-0.000944001
-0.00267187
-0.00161959
0.00115833
0.00189973
0.00254855
0.000461402
0.001619
0.0023611
-0.000802114
0.000816882
0.0654894
-0.110963
-0.0275221
0.0854287
-0.114101
-0.0511255
0.0654792
-0.116605
-0.045484
0.147286
-0.0899741
0.0900347
-0.0240658
-0.0933085
0.0033344
0.108382
-0.00710798
0.104183
0.0108743
0.0116645
0.0618457
0.0987943
-0.0844486
0.0773406
0.0820994
-0.00116132
0.0747393
-0.00970925
0.0537198
0.0450744
0.0760331
0.0616594
0.0143737
0.0604982
0.0206474
0.0297735
0.0582377
0.0159596
0.0422782
0.0778055
0.050356
0.0043745
0.0503301
-0.0234214
0.0531952
0.0269087
0.0364148
0.00339106
0.0407893
0.0413415
-0.00579248
0.0447324
-0.00337578
0.022461
0.0261589
0.0357709
-0.000597354
0.0299783
0.00873428
0.0174245
0.0314255
0.030828
0.00547172
0.01476
0.0279324
0.00341196
0.013769
0.0181719
-0.00407103
0.00729698
0.00969809
-0.00230866
0.00498815
0.00483977
-0.0590155
-0.0303557
-0.043375
-0.000920262
-0.0574117
-0.0599358
-0.00693829
-0.0643545
-0.06435
-0.069271
-0.00661992
-0.0967931
-0.0587432
0.00295495
-0.0653632
-0.0613996
-0.0140343
-0.0293407
-0.012524
-0.00974207
-0.0292695
-0.0220154
-0.00725407
0.00781347
-0.0218478
-0.014202
-0.00609571
-0.0067968
-0.0158378
-0.00206224
0.000442587
0.000486314
2.30162e-05
-0.00681991
-0.00264888
-0.00131185
-0.00133704
-0.000869241
0.00128991
0.00107116
0.00177622
-0.000136433
0.000934729
-0.0729675
-0.0238257
0.0401736
-0.0856577
-0.0327939
0.0979707
-0.122037
-0.0186341
0.0522183
-0.0708524
-0.0334395
0.0856207
-0.0747465
0.088955
-0.0330817
0.0979503
-0.0206098
0.0232038
0.0628972
-0.095979
-0.0737373
0.0531275
0.0364687
0.0413368
0.0815431
0.0897945
-0.0292964
0.0800852
0.00634788
0.0523645
0.0291787
0.0667382
0.0374417
0.0228305
0.0303648
0.065109
0.0295007
0.0356084
0.0708375
0.0491352
-0.00834585
0.0231654
0.0259701
0.0500741
0.0280108
0.0220635
0.0583757
0.0443083
0.000423948
0.0359625
0.0394173
-0.0094392
0.0398411
0.0120931
0.0158397
0.0295176
0.0330511
-0.00222312
0.0236119
0.0201669
0.00935068
0.0179438
0.00699085
0.0111814
0.0228309
0.00375641
0.00594159
0.014938
-0.0011692
0.00477237
-0.00753728
-0.0523985
-0.036878
-0.00674881
-0.0546508
-0.0565397
-0.00781034
-0.0632885
-0.0602089
0.033676
-0.0575018
0.0779681
-0.0442921
0.0126049
-0.042046
0.00783825
-0.0447162
0.0284126
-0.0205744
0.00656485
-0.0087167
-0.00712115
-0.0159708
0.0202811
-0.0137163
0.00607909
-0.0098917
-0.00270013
-0.00411987
-0.00982131
-0.00181774
0.000948485
-4.15337e-05
-0.000515189
-0.00360472
-0.00185224
-0.000903749
0.000920048
0.000878514
0.0541881
-0.086982
-0.00331374
0.0462555
-0.0796951
-0.0407265
0.0974963
-0.0345992
0.0266438
-0.0530513
0.0682398
-0.0151124
0.0914435
-0.0045355
-0.0619756
0.0468631
0.0532072
-0.0577427
0.0739698
-0.0207628
0.0393706
0.0671173
-0.0607695
0.00514169
0.0460017
0.024836
0.0751802
0.0439916
0.0311887
0.0814333
0.0206638
0.0299971
0.0283786
0.0656056
0.0371777
0.0284281
0.0620137
0.0429885
-0.007026
0.0278547
0.0151339
0.0538247
0.0323938
0.021431
0.0544571
0.0291891
0.0252681
0.0575676
0.0422631
-0.00242236
0.0352371
0.03259
-0.00897823
0.0301677
0.011915
0.0109158
0.0212656
0.0083497
0.0129157
0.0262935
0.0173151
0.00834606
0.00659189
0.019262
-0.00066345
0.00592838
0.00234031
-0.0625493
-0.0423759
0.0292696
-0.0713156
-0.034019
0.0216347
-0.0556538
-0.0409145
0.0445054
-0.0478192
0.000213214
0.0480587
-0.0478455
-0.023257
-0.00184691
-0.040529
0.0260536
-0.0279005
0.00547922
0.0190058
-0.0135266
0.00528952
-0.00281617
-0.00700521
0.0127079
-0.00741839
-0.000109764
-0.00349509
-0.00711498
-0.000426684
-0.00306845
-0.00133043
-0.0642485
0.0164292
0.0512096
-0.0460679
0.02399
-0.0647166
-0.0402585
0.0746156
-0.0352451
0.0215643
-0.0431523
0.0400294
0.0111802
0.0868925
0.0291497
-0.0343935
0.0455737
0.0626212
-0.0334716
0.0418584
0.0567238
-0.0148654
0.0214787
0.0663957
-0.0457318
0.0203278
0.0449118
0.0171021
0.0761005
0.0303689
0.0239456
0.0336222
0.0523739
0.0394077
0.0129663
0.05651
-0.0283812
0.0620032
0.0385129
-0.00327613
0.0317985
0.00671407
0.0469323
0.0337716
0.0131607
0.0552024
0.0370243
0.0181783
0.062292
0.0339111
0.032989
-0.00282178
0.0297128
0.0246439
-0.00732889
0.0218226
0.0076718
0.0115898
0.0205874
0.0132582
-0.0025133
0.00907636
0.00617391
-0.0470885
-0.0343551
0.0379978
-0.0612549
-0.017656
-0.0647445
0.0584038
-0.0419747
0.0105583
-0.0506966
0.00603711
-0.0403922
0.0255667
-0.0195296
-0.00233381
0.0132408
-0.0155746
-0.000285696
0.00840793
-0.00869361
0.000989542
-0.00612546
-0.000781912
-0.0053436
-0.048539
0.00656419
0.0182333
-0.0584918
-0.0303057
0.0537479
-0.0334201
0.0193544
0.0706475
-0.0491689
0.0274952
-0.0309967
0.0446173
-0.0252629
0.0311988
0.0134184
0.0767725
0.0433008
0.061996
-0.0186953
0.0471306
-0.00203831
0.0643343
-0.0339653
0.0309143
0.066554
-0.0100437
0.0325889
0.0339844
0.0280189
0.0469508
0.0470515
-0.000100626
0.037008
-0.0233172
0.0513361
0.0563173
-0.0224065
0.0330003
0.0233987
0.00631341
0.0301126
0.0244447
0.00566778
0.0376054
0.0319184
0.00568713
0.0500967
0.0276904
0.0194351
0.00238768
0.0257481
-0.00117305
0.0120852
0.0144721
0.00245357
-0.0671981
-0.0379387
0.0579742
-0.0514101
0.00727757
-0.0599206
-0.000651345
-0.0372873
0.0211289
-0.0217803
0.0015993
0.0147837
-0.0131844
-0.000791076
0.00592285
-0.00671405
-0.00277077
0.0218714
-0.0521772
-0.0295388
0.0296459
-0.0606426
-0.0225314
0.0623999
-0.0314855
0.0371369
0.0505896
-0.0526279
-0.010053
0.0447143
-0.00757742
0.0581327
0.0621986
-0.00406594
0.0435032
-0.00912473
0.0575631
-0.0249741
0.0260777
0.044807
-0.0187293
0.0587298
-0.0217216
0.0337559
0.053913
-0.00257677
0.0538125
0.0578091
-0.00399653
0.0360875
0.0489111
-0.015911
0.0463344
0.0452127
-0.0175226
0.0293015
0.0205534
0.0051945
0.026221
0.0240452
0.00217594
0.0297323
0.0122097
0.0141832
0.0193784
0.00859024
-0.0685109
-0.0286971
0.0283383
-0.0578771
-0.0401727
0.00608124
-0.0347783
0.0255451
-0.0194638
0.00376481
0.0148001
-0.0110353
0.00161565
0.00673248
-0.00511698
0.035355
-0.0578864
-0.0225222
0.040368
-0.0504211
-0.0175185
0.0578549
-0.0130479
0.0502775
0.0421497
-0.0512744
-0.00827147
0.0487188
0.0015587
0.0446529
-0.00662154
0.0209436
-0.0339915
0.0451893
-0.0242457
0.0526147
-0.0188587
0.0338855
-0.000105886
0.0590143
-0.0229265
0.0401557
0.058821
-0.0124865
0.0548246
0.0318981
0.0459592
-0.0166574
0.0334727
0.0290153
-0.0168053
0.0123572
0.0135662
0.0157421
-0.00106332
0.0109718
-0.0511446
-0.0238065
0.021117
-0.0436393
-0.0300275
0.00840067
-0.0322073
0.022135
-0.0137344
0.00267117
0.0131833
-0.0105121
0.00214798
0.00631533
-0.00416745
0.0227159
-0.0402344
-0.0209234
0.0354102
-0.0436817
-0.00482417
0.0506092
-0.00541982
0.0521679
0.0460348
0.00613312
0.0394132
-0.0042685
0.0370063
-0.0371121
0.0127606
0.0356469
-0.0228862
0.030227
0.0577092
-0.0175535
0.0205972
0.0462458
-0.0143477
0.0286924
0.0414916
-0.00801888
0.0271441
0.0216889
-0.00933154
0.01367
0.0132367
0.00390667
0.00367216
-0.0336997
-0.0285352
0.0140146
-0.0349381
-0.0196851
0.000734374
-0.0292696
0.0162784
-0.0155441
0.00254399
0.0120357
-0.00949174
0.00152357
0.00509108
-0.00356761
0.0367063
-0.00647927
0.0322036
-0.0370278
-0.00273457
0.0368374
-0.0411059
-0.0001904
0.0332876
0.00341873
0.0394208
-0.0016851
0.0388194
-0.0182222
0.0159333
0.0287433
-0.01281
0.0319395
-0.00319622
0.0254602
0.041603
-0.0129105
0.0233809
0.0358146
-0.00867029
0.0229041
0.0198351
-0.00616492
0.0111648
0.0101287
0.00396392
0.0313532
-0.0340878
0.011668
-0.0176017
0.00669738
-0.0242991
0.0183196
-0.0116222
0.00277546
0.0110194
-0.00824395
0.00152762
0.00469141
-0.00316386
0.026549
-0.00108883
0.0299678
0.0362919
-0.0364824
0.0022041
0.0351071
-0.00513926
0.033422
-0.00306036
0.0294279
-0.006047
0.0166179
0.0184382
-0.00182033
0.0152419
-0.0247278
0.0236388
0.0239505
-0.00870864
-0.000777236
0.0263931
-0.00348884
0.0203461
0.0154433
-0.00427838
0.0119545
0.00794603
0.00366776
0.0222933
-0.0200893
-0.00200587
0.0139078
-0.0159137
0.00228548
0.01024
-0.00795451
0.00199596
0.00406066
-0.00206477
0.0252894
-0.00165054
0.0201501
0.0280907
-0.00794067
0.0250304
0.00494104
0.0232553
-0.00290918
0.021435
0.0127263
-0.0158038
0.0141532
0.0147544
-0.00202807
0.0139771
-0.00182675
0.0140467
-0.00209216
0.0111375
0.00636759
0.00427537
0.0182702
-0.0133292
0.00235651
0.0109461
-0.00858958
0.00299152
-0.00031537
0.00330686
-0.00491657
0.0170448
-0.00289168
0.00910406
0.0151649
-0.0060609
0.0160828
-0.00091797
0.00275357
-0.0108221
0.00793037
0.0129703
-0.00183299
0.0109422
0.0120983
-0.00115622
0.0102715
-0.000550684
0.00575581
0.00392275
0.0107929
-0.00803943
0.00220336
0.00461729
-0.00241395
-0.00029929
-0.000859178
0.0116586
-0.00372837
0.00559772
0.00762264
-0.00202499
0.00670466
-0.00133478
0.00847447
-0.00902532
0.00474604
0.00527668
0.00412042
-0.00490503
0.00170953
0.00292312
-0.00425792
0.000509153
0.00104068
-0.000531535
0.00629095
-0.00154503
0.00426595
8.01736e-06
0.00204975
-0.000340332
0.000504686
0.000110881
0.000582724
-0.000574713
0.000266737
0.00077139
)
;

boundaryField
{
    top
    {
        type            symmetryPlane;
        value           uniform 0;
    }
    bottom
    {
        type            symmetryPlane;
        value           uniform 0;
    }
    inlet
    {
        type            calculated;
        value           nonuniform List<scalar> 
17
(
-0.97042
-0.92719
-0.97042
-0.8859
-0.92719
-0.85771
-0.8859
-0.85697
-0.85771
-0.85735
-0.85697
-0.85772
-0.85735
-0.85783
-0.85772
-0.85782
-0.85783
)
;
    }
    outlet
    {
        type            calculated;
        value           nonuniform List<scalar> 
17
(
0.982048
0.938656
0.897653
0.869417
0.870678
0.897675
0.8697
0.876295
0.93876
0.869076
0.814425
0.86878
0.981955
0.877397
0.762964
0.877927
0.806597
)
;
    }
    deck
    {
        type            calculated;
        value           uniform 0;
    }
    frontAndBack
    {
        type            empty;
        value           nonuniform List<scalar> 0();
    }
    defaultFaces
    {
        type            empty;
        value           nonuniform List<scalar> 0();
    }
}


// ************************************************************************* //
