/*--------------------------------*- C++ -*----------------------------------*\
  =========                 |
  \\      /  F ield         | OpenFOAM: The Open Source CFD Toolbox
   \\    /   O peration     | Website:  https://openfoam.org
    \\  /    A nd           | Version:  8
     \\/     M anipulation  |
\*---------------------------------------------------------------------------*/
FoamFile
{
    version     2.0;
    format      ascii;
    class       surfaceScalarField;
    location    "0.004";
    object      phi;
}
// * * * * * * * * * * * * * * * * * * * * * * * * * * * * * * * * * * * * * //

dimensions      [0 3 -1 0 0 0 0];

internalField   nonuniform List<scalar> 
662
(
-1.38106e-05
9.89129e-06
3.91929e-06
1.22555e-05
-2.60661e-05
-5.46215e-05
2.51123e-05
3.94005e-05
-1.05206e-05
1.44399e-05
-9.00079e-05
4.7642e-05
6.8519e-06
-3.2918e-05
5.72629e-05
-4.26712e-05
-1.31347e-05
2.75745e-05
-0.000108153
2.49974e-05
1.66769e-06
-3.45857e-05
7.51711e-07
-7.78651e-05
-1.89305e-06
7.90064e-05
-2.31277e-05
2.38794e-05
9.57984e-05
-5.16702e-05
3.52552e-05
-7.68067e-06
-0.000111742
5.25618e-06
-7.21912e-07
-3.38638e-05
8.08138e-07
-7.46095e-05
-4.06369e-06
-2.23196e-05
3.77279e-05
-2.47269e-06
0.000115707
-2.75897e-05
-0.000109907
-2.55684e-06
-2.29922e-06
-3.15645e-05
2.60664e-06
-6.57293e-05
-1.14869e-05
-1.97129e-05
3.83199e-05
-5.92021e-07
0.000121348
-8.11347e-06
-4.80463e-07
7.97312e-05
-7.98548e-05
6.04082e-07
2.37403e-05
-2.42207e-05
-0.000104717
-7.48912e-06
-2.58128e-05
-5.75177e-06
-1.50034e-05
-1.08093e-05
-1.03086e-05
-4.69487e-06
3.19041e-06
-5.63697e-05
-1.255e-05
-1.65225e-05
-0.000128068
-0.000767319
0.000895387
4.17854e-05
-3.46551e-06
7.19432e-05
-3.01578e-05
-5.61251e-05
0.000124167
-3.41085e-06
-6.22233e-07
7.69956e-05
3.35785e-06
2.3118e-05
-9.01148e-05
-2.03541e-05
-5.98927e-05
-4.10314e-05
-3.09167e-05
-3.92846e-05
1.35499e-05
-1.82448e-05
2.06116e-06
-5.00284e-05
-8.40246e-06
-1.44613e-05
-0.000325595
0.000666815
-0.00110854
-0.000931857
0.00182724
0.000140727
-2.00257e-05
0.000218707
-0.000108138
-0.000163013
-2.57442e-06
6.79805e-05
1.15895e-05
2.05436e-05
-7.13058e-05
5.3939e-05
1.56556e-05
-3.39005e-05
1.61073e-08
-2.10806e-07
-4.98337e-05
-1.44452e-05
0.00124627
-0.00151131
-8.78891e-05
0.00191513
-3.1106e-06
5.8061e-05
1.30302e-05
1.7433e-05
-0.000114769
5.91191e-05
-4.17489e-05
7.84843e-06
0.00144614
-0.000287756
0.00194175
-2.66166e-05
-2.27898e-06
4.82713e-05
1.20687e-05
1.5154e-05
-4.41907e-05
2.44185e-06
-0.000134526
2.76049e-05
0.00194089
8.63264e-07
0.00152397
-0.000104448
-5.1226e-06
2.62545e-05
2.71394e-05
1.00314e-05
-4.46747e-05
4.83967e-07
-0.000140121
8.03686e-06
-5.88593e-07
-7.1769e-05
6.93623e-05
2.99525e-06
-2.12671e-05
2.06785e-05
0.00191331
2.75811e-05
0.00154923
-2.43972e-05
-0.00178228
0.000945172
0.000837104
-4.63249e-05
1.65019e-06
0.00187073
4.25732e-05
0.001838
3.27353e-05
5.57202e-05
0.000137861
0.000807311
7.80784e-05
5.97824e-05
3.17535e-05
-0.000142982
3.34492e-06
-2.96492e-07
-7.21308e-05
6.58318e-07
-2.15636e-05
0.00153749
3.93203e-05
-0.000183804
-8.09715e-06
4.21403e-05
0.000149761
-0.00125893
0.000734736
0.0013613
-0.000155554
1.42221e-05
0.0015006
7.94675e-05
0.00142834
0.000104996
0.000225123
0.000332262
0.00120979
0.00023313
0.000158914
0.00010933
3.52202e-07
-7.01826e-05
-2.30043e-06
-2.12114e-05
-0.000190918
-1.53072e-06
8.64451e-06
-5.61073e-05
4.80101e-05
8.07072e-07
-6.73221e-05
-3.66755e-06
-2.04043e-05
-0.000173859
5.08767e-06
-2.21461e-05
-5.7638e-05
1.2761e-06
-5.95433e-05
-9.0549e-06
-1.91283e-05
-0.000150308
7.72364e-06
-3.12754e-05
-5.25503e-05
6.9668e-06
-3.56073e-05
-3.09029e-05
-1.21615e-05
-0.000133965
4.70737e-06
-2.10502e-05
-4.48267e-05
3.93849e-06
-2.01412e-05
-0.000117762
-4.01193e-05
-3.61809e-05
0.000275529
-0.000227888
-8.54607e-05
0.000124861
0.000190069
8.219e-05
-0.000530499
0.000296158
0.000234341
-0.000297603
-0.000232896
-0.000383326
0.000210915
0.000172411
-8.71675e-05
-0.000424661
0.000127058
-7.05887e-05
-0.000354072
-0.000219668
0.00014908
0.000113828
-0.000341716
-0.000327153
0.000440981
-0.000560049
1.47672e-05
-0.000368839
-0.000545282
-0.000316718
-5.69335e-05
-0.000311906
-0.000221561
-0.000278495
-0.000217089
0.000299279
-0.00041396
0.000648301
-2.70206e-05
6.10496e-05
0.000587252
0.000271964
0.000247609
5.4776e-05
0.000217188
0.000247383
-7.49726e-05
0.000302159
-0.000291856
0.000216883
-0.000379023
-0.000251965
-0.000102886
2.38794e-05
0.000127703
-0.000444422
-0.000417578
-0.000729484
-0.000439165
-2.89432e-05
-0.000700541
-0.000282559
-0.000311502
-0.000128273
0.000375882
0.000458979
0.000676167
0.000348292
0.000127065
0.000549102
0.000232134
7.00256e-05
0.000359199
0.000112808
0.000104076
0.000182833
2.42207e-05
6.93891e-05
-0.000508555
-0.000631152
-0.000511111
1.66378e-05
-0.00064779
-0.000322989
-0.000306351
-0.000105435
0.000453727
0.000443667
0.000445614
0.000244858
0.000114341
0.000688525
0.000183437
0.000297779
-2.65026e-06
-0.000508461
-0.00065044
-0.00051595
-0.000680643
3.0203e-05
-0.00043175
-0.000248893
-0.000318901
-0.000288698
0.000441298
4.31575e-06
0.000437887
0.000700491
-1.19663e-05
0.000704807
0.000301137
0.00028917
-0.000186308
-0.000329642
-0.000618058
-0.000497288
-0.00012077
-0.000349996
-0.000212167
-0.000285121
0.000218814
-0.000339584
-0.00039682
0.000147927
-0.000178006
-0.0002971
-0.000149173
0.000520282
-8.23951e-05
0.000500256
0.00075178
-4.69729e-05
0.000669385
0.00030076
0.000253787
0.000178864
-0.000266471
8.7607e-05
-0.00016072
-0.000372887
-8.03725e-05
-0.000186099
0.000194859
-0.00023589
-0.000155138
-0.000440258
2.80794e-05
-0.000468338
-0.000344808
-8.00487e-05
-0.000155841
-0.000119333
-6.53942e-05
-0.000233212
5.52062e-05
-0.000145605
-0.000149384
-9.41781e-05
-9.71814e-05
-4.84238e-05
-0.000177554
-8.00359e-05
-9.7518e-05
0.0010642
-0.00122721
0.00185575
-0.000791552
0.000747208
-0.000764106
0.000552523
-5.22663e-05
0.000444385
-0.000782824
-0.000457933
0.000405667
0.000714201
-4.48166e-05
0.000256268
0.000266817
0.000222
0.000126637
-0.000909461
0.000940545
-0.000813908
0.000282817
-0.000362853
-9.67187e-05
-0.000248089
5.54139e-05
-0.000211255
0.000412924
-0.000661013
-0.000276649
-0.000248679
-0.000114174
-0.00021753
-0.000306914
5.82349e-05
8.82271e-06
-0.000315737
-0.000158457
6.42788e-05
-0.000206881
0.000304399
-0.000246164
-1.44452e-05
-0.00212246
0.00133091
-0.00118192
0.000566806
-0.000604328
-0.00057759
0.00027905
0.000659242
-0.000253575
-0.000250219
0.000350025
-9.37573e-05
9.64503e-05
0.000234069
0.000140312
0.000701815
-0.00014792
-0.000553894
-0.0003311
-0.000482808
-0.000935428
-0.000233614
6.62833e-05
-0.000316502
-0.000416525
-0.000450159
-0.000210854
-0.000564333
-0.00055551
-0.000428384
-0.000400779
-4.22684e-05
-0.000513242
-0.000283401
-3.23361e-05
-0.000325669
-0.000156123
-9.00408e-05
-0.000188459
-2.06785e-05
-0.00106559
0.000487997
-0.00121351
0.000767047
0.0006626
-0.000331484
-0.000882023
0.000604383
-0.000935867
0.000240962
-0.000144512
-7.554e-05
0.000860878
-0.000256496
0.000306984
0.000166566
2.20543e-05
0.000390603
-8.36184e-05
0.000156989
9.48328e-05
-0.000170373
-0.000321692
-0.000164703
-0.000418194
0.000161698
-8.13966e-05
-0.000431845
-0.000482176
-0.000474139
-0.000244588
-8.10812e-05
-0.000676433
-0.000185464
-0.000266545
9.10866e-05
-0.00097311
0.000753686
0.000729289
-0.000555086
-0.000380781
-0.0015282
-0.000376053
-0.000756835
5.92251e-05
-3.71708e-05
-0.000111148
-0.000275851
0.000359469
-0.000197771
1.00314e-05
-4.80101e-05
-0.000513723
3.95837e-05
-0.000510378
-0.000657594
-1.88394e-05
-0.00061801
-0.000265887
-0.000284726
0.000691471
3.78183e-05
0.000730791
-0.00146726
-6.0938e-05
-0.00142944
-0.00074819
-0.000809128
0.000913697
0.000447604
0.00212348
-0.000513574
3.19578e-06
-0.000499351
-0.000544675
-7.33349e-05
-0.000541479
-0.000287027
-0.000360362
0.00070927
2.15207e-05
0.000788738
-0.00157334
0.000143903
-0.00155182
-0.000831274
-0.000687372
0.000640005
-0.000414881
0.00108761
-0.000558301
5.89497e-05
-0.000448971
0.000744601
4.4137e-05
0.000849597
0.000434716
-0.00137308
0.000924106
-0.00090932
0.00199693
-0.00121416
0.000693496
0.000230611
0.000474035
-0.000415085
-0.000660682
0.000119203
-0.000186647
-0.000364029
-0.000244827
0.000949785
-0.000905648
-0.00164174
8.99231e-05
-0.00069196
-0.000718647
-0.000628724
-0.000744786
0.0011795
0.00125214
0.000620253
7.32429e-05
0.000205168
-0.0013243
0.000418648
-0.000144794
0.000261419
0.000990724
0.00049203
0.000197172
0.000294858
0.000270415
-0.000349776
0.000163129
-0.000144608
-0.000253881
-9.07529e-05
-0.000919261
0.000227301
-0.000500613
-0.000649774
-0.000422473
-0.000785761
0.000640967
0.000204962
-0.000250615
0.000106007
1.97997e-05
-0.000727176
0.000226564
-8.62091e-05
-0.000156784
0.000176583
0.000138074
0.000343037
-0.00012636
-2.03531e-05
-0.000442614
-0.000216051
-0.000369994
0.000153943
-6.34175e-05
4.30644e-05
0.000113166
-0.000456203
-1.21615e-05
3.61809e-05
)
;

boundaryField
{
    movingWall
    {
        type            calculated;
        value           uniform 0;
    }
    fixedWalls
    {
        type            calculated;
        value           uniform 0;
    }
    frontAndBack
    {
        type            empty;
        value           nonuniform List<scalar> 0();
    }
    defaultFaces
    {
        type            empty;
        value           nonuniform List<scalar> 0();
    }
}


// ************************************************************************* //
