/*--------------------------------*- C++ -*----------------------------------*\
  =========                 |
  \\      /  F ield         | OpenFOAM: The Open Source CFD Toolbox
   \\    /   O peration     | Website:  https://openfoam.org
    \\  /    A nd           | Version:  8
     \\/     M anipulation  |
\*---------------------------------------------------------------------------*/
FoamFile
{
    version     2.0;
    format      ascii;
    class       volScalarField;
    location    "12000";
    object      nut;
}
// * * * * * * * * * * * * * * * * * * * * * * * * * * * * * * * * * * * * * //

dimensions      [0 2 -1 0 0 0 0];

internalField   nonuniform List<scalar> 
4109
(
0.000666616
0.000661478
0.000658827
0.000666303
0.000669024
0.000677405
0.000672445
0.000677786
0.000675051
0.000657127
0.000666938
0.000678544
0.000668885
0.000671418
0.000676645
0.000677635
0.000665962
0.000673716
0.000679224
0.000675739
0.000660144
0.000678637
0.000673985
0.000678073
0.000673687
0.000668227
0.000656538
0.000672594
0.000677793
0.000681379
0.000677352
0.000677058
0.000665117
0.00067127
0.0006774
0.000682465
0.000673909
0.000667057
0.000667044
0.000670338
0.000667501
0.000662944
0.000674013
0.000681482
0.000678131
0.00148605
0.000802402
0.000677802
0.000677455
0.000661436
0.000673115
0.000677465
0.000676971
0.000672723
0.00067561
0.000661313
0.000661408
0.00067805
0.000676405
0.000669398
0.000675364
0.00196423
0.000684655
0.000680091
0.000679297
0.000695063
0.00123469
0.000678704
0.000673478
0.0006598
0.000671613
0.000678935
0.000689437
0.000677355
0.000679782
0.000673512
0.00067093
0.000666965
0.000648516
0.000674923
0.000679423
0.000679847
0.000675747
0.000668701
0.000728767
0.0007392
0.00152772
0.00193018
0.00194808
0.000684498
0.000685495
0.000680569
0.000680258
0.000680461
0.000655769
0.000945848
0.000676847
0.000660901
0.00069215
0.000686003
0.000682332
0.000686539
0.000692451
0.000684845
0.000673052
0.000676278
0.000674574
0.000666929
0.000656981
0.000678699
0.000653287
0.000680782
0.000680666
0.000677043
0.000670731
0.00209735
0.000825527
0.0009899
0.00126713
0.0019705
0.0020104
0.000670079
0.000687796
0.000689215
0.000682885
0.000682035
0.000681575
0.000677099
0.000939135
0.000634917
0.000665075
0.000692982
0.000689521
0.000694141
0.000692902
0.000681225
0.000689443
0.000676525
0.000673573
0.000670944
0.000659999
0.000677663
0.000681668
0.000681499
0.00068212
0.000678208
0.000671095
0.00175694
0.00102464
0.00194689
0.00131329
0.0020112
0.000803395
0.000690524
0.000688853
0.000683248
0.000682935
0.000682981
0.000681125
0.000664763
0.000819238
0.000642403
0.000694228
0.000690487
0.000696296
0.000694303
0.000695497
0.000696317
0.000680837
0.000679237
0.000677064
0.000671234
0.000655661
0.000680023
0.000674675
0.000683538
0.000683207
0.000678966
0.000673514
0.00118912
0.00227616
0.00121564
0.00194035
0.00199558
0.000751499
0.000685815
0.000686142
0.000684843
0.000682641
0.000684504
0.000668439
0.000861075
0.000646985
0.000688896
0.000689207
0.000697155
0.000692025
0.000697555
0.000700321
0.000691743
0.000685022
0.000679217
0.00067683
0.000673412
0.00066243
0.000682564
0.000676049
0.000684286
0.000684252
0.000681519
0.000673594
0.00116455
0.00214427
0.0019818
0.00117312
0.00202823
0.000747341
0.000685985
0.00068805
0.000685589
0.000671734
0.000857693
0.00063892
0.000689096
0.00069111
0.000692439
0.000692302
0.000695298
0.000700714
0.000698417
0.000702046
0.00068664
0.000682465
0.00067989
0.000674827
0.000659829
0.000685246
0.000672616
0.000685583
0.000685895
0.000682368
0.000683524
0.000676451
0.00109744
0.00216642
0.00120681
0.00196797
0.00201435
0.000729819
0.000688587
0.000688756
0.000679207
0.00085764
0.000657371
0.000692168
0.000691621
0.000694056
0.000695804
0.000695598
0.000695854
0.000701318
0.00070361
0.000696693
0.000693042
0.00068228
0.000678444
0.00066622
0.000683499
0.000688396
0.000674364
0.000687143
0.00068507
0.000676341
0.000685538
0.00218331
0.00104696
0.00198904
0.00118776
0.00204001
0.000724246
0.000782843
0.000674549
0.000681421
0.000851249
0.000659341
0.000692712
0.00068986
0.000694591
0.0006986
0.000699195
0.00069712
0.000698764
0.000704659
0.000703081
0.000707616
0.000698337
0.000692275
0.000662494
0.00068037
0.00067504
0.000684964
0.000685327
0.000692614
0.000674004
0.000690216
0.000679519
0.000687189
0.00101595
0.0021712
0.00196082
0.00114724
0.0020151
0.000713288
0.000754227
0.000791965
0.000796536
0.000776138
0.000781047
0.000789428
0.000934108
0.000660481
0.000632033
0.000675281
0.000662217
0.000688264
0.000694412
0.000701226
0.000696716
0.000699048
0.000710218
0.000699522
0.000705478
0.000710252
0.000707384
0.000699009
0.000706458
0.000701032
0.000673306
0.000677396
0.000686289
0.000688452
0.000679286
0.000694702
0.000677228
0.000691019
0.000689165
0.000986211
0.00223345
0.00196218
0.000704563
0.000781649
0.000845627
0.000776562
0.000788894
0.000787184
0.000805403
0.000707786
0.000723056
0.000731182
0.000762507
0.000766352
0.000739405
0.000774973
0.000783626
0.00147093
0.000616252
0.000602372
0.000642282
0.000694464
0.000712885
0.000697951
0.000699962
0.000702224
0.000700739
0.000709239
0.000702444
0.000709218
0.000715881
0.00071441
0.000708488
0.000719718
0.000730565
0.000729091
0.000666376
0.000682993
0.000689836
0.000688672
0.000682666
0.000690363
0.000696159
0.000674248
0.000694434
0.000954661
0.00236984
0.000812917
0.000817778
0.000783554
0.000782797
0.000801207
0.000722358
0.000710015
0.000739573
0.00072885
0.00073474
0.000743961
0.000750938
0.00078008
0.000773021
0.000771031
0.00251376
0.00108275
0.000550053
0.000617109
0.000685146
0.000713753
0.000713381
0.000700484
0.00070415
0.000700361
0.000702778
0.00070872
0.000703469
0.000718359
0.000718383
0.000723985
0.000723503
0.000728303
0.000726314
0.000678459
0.000685222
0.000693821
0.000693995
0.000691274
0.000682441
0.000692461
0.000696406
0.000699832
0.000700014
0.000676458
0.000981812
0.000792404
0.000845205
0.000813598
0.000783767
0.000789003
0.000800714
0.000729181
0.000719264
0.000725845
0.00073684
0.000740067
0.000740451
0.000729982
0.000732529
0.000734725
0.000755152
0.000775065
0.000770398
0.000767088
0.00240622
0.00188736
0.000629137
0.000630127
0.000682803
0.000713236
0.00071153
0.000699839
0.000703768
0.000705576
0.000704536
0.000706444
0.000716621
0.000717352
0.00072241
0.000722517
0.000722847
0.000726498
0.000672548
0.000695166
0.000691414
0.000696603
0.000697503
0.000685975
0.000685734
0.000693737
0.000697294
0.000689701
0.00150552
0.00177869
0.000703734
0.000651906
0.000816201
0.0008158
0.000834058
0.000843411
0.000818474
0.000779392
0.000787528
0.000804595
0.000732341
0.000729804
0.000734656
0.00074018
0.000749291
0.000738791
0.000754095
0.000735516
0.0007412
0.000764273
0.000759209
0.000770821
0.000774489
0.00278681
0.00217914
0.00237005
0.000591538
0.000604175
0.000676028
0.000707724
0.000710786
0.00070338
0.000708575
0.000705659
0.000706809
0.000712341
0.000715506
0.000717361
0.000720665
0.000723511
0.000728441
0.000729592
0.000686518
0.000689663
0.000704262
0.000697061
0.000696095
0.000696619
0.000699743
0.000705148
0.000689766
0.000692918
0.000650504
0.000609056
0.000833277
0.000811154
0.000822821
0.000772177
0.000753121
0.000853262
0.000810039
0.000783689
0.000786126
0.000799478
0.000735317
0.000733734
0.000732547
0.000762816
0.00074474
0.000749484
0.000739535
0.000741817
0.000760119
0.000755395
0.000767055
0.000773012
0.000721471
0.00284937
0.00248755
0.00250257
0.000636242
0.00060037
0.000674826
0.000708724
0.000711171
0.000707928
0.000700745
0.00070974
0.000713253
0.000715882
0.000718168
0.000720999
0.000724378
0.000726665
0.000730681
0.000732651
0.000677462
0.000699524
0.000701349
0.000702179
0.000701214
0.000703283
0.000702603
0.000701552
0.000690972
0.000698243
0.000698535
0.000682281
0.000833755
0.000762114
0.000775929
0.000825512
0.000768338
0.000858778
0.000806155
0.000785537
0.000791953
0.000800142
0.000808147
0.000738785
0.000736168
0.000736588
0.000732745
0.000742884
0.000752132
0.000748784
0.000759373
0.000764204
0.00077204
0.000772974
0.000699617
0.00290511
0.00257996
0.0026477
0.000610634
0.00058949
0.000668019
0.000714166
0.000709995
0.000712522
0.00070761
0.000714458
0.000718745
0.000723483
0.000719201
0.000724656
0.000729711
0.000729242
0.000734195
0.000737177
0.000690587
0.0006943
0.000709379
0.00070781
0.000704253
0.000705805
0.000709927
0.000693733
0.000695739
0.000699235
0.000655064
0.00082534
0.000807001
0.000754352
0.000745641
0.000768304
0.000808853
0.000760515
0.000818821
0.00084857
0.000783231
0.000794061
0.00079613
0.000809212
0.000741998
0.000737883
0.0007391
0.000738969
0.000738732
0.00074731
0.000747499
0.000745284
0.000756144
0.000765072
0.000775426
0.00077977
0.000796834
0.00293683
0.00277176
0.00267153
0.000640328
0.000581631
0.000682367
0.00071571
0.000712705
0.000705245
0.000715773
0.000719126
0.000722539
0.000720526
0.000726677
0.000731713
0.000734373
0.000735658
0.000738367
0.000685476
0.000706242
0.000708059
0.000694951
0.000708173
0.000706523
0.000708097
0.000704475
0.000699423
0.000700355
0.000650089
0.000845329
0.000821365
0.000823159
0.000792267
0.000736472
0.000737744
0.000751785
0.000773107
0.000801711
0.000773511
0.000735647
0.000829516
0.000837311
0.000849638
0.000782745
0.000796472
0.000798009
0.000798372
0.000743636
0.000740385
0.000737116
0.000738385
0.000747728
0.000753438
0.000746811
0.000783374
0.000761238
0.000761567
0.000773242
0.000720881
0.0029808
0.00287771
0.00282505
0.000682837
0.000615416
0.000594932
0.000721139
0.000712269
0.000722619
0.000718705
0.000725864
0.000726004
0.000723094
0.000732462
0.000734353
0.000735743
0.000700274
0.000704206
0.00071307
0.000697667
0.000700476
0.000712301
0.000707509
0.000709266
0.000715088
0.000700201
0.000645299
0.000694303
0.000705103
0.000824769
0.000810524
0.000811036
0.00078288
0.000733993
0.00075163
0.000771076
0.000765716
0.000792585
0.000723135
0.00072049
0.000719677
0.000711725
0.000703351
0.000833502
0.000814181
0.000830033
0.000815876
0.000786427
0.000785195
0.000787096
0.000784132
0.000745601
0.000741333
0.000743365
0.000755038
0.00075122
0.000749794
0.00074309
0.000772467
0.000772577
0.00076588
0.000769388
0.000861846
0.00308058
0.0030178
0.00266101
0.000601679
0.000591644
0.000716406
0.000668612
0.000733367
0.000721327
0.000730999
0.000734058
0.000737597
0.000699793
0.000716519
0.000699384
0.000702584
0.000708991
0.000713352
0.000710726
0.000712196
0.000647394
0.000700358
0.000704605
0.000705744
0.000704582
0.000810358
0.000803001
0.000801587
0.000773699
0.000731446
0.000758601
0.000788226
0.000758369
0.000739198
0.000722786
0.000722326
0.000714225
0.000711871
0.000701136
0.000712633
0.000819152
0.000851431
0.000813152
0.000820597
0.000772634
0.000775945
0.000779165
0.000764174
0.000744145
0.000743613
0.00075278
0.000747537
0.000753147
0.000748821
0.000747915
0.000773077
0.000774199
0.000764009
0.000600602
0.00301795
0.00303526
0.00271874
0.00058366
0.000579259
0.000739744
0.00103265
0.000729064
0.000734094
0.000737346
0.000726354
0.000701943
0.000705363
0.000719139
0.000713343
0.000717109
0.000710644
0.000668267
0.00070953
0.000715242
0.000722546
0.000798206
0.000800707
0.000795473
0.000791689
0.000765053
0.00076085
0.000779182
0.000751578
0.000743675
0.000753169
0.000736905
0.000726932
0.000734466
0.000729807
0.00072856
0.000729323
0.000780501
0.00080262
0.000785539
0.000810352
0.000764549
0.00076335
0.000772525
0.000767059
0.000786337
0.0007447
0.000759009
0.000754338
0.000753462
0.000751401
0.000747543
0.000761087
0.000763733
0.000762832
0.00065193
0.00316603
0.00311462
0.00308779
0.000521639
0.000730966
0.000624427
0.00073728
0.00073959
0.000704123
0.000706802
0.000713763
0.000716704
0.000718306
0.000715131
0.000681438
0.000709608
0.000731107
0.000706683
0.000796965
0.000794569
0.000788689
0.000778046
0.000756886
0.000774881
0.000746095
0.000767532
0.000764999
0.00075651
0.000736836
0.00074097
0.000751557
0.000743503
0.000747355
0.000811957
0.000786016
0.000803334
0.000757013
0.000755443
0.000762665
0.000778092
0.000778295
0.000754647
0.000751564
0.000747879
0.000756304
0.000753959
0.000752845
0.000541405
0.00315387
0.00451604
0.000983048
0.000747223
0.000624684
0.000742947
0.000710469
0.000723583
0.000717953
0.000724024
0.000714952
0.000687628
0.000709299
0.000711613
0.000785508
0.000782357
0.000777861
0.000770986
0.000751427
0.000740671
0.000736378
0.000731843
0.000728246
0.000711949
0.000714869
0.000724374
0.000717777
0.00072109
0.000778716
0.000794243
0.000788784
0.00075298
0.000759067
0.000774433
0.000752274
0.000774514
0.000752666
0.000748301
0.000751739
0.000750803
0.000752074
0.00075612
0.0054306
0.00515266
0.00141669
0.000765406
0.000573618
0.000718993
0.000721465
0.000716414
0.000720208
0.000692798
0.000715807
0.000728339
0.00078169
0.000784
0.000769992
0.000762461
0.000745371
0.000741587
0.000736439
0.000733801
0.000716941
0.000721389
0.000729071
0.000722717
0.0007273
0.000768414
0.000776976
0.000780054
0.000761135
0.000763822
0.000753083
0.000769159
0.000747993
0.000747101
0.000746549
0.000749368
0.00112688
0.000978802
0.00628483
0.00682709
0.00239526
0.0012281
0.000722932
0.000720012
0.000727583
0.000725512
0.000632005
0.000724663
0.0007265
0.000766125
0.000767332
0.000764501
0.000760206
0.000752361
0.000751606
0.000743994
0.000733394
0.000730727
0.000744563
0.000738681
0.000737047
0.000768886
0.000764093
0.000769744
0.000759114
0.000750436
0.000753619
0.000760967
0.000871421
0.000966726
0.00155482
0.00833072
0.00824013
0.00135782
0.00103475
0.00190881
0.000724319
0.000722461
0.000726675
0.000734798
0.000564125
0.000728245
0.000724397
0.000769562
0.000767398
0.000759356
0.000754433
0.000749872
0.000746371
0.000731887
0.000733979
0.000742773
0.000739921
0.00073696
0.000766272
0.000765846
0.000757014
0.000754799
0.000754961
0.000758227
0.000575865
0.000754586
0.000793219
0.00245488
0.00119628
0.00083636
0.00188701
0.00179728
0.000728773
0.000725072
0.000749372
0.000535757
0.000730772
0.000726192
0.000755613
0.000757067
0.000754632
0.000749544
0.000747144
0.000729115
0.000736721
0.000742528
0.000741542
0.000736525
0.000765151
0.000762563
0.000749428
0.000763755
0.000750748
0.000752232
0.000473337
0.000481707
0.00062546
0.000612702
0.000561977
0.00184239
0.000996403
0.00063874
0.0016192
0.00166807
0.000729452
0.000736942
0.000767616
0.000732456
0.00073186
0.000731435
0.000756101
0.000749955
0.000748685
0.000743728
0.000737029
0.00073288
0.000743406
0.000739524
0.000737736
0.000760134
0.000748734
0.000759779
0.000747326
0.000747856
0.000374425
0.000387195
0.000487781
0.000432049
0.0016364
0.00040678
0.00191219
0.00153342
0.000776429
0.000447345
0.00133286
0.00152395
0.000725577
0.000745404
0.000731099
0.000733566
0.000735263
0.000750786
0.000749785
0.000749187
0.000745053
0.000737961
0.000737579
0.000743932
0.000740868
0.00073996
0.000755115
0.000745845
0.000742825
0.00138679
0.000287851
0.00029447
0.000346588
0.000258401
0.00141385
0.000280417
0.00197265
0.0015988
0.00122107
0.00055074
0.000267535
0.00103025
0.00136444
0.000739033
0.000729003
0.000735005
0.000731127
0.000740009
0.00074234
0.000745441
0.000743545
0.000736378
0.000737003
0.000743295
0.000740238
0.000740402
0.00141062
0.00115373
0.000214164
0.000204414
0.000207644
0.000103105
0.00116626
0.000183706
0.00202846
0.00164688
0.00128532
0.000922162
0.000332111
0.000108732
0.000728015
0.00118287
0.00162025
0.00114869
0.000939193
0.000150821
0.000119979
8.13917e-05
7.25067e-06
0.000908416
0.000109494
0.00223964
0.00169705
0.00132348
0.000980232
0.000643965
0.00013863
8.724e-06
0.000443208
0.000977907
0.00189981
0.00129674
0.000928293
0.000734214
9.26517e-05
4.46857e-05
4.63528e-06
0.000653176
5.75092e-05
0.00125562
0.00194712
0.00136945
0.00100912
0.000691612
0.000392995
1.45482e-05
0.000197865
0.00257228
0.00147372
0.00102269
0.000727904
0.000534204
3.76547e-05
1.52172e-06
0.000408091
3.12036e-05
0.00113315
0.000963904
0.00160768
0.00105073
0.00071223
0.000426943
0.000178144
3.38008e-05
0.00425436
0.00197171
0.00111923
0.00079881
0.000539307
0.000341555
1.08617e-06
0.000186907
0.00141733
0.000947355
0.000716816
0.00124653
0.000746611
0.000440596
0.000196644
2.72827e-05
0.0043825
0.00366624
0.00146685
0.000820736
0.000600018
0.000357294
0.00016236
2.62925e-05
0.00183978
0.00121073
0.000772485
0.00050745
0.000886775
0.000465275
0.00020483
3.2106e-05
0.00546736
0.00366281
0.0030069
0.00104945
0.0005795
0.000414125
0.000181679
2.42783e-05
0.00217779
0.00146715
0.00100062
0.000604807
0.000331551
0.000550663
0.000218716
3.50752e-05
0.00451808
0.00470143
0.00292824
0.00234616
0.000710023
0.000394289
0.000229548
3.47002e-05
0.00236271
0.00172919
0.00112089
0.0007853
0.000441625
0.000188065
0.000260346
3.95365e-05
0.00400227
0.00376562
0.00389143
0.00221431
0.00173558
0.000415363
0.000242324
6.24923e-05
0.00238555
0.00187164
0.00131702
0.000808095
0.000560756
0.000285401
7.85089e-05
5.334e-05
0.00381955
0.00336765
0.00301139
0.00309147
0.00156809
0.0011933
0.000209165
8.85812e-05
0.00222803
0.00189042
0.00142247
0.000947995
0.000533775
0.000326935
0.000130691
1.523e-05
0.00377054
0.00320483
0.00270125
0.00225714
0.00233391
0.00101267
0.000647842
8.02199e-05
0.00186879
0.00177233
0.00143752
0.00102198
0.000626272
0.000301662
0.000124391
1.38365e-05
0.00394443
0.00316287
0.00257005
0.00204895
0.00154842
0.00163992
0.000552266
0.00014124
0.00142724
0.0014903
0.00135217
0.0010335
0.000674069
0.000354755
0.000117221
9.39178e-06
0.00437241
0.00329205
0.00253511
0.00195195
0.0014371
0.000928335
0.00096016
0.000214798
0.00109243
0.00121606
0.00113908
0.000975067
0.00068227
0.000381291
0.000139651
9.39168e-06
0.00524913
0.00364453
0.0026284
0.00192442
0.00137224
0.000889811
0.000449187
0.000258507
0.00125117
0.000913536
0.00100252
0.000821996
0.000645279
0.000386396
0.00015051
1.31747e-05
0.00408202
0.00451467
0.00291761
0.00198672
0.00135189
0.000852493
0.000435687
0.000143432
0.00220885
0.000961762
0.000746226
0.000784757
0.000543532
0.000366303
0.000152871
1.51714e-05
0.00401423
0.00330663
0.00368382
0.00220819
0.001388
0.000838485
0.000418868
0.000125046
0.00202484
0.00191168
0.000713018
0.000585213
0.000558064
0.000307665
0.000144939
1.56565e-05
0.00253858
0.00337284
0.00253462
0.0028158
0.00155743
0.00085181
0.000410402
0.000120183
0.00194533
0.0016896
0.00157259
0.000503556
0.000427467
0.000324366
0.00012024
1.4246e-05
0.00192686
0.00189779
0.00260643
0.00181617
0.00196163
0.000992288
0.000409208
0.000115767
0.00187622
0.00161792
0.00135862
0.00121486
0.000328603
0.000275851
0.000123384
1.00567e-05
0.00169456
0.00150121
0.00133092
0.00179477
0.00120812
0.00115621
0.000520654
0.00011139
0.00181155
0.00156265
0.0012953
0.00103895
0.000861608
0.000186274
0.000125365
9.38442e-06
0.00141581
0.0013622
0.0011467
0.000864921
0.00105808
0.000697001
0.000393838
0.000163262
0.00191324
0.00186854
0.00150149
0.0012516
0.000984457
0.000736043
0.000533203
7.70941e-05
1.26006e-05
0.00139071
0.00115047
0.00106991
0.000853011
0.000508452
0.000478564
0.000304113
3.52873e-05
0.00137
0.00179333
0.001597
0.00119072
0.000951513
0.000692412
0.000457021
0.000249949
1.39573e-05
0.00161505
0.00115643
0.000928489
0.000821075
0.000606953
0.000267028
0.000146801
8.94951e-05
0.000566008
0.00120785
0.00119356
0.00165772
0.00131042
0.00089619
0.000669287
0.000426023
0.000213197
4.94574e-05
0.00140778
0.000941368
0.000731135
0.000605508
0.000410671
0.00013731
4.02183e-05
0.000408346
0.000501497
0.00116317
0.00101652
0.000985525
0.00150878
0.00100959
0.000624267
0.000411383
0.000196405
3.72602e-05
0.00063049
0.000940863
0.00116918
0.000736472
0.000544531
0.000409702
0.00025238
9.46001e-05
0.000280033
0.0003997
0.000994821
0.000819441
0.000762981
0.00134487
0.000710675
0.000380245
0.000188081
3.21265e-05
0.000523448
0.000815862
0.000914597
0.000536481
0.000361141
0.000227112
9.6658e-05
0.000183527
0.000308873
0.000814218
0.0006235
0.00053758
0.00116069
0.000430385
0.000171693
2.93572e-05
0.000418942
0.000677288
0.00065987
0.000343273
0.000183977
6.45687e-05
0.000109869
0.000231157
0.000627607
0.000434797
0.000321834
0.000953841
0.000189813
2.53529e-05
0.000317669
0.000528766
0.000413456
0.0001635
3.60939e-05
5.9554e-05
0.00016399
0.000441702
0.000258551
0.000132427
3.08783e-05
0.000220476
0.00037642
0.000190283
2.4726e-05
3.22526e-05
0.00010161
0.000263592
0.000103701
1.30156e-05
0.000130235
0.000226766
2.73933e-05
4.19052e-05
0.000105293
7.69064e-06
4.95958e-05
9.05237e-05
1.35769e-06
7.52672e-06
1.9694e-06
5.85681e-06
0.000739591
0.000739072
0.000740658
0.000740888
0.000741781
0.000740983
0.000741166
0.000742211
0.000740029
0.000738889
0.000740171
0.000740623
0.000741443
0.000741376
0.000742005
0.000744873
0.000758719
0.000764139
0.000768504
0.000778215
0.000782043
0.000743996
0.000747459
0.000741978
0.000743734
0.000742485
0.000740647
0.000742166
0.000743603
0.000741021
0.000794456
0.000798726
0.000740014
0.000740077
0.000740978
0.000741195
0.000742318
0.000742136
0.000745565
0.000748122
0.000751273
0.000753326
0.000756778
0.000764307
0.00077131
0.000775854
0.000789555
0.000794045
0.000819113
0.000820985
0.000750106
0.000753161
0.000755797
0.000759573
0.000764062
0.000771583
0.000780752
0.000743756
0.000747903
0.000741693
0.000742639
0.000742633
0.000740872
0.000743438
0.00074462
0.00074238
0.00077828
0.000786256
0.00084016
0.000849166
0.000808767
0.000808787
0.000833424
0.000739869
0.000740627
0.000741234
0.000742453
0.000743899
0.000745479
0.000749499
0.000751011
0.000757978
0.00075992
0.000764647
0.000771334
0.000789229
0.00079322
0.000807256
0.000809422
0.000831221
0.000833951
0.00085985
0.000868968
0.000905801
0.000898914
0.000922293
0.00074704
0.000751964
0.000753488
0.000758206
0.000763776
0.000743761
0.000746851
0.000741634
0.000741949
0.000743588
0.000741539
0.000744497
0.000744468
0.000744746
0.000763733
0.000780055
0.000780914
0.000803416
0.000811484
0.000905513
0.000853329
0.000892136
0.000835822
0.000850528
0.000742851
0.000743122
0.000745354
0.000746148
0.000750059
0.00075062
0.000757481
0.000756022
0.000766403
0.000762557
0.000776518
0.000780387
0.000813118
0.000813376
0.000835389
0.000838043
0.000857086
0.000865903
0.000885518
0.000896276
0.000949566
0.000951089
0.000998672
0.00101783
0.000981752
0.00102437
0.00103059
0.00122729
0.000746523
0.000751759
0.000753082
0.000756977
0.00074594
0.000745379
0.000743834
0.000746527
0.000742157
0.00074197
0.000744434
0.00074375
0.000741996
0.000746275
0.000745149
0.000760929
0.000772007
0.000780402
0.00152674
0.00135035
0.00150116
0.000800549
0.000803178
0.000830933
0.000844968
0.000906558
0.000919034
0.00106577
0.000971405
0.000861845
0.000909935
0.000750714
0.000748285
0.000754636
0.000751169
0.000759754
0.000754982
0.000764578
0.000760489
0.000764732
0.000770237
0.000781261
0.000783769
0.000793554
0.000818849
0.000847506
0.00082211
0.000849882
0.000969858
0.000970167
0.0009636
0.00103015
0.00202974
0.00209286
0.00175493
0.00117892
0.00117957
0.00129766
0.00124772
0.00124974
0.00137527
0.00138793
0.0018686
0.00156398
0.00355234
0.00332336
0.00339976
0.00210652
0.0029966
0.00280588
0.00246314
0.00212333
0.000746575
0.000750836
0.000750457
0.000755438
0.000744147
0.000743567
0.000743951
0.00074566
0.000742593
0.000742567
0.00074217
0.000746427
0.000745441
0.00074428
0.000743668
0.00076033
0.0007738
0.00080308
0.000781657
0.000798216
0.00366331
0.00367501
0.00284481
0.00272692
0.00214533
0.00111791
0.00137187
0.00156539
0.00192669
0.000837715
0.000839642
0.000848603
0.000847633
0.000892095
0.000903284
0.000992556
0.00097658
0.00105772
0.00363319
0.00342514
0.00126153
0.0032823
0.00288479
0.00263644
0.00148377
0.00179034
0.00189199
0.00263081
0.000779975
0.000767251
0.000783646
0.000769981
0.000786307
0.000775407
0.000789945
0.000790171
0.000797875
0.000795248
0.000810156
0.00080982
0.000848871
0.000876002
0.000928663
0.000901136
0.00114121
0.0013309
0.0010993
0.00173941
0.001427
0.00132732
0.00163
0.00146112
0.00143786
0.0025255
0.00304971
0.0035034
0.00304467
0.00268187
0.00228391
0.00180513
0.00166997
0.00184418
0.00200591
0.00260002
0.00190747
0.0020421
0.00348522
0.00355025
0.00361267
0.0036996
0.00357014
0.00340359
0.00329261
0.00330278
0.00138582
0.00136696
0.00284754
0.0029717
0.00153378
0.00160434
0.00191166
0.00254641
0.00207318
0.0024097
0.000746573
0.000749737
0.000749113
0.000758533
0.000743209
0.000742991
0.000742975
0.000743889
0.000745189
0.000746443
0.000745197
0.000744522
0.000743515
0.000743389
0.000743107
0.000758589
0.000774293
0.000776385
0.000795142
0.000799476
0.00082547
0.000794017
0.00349754
0.00374819
0.00338299
0.00371048
0.00365115
0.00274236
0.00332374
0.00262517
0.0021512
0.000836004
0.00192229
0.00117774
0.00175568
0.00134531
0.000885644
0.00087816
0.000897909
0.000889593
0.000922345
0.000911308
0.00103455
0.00102893
0.00117582
0.00369722
0.00339303
0.00375762
0.00113348
0.0012053
0.000952192
0.00323833
0.00280058
0.00265902
0.00180206
0.00114184
0.00157842
0.0006214
0.000826892
0.00386784
0.00129124
0.000685056
0.000842578
0.000776764
0.000875808
0.000862393
0.00090383
0.000942147
0.000879116
0.000869587
0.00094543
0.000951605
0.00114595
0.00121726
0.00170997
0.00132715
0.00174793
0.001347
0.00131202
0.00176813
0.00148355
0.00160871
0.00186888
0.00223717
0.00184399
0.00156196
0.00203075
0.00181004
0.00215273
0.00203315
0.00274155
0.00314705
0.00354107
0.00335287
0.00294871
0.0024695
0.00247842
0.00227117
0.00280566
0.00231871
0.00251964
0.00360738
0.00349885
0.00368533
0.00355586
0.00362716
0.00333176
0.00339069
0.00287826
0.00312549
0.00303481
0.001461
0.00162586
0.00247899
0.00263928
0.00227154
0.00215569
0.0019618
0.000757596
0.000746428
0.000748858
0.00074862
0.000743111
0.00074374
0.000744834
0.000759419
0.000745965
0.000744883
0.000744501
0.000743737
0.000743854
0.000743355
0.000743827
0.000743903
0.000746843
0.000745109
0.000744494
0.000748485
0.000748035
0.000750366
0.000772414
0.000773726
0.00077639
0.000785599
0.000839517
0.000810838
0.000810102
0.000797428
0.00381321
0.00380613
0.00354006
0.00244697
0.00335221
0.0028407
0.000868266
0.000906852
0.000927216
0.00241481
0.00141277
0.00227024
0.00154938
0.000948083
0.000927522
0.00100578
0.000987574
0.00116284
0.00116725
0.00133819
0.00376742
0.00378176
0.00357353
0.00387899
0.00392619
0.0033953
0.000839739
0.000904352
0.000674228
0.00294009
0.0027122
0.00207927
0.00150876
0.000864595
0.00910867
0.0082108
0.00217173
0.000903199
0.00742697
0.00528214
0.00139119
0.000908035
0.00114833
0.000910209
0.00107616
0.000993508
0.00112838
0.00127175
0.00124618
0.001769
0.00181355
0.00151271
0.00223676
0.00173145
0.00194803
0.00250706
0.00247218
0.00270185
0.00222154
0.00239222
0.00258344
0.00287075
0.00222866
0.00242741
0.00264756
0.002347
0.00273331
0.00243582
0.00348794
0.00319325
0.00339284
0.00330578
0.00307407
0.00305391
0.00318725
0.00305996
0.00297733
0.0036527
0.00349429
0.00341756
0.00352638
0.00349072
0.00302819
0.00328113
0.00257322
0.00277351
0.00215378
0.00228759
0.000756057
0.000753083
0.000749773
0.000756919
0.000744127
0.00074602
0.000747584
0.00075508
0.000761094
0.000745236
0.000744222
0.000744298
0.000743614
0.000744015
0.00074363
0.000744637
0.000744822
0.000748051
0.000742031
0.000747165
0.000748481
0.000751012
0.000752563
0.000771212
0.00077429
0.000786479
0.000794573
0.00086563
0.000842283
0.000835556
0.000815445
0.00317631
0.0033088
0.00384381
0.000924338
0.000943851
0.000946095
0.00103118
0.000985047
0.0023356
0.00297726
0.00165241
0.00209802
0.00137696
0.0012885
0.00167168
0.00169774
0.00150421
0.00370276
0.00391712
0.00394161
0.00374375
0.00374706
0.00351758
0.00303314
0.00276495
0.000615798
0.000704658
0.00239472
0.00188383
0.00145957
0.000788087
0.00915462
0.0103079
0.00382693
0.00830536
0.0101741
0.00984357
0.00550962
0.00340411
0.00942717
0.00895596
0.00456662
0.00252718
0.00352427
0.00204443
0.00294028
0.00185644
0.00253132
0.00252419
0.00203441
0.00299205
0.00261641
0.00261893
0.00252059
0.00265117
0.00315546
0.00306926
0.00311589
0.00334483
0.00306557
0.00279508
0.00324009
0.00342033
0.00288904
0.00317173
0.00338491
0.00308291
0.0033854
0.0036107
0.00345824
0.00359905
0.00346832
0.00357052
0.00344456
0.00345073
0.00347562
0.0035506
0.00354214
0.00315441
0.00337495
0.00269573
0.00284737
0.00216571
0.00232798
0.000759238
0.000756839
0.000756165
0.000753956
0.000749401
0.000749902
0.000753671
0.000758972
0.00076592
0.000746977
0.000741821
0.000746821
0.000742317
0.000748183
0.0007448
0.000750849
0.000746208
0.000747584
0.000749212
0.000750673
0.000752761
0.000754039
0.000776027
0.000776619
0.000787506
0.000814753
0.000803089
0.000780658
0.000911481
0.000872132
0.000876082
0.000845995
0.000950303
0.00383041
0.00337852
0.000983585
0.000929982
0.00121285
0.00111285
0.00181151
0.00214544
0.00219789
0.00211046
0.00305142
0.00258106
0.00229521
0.00248754
0.0023443
0.00394878
0.00414362
0.00377859
0.00396793
0.00324262
0.00293797
0.00237946
0.00219347
0.00189152
0.00179621
0.000607209
0.00134781
0.00767527
0.00987822
0.00229512
0.00576197
0.00967002
0.0106804
0.00857525
0.00738802
0.01071
0.0102591
0.00694951
0.00582204
0.00571914
0.00380059
0.00439575
0.0035157
0.00316357
0.00331513
0.00416146
0.00345203
0.00393345
0.00334436
0.00360616
0.00363615
0.00388186
0.00378896
0.00375857
0.00362683
0.00356756
0.00335309
0.00366437
0.00381466
0.00345283
0.00361699
0.00372674
0.00359441
0.00370672
0.00358722
0.00354873
0.0035518
0.00364221
0.00363202
0.00361937
0.00326298
0.00342257
0.00276569
0.00293821
0.0022234
0.00239947
0.000787916
0.000665058
0.000759282
0.000760242
0.000759201
0.00075762
0.000756802
0.000754808
0.000757001
0.000757615
0.000763003
0.000763731
0.000780407
0.000747335
0.000746667
0.000748153
0.000748485
0.000751946
0.000749102
0.000749958
0.000751785
0.000753126
0.000753997
0.000755737
0.00077561
0.000799851
0.000803146
0.000849495
0.000792881
0.000800831
0.000950148
0.000897352
0.000906369
0.000850575
0.00101089
0.00115534
0.000904848
0.00389871
0.00373926
0.00190252
0.00168049
0.00239485
0.00347567
0.00316602
0.00282706
0.00308532
0.00340446
0.00363744
0.00305791
0.00384883
0.00446935
0.00305742
0.00354722
0.0025545
0.0022556
0.00181901
0.00167012
0.000595381
0.000906059
0.00597478
0.00920826
0.00156026
0.00343671
0.00873013
0.0103384
0.00975914
0.00878857
0.00961961
0.0102193
0.00720594
0.00850389
0.00785529
0.00651282
0.00567742
0.00561721
0.00492398
0.00393436
0.00409667
0.00509726
0.00443068
0.00397854
0.00418038
0.00376577
0.00384232
0.00411741
0.00397755
0.00382275
0.00391651
0.00364269
0.00367354
0.00378619
0.00360526
0.00375766
0.00362103
0.00368035
0.00352102
0.00356956
0.00352844
0.00344883
0.00330528
0.00350127
0.00342451
0.00287472
0.0030481
0.00229645
0.00250623
0.000761165
0.000779301
0.00080643
0.000699465
0.000758862
0.000756994
0.000757587
0.000758819
0.000758648
0.000758481
0.000757316
0.000758368
0.000755017
0.000757556
0.000772341
0.000764269
0.000759193
0.000760981
0.000750716
0.000751912
0.000752999
0.000753151
0.000753996
0.000755658
0.000756895
0.000757977
0.000758133
0.000779187
0.000794412
0.000812447
0.00083892
0.000849099
0.000819948
0.000947954
0.00103295
0.000887975
0.000955631
0.00109398
0.00130346
0.00126931
0.00146765
0.00181224
0.00358271
0.00404861
0.0048202
0.00298452
0.004046
0.0037786
0.00398701
0.00430399
0.00425139
0.00466003
0.00351857
0.00398999
0.00284645
0.00242278
0.00196729
0.00171871
0.000655267
0.000719564
0.00447853
0.00770174
0.00114021
0.00231229
0.00720621
0.00889901
0.00990113
0.00940983
0.00848261
0.00940281
0.00774627
0.00822369
0.0092824
0.00869498
0.00570106
0.00729388
0.00672487
0.00648589
0.0059691
0.00444672
0.00476767
0.00534326
0.00509943
0.00431363
0.00447402
0.00422598
0.00352733
0.00369966
0.00373118
0.00386816
0.00397252
0.00312532
0.00303741
0.00333896
0.00355154
0.00355437
0.00316188
0.00328605
0.00333975
0.00332593
0.00309973
0.00318271
0.00294037
0.00312372
0.00308177
0.00237858
0.00257557
0.00074526
0.000756159
0.000765112
0.000787406
0.000808785
0.000718147
0.000756971
0.000755319
0.000756722
0.000757822
0.000760087
0.000759756
0.000761004
0.000758397
0.00074988
0.000753629
0.000753326
0.000756415
0.000746195
0.000747146
0.000743664
0.000743829
0.000783182
0.000764595
0.000757844
0.000762975
0.000756989
0.000762198
0.000761738
0.000759716
0.000759938
0.000759754
0.000766006
0.000764348
0.000767304
0.000796812
0.000825001
0.000806207
0.000844027
0.000879766
0.00087388
0.000906609
0.0010239
0.00110628
0.000959387
0.00102521
0.00121364
0.00141313
0.00270219
0.00306748
0.00223442
0.00348041
0.00398869
0.00439195
0.00391274
0.00469312
0.00484749
0.00564058
0.0051132
0.00450888
0.00533788
0.00336856
0.00278634
0.00229584
0.00195122
0.000721733
0.000703746
0.00337512
0.00549597
0.000936519
0.00182619
0.00554378
0.00801479
0.0091574
0.00937025
0.00762895
0.00854309
0.0080355
0.00862128
0.00913523
0.00889861
0.00576398
0.00622005
0.00796426
0.00671195
0.0074738
0.00707727
0.00550433
0.00481759
0.00496283
0.00443423
0.00478605
0.00398792
0.00440225
0.00304038
0.00341192
0.00346694
0.00373944
0.0027373
0.00232265
0.00238591
0.00232621
0.00268459
0.0030191
0.00303215
0.00256851
0.00265099
0.00264631
0.00255634
0.00231879
0.00271545
0.000747048
0.000737652
0.000745647
0.000748954
0.000760421
0.000772581
0.000790647
0.00081428
0.000735615
0.000737845
0.000734003
0.000737058
0.000733561
0.000735796
0.000742158
0.000740941
0.000741196
0.00074014
0.000741643
0.000739805
0.000742133
0.000739411
0.000735722
0.000736498
0.000739021
0.000737508
0.000741132
0.000738745
0.000738953
0.000756259
0.000754543
0.000756584
0.000757626
0.000762029
0.000763996
0.000758665
0.00074902
0.000753136
0.00075308
0.000755969
0.000745694
0.000748171
0.000743076
0.000744611
0.00076769
0.000769416
0.000776872
0.000768209
0.000769234
0.000770936
0.000770215
0.000769005
0.000771968
0.000775432
0.0007739
0.00077602
0.000771826
0.000783674
0.000810264
0.000791881
0.00085439
0.000828121
0.000876692
0.000929656
0.000920826
0.000973302
0.00117109
0.00126459
0.00105191
0.00118367
0.00170606
0.00266833
0.00550903
0.00510178
0.00484128
0.00449439
0.00501499
0.00534849
0.00571883
0.00355142
0.00428619
0.00551974
0.00430712
0.00540127
0.00286015
0.00236872
0.000817604
0.000701089
0.00462341
0.00259322
0.00350254
0.00084241
0.00146188
0.00611747
0.00714393
0.00822553
0.00868341
0.00662343
0.00740419
0.00618876
0.00859543
0.00839531
0.00870218
0.00593616
0.00660816
0.00818701
0.0076712
0.00695367
0.0074609
0.00563994
0.00512537
0.0046381
0.00506707
0.00398307
0.00441018
0.00290572
0.00371434
0.00329868
0.0029071
0.00220937
0.00250859
0.0018689
0.0017893
0.00214468
0.00212216
0.00172063
0.00167538
0.00162729
0.00080185
0.000796036
0.000821201
0.000740619
0.000749512
0.000755981
0.000767675
0.000781031
0.000738918
0.000742921
0.000737085
0.000738799
0.000733595
0.000737671
0.000740807
0.000741782
0.000738011
0.00074023
0.000735405
0.000739315
0.000731581
0.000737681
0.000732224
0.000736535
0.000731075
0.000736232
0.000736005
0.000756697
0.000755256
0.000757726
0.000759824
0.000761615
0.000749216
0.000753261
0.000753574
0.000754909
0.000745957
0.000748962
0.000744098
0.000745747
0.000762984
0.000771892
0.000767494
0.000785613
0.000781719
0.000783267
0.000787066
0.000784372
0.000789677
0.000793604
0.000783934
0.000786346
0.000782
0.000825481
0.00080482
0.0008063
0.000886399
0.000849972
0.000923603
0.0010028
0.000988113
0.00109404
0.00110666
0.00207789
0.00118925
0.00137115
0.00345922
0.00480155
0.00587576
0.00584366
0.00646485
0.00641342
0.0070938
0.00659413
0.00581747
0.00563934
0.00511074
0.00296089
0.00399995
0.000871423
0.000871394
0.000840459
0.00328006
0.00447991
0.00192674
0.00298215
0.00120634
0.00495684
0.00558141
0.00749339
0.00815919
0.00491532
0.00696911
0.00543512
0.00605945
0.00645776
0.00598163
0.00808779
0.00798365
0.00612294
0.00668834
0.00780331
0.0075569
0.00689921
0.00729106
0.00594541
0.00541554
0.00471004
0.00522368
0.00406144
0.00460202
0.00337723
0.00393792
0.00276907
0.00333393
0.00197241
0.00252052
0.00137655
0.00155966
0.00140011
0.000749977
0.000812745
0.000852463
0.000775714
0.000791758
0.000746657
0.000757244
0.000765183
0.000745082
0.00074894
0.000743457
0.00074367
0.000741839
0.000742634
0.000742763
0.00074364
0.000742548
0.000742392
0.000742462
0.000742404
0.000741864
0.000742309
0.000741291
0.000741912
0.000742323
0.000757938
0.000758012
0.000761106
0.000761928
0.000750048
0.00075422
0.000755079
0.000757301
0.000747491
0.000750643
0.00074532
0.000748837
0.000770782
0.000770861
0.000787401
0.000779389
0.000811626
0.000802994
0.000817172
0.000811168
0.000799916
0.000804952
0.000816924
0.000810122
0.000795681
0.000820668
0.000802769
0.000804391
0.000866598
0.00086397
0.000949654
0.000930342
0.00105219
0.00107008
0.00123232
0.00118562
0.00160564
0.00262942
0.00139139
0.00177593
0.00514926
0.00633459
0.00744174
0.00627833
0.00585747
0.00698852
0.0069891
0.0064233
0.00521206
0.00487625
0.001545
0.000851676
0.000886149
0.000849369
0.001092
0.0011153
0.00380857
0.00256392
0.00286709
0.00453091
0.00400667
0.00748311
0.00702714
0.00449059
0.00502408
0.00654969
0.00616559
0.00511422
0.00548933
0.00538033
0.00576749
0.00753238
0.00732128
0.00629115
0.00668886
0.00730838
0.00720185
0.00689417
0.00513368
0.006007
0.0055183
0.00454489
0.00513237
0.00370193
0.00434937
0.00281023
0.003349
0.00179353
0.00231923
0.000792537
0.00080352
0.000755087
0.000766768
0.000779538
0.000747416
0.000759064
0.000745532
0.00075058
0.000745332
0.000744586
0.000743023
0.000746873
0.000741782
0.000745257
0.000742288
0.000745256
0.000741315
0.000744916
0.000745543
0.000766032
0.000760093
0.000763539
0.000767649
0.000754232
0.000756149
0.00076069
0.000757998
0.00075204
0.000754445
0.000750725
0.000752751
0.00078867
0.000784715
0.000785437
0.000804124
0.0007919
0.000837622
0.000835815
0.000831545
0.000846494
0.000866991
0.000859199
0.000864134
0.000845586
0.000844692
0.000827781
0.00081525
0.000858394
0.000845621
0.000875704
0.000952069
0.000943121
0.00125757
0.00121645
0.00108026
0.00113103
0.00161438
0.00152842
0.00381525
0.00508617
0.00369819
0.00647287
0.00724914
0.00714475
0.00689808
0.00639306
0.00607685
0.00518797
2.50747e-05
0.00265417
0.000816834
0.00149144
0.00207174
0.000859294
0.000856567
0.000920947
0.000949929
0.0011114
0.00112762
0.00367345
0.00346483
0.00436197
0.00405971
0.00685716
0.00647467
0.00443765
0.00472493
0.00598617
0.00564404
0.00464828
0.00502124
0.00513652
0.00698128
0.00667472
0.00624323
0.00666312
0.00673885
0.00660995
0.00555444
0.00599689
0.00457478
0.00519061
0.0034474
0.00396266
0.00232127
0.00282984
0.000797728
0.000763889
0.000781044
0.000790253
0.000787105
0.000755398
0.000765465
0.000749862
0.00075823
0.000749905
0.000753083
0.000748417
0.000750834
0.000749409
0.000748701
0.000749306
0.000749075
0.000748935
0.00075537
0.000767589
0.000764086
0.000781493
0.000763224
0.000759974
0.000759222
0.000783211
0.000761668
0.000760638
0.00076202
0.00078925
0.00078707
0.000798985
0.0008124
0.000812085
0.000838039
0.000828327
0.000876289
0.000884256
0.000895531
0.000894129
0.00096292
0.000926177
0.000928399
0.000882781
0.000878702
0.000914306
0.000906987
0.000952806
0.000956501
0.00112638
0.00105577
0.00157705
0.00138418
0.00148067
0.00140597
0.00656169
0.00400788
0.00647715
0.00604947
0.00605385
0.00646027
0.00580991
0.00604114
0.00324765
0.00249762
0.00314377
0.000859864
0.000823017
0.00144938
0.00184236
0.00091354
0.000929526
0.00102969
0.00106512
0.00119606
0.00402606
0.00383649
0.00419484
0.00404348
0.00611801
0.00573206
0.00409217
0.00433922
0.00425259
0.00469632
0.00505116
0.00626407
0.00594622
0.00601076
0.00608178
0.0062312
0.00512844
0.0055911
0.00388182
0.0043698
0.00271335
0.00315981
0.000810665
0.000830035
0.000773519
0.000779063
0.000797788
0.000814047
0.00076412
0.000770532
0.000757245
0.000764648
0.000753642
0.000760503
0.000758703
0.000756308
0.000757679
0.000760491
0.000759704
0.000795762
0.000767066
0.000767304
0.000769457
0.000769954
0.000786662
0.000766703
0.00079421
0.000787874
0.000772303
0.000768053
0.000819406
0.000814537
0.00084254
0.000827446
0.000874782
0.000860456
0.000915408
0.000903876
0.000952287
0.00098959
0.00108645
0.00101799
0.0010144
0.000968427
0.000961702
0.000988042
0.000991333
0.0010568
0.00111764
0.00108067
0.00147282
0.00128568
0.00569835
0.00252526
0.00303508
0.00236409
0.00602515
0.00571032
0.00559139
0.0058373
0.00525823
0.00498113
0.00361623
0.00296998
0.00351445
0.00238548
0.00285329
0.000892383
0.000846415
0.00147832
0.00183472
0.000999588
0.00104798
0.00124685
0.003957
0.00391149
0.00389776
0.00387853
0.00456978
0.00485316
0.00541877
0.00372488
0.00387175
0.00367696
0.0039832
0.00369506
0.00567489
0.0053299
0.00521609
0.00532216
0.00407025
0.00440527
0.00296066
0.00330008
0.000831573
0.000862503
0.000782429
0.000795445
0.000812134
0.000829698
0.000776766
0.000783258
0.000766665
0.000770738
0.000774408
0.000776487
0.000773964
0.000769076
0.000774173
0.000815361
0.000811389
0.000776436
0.000773817
0.000781809
0.000781369
0.000797348
0.000806449
0.000788456
0.000802023
0.000793238
0.000874848
0.000869582
0.000854243
0.000901526
0.00088299
0.000958202
0.00097844
0.000981334
0.00103559
0.00102537
0.00140974
0.001144
0.00110579
0.00115507
0.00111462
0.00109535
0.00128239
0.0012252
0.0013227
0.00120981
0.00160005
0.00379799
0.00377661
0.00575204
0.00493094
0.00535618
0.00542554
0.00548737
0.00459438
0.00475076
0.00349543
0.003733
0.00389926
0.00287908
0.00339738
0.00221032
0.00278296
0.000910565
0.000979507
0.00136606
0.00181068
0.00112237
0.00116342
0.0038146
0.00388212
0.00378142
0.00352067
0.00364442
0.00446111
0.00392138
0.00478986
0.00307891
0.0031981
0.00321499
0.00284635
0.00340829
0.00467569
0.00452431
0.003934
0.00403259
0.00298223
0.00319725
0.000864738
0.00092091
0.000797002
0.000813653
0.000841726
0.000874411
0.00078641
0.000788016
0.000798909
0.000795473
0.000785687
0.000789108
0.000787357
0.000847361
0.000823586
0.000811349
0.000806215
0.000797494
0.000819043
0.000822879
0.000813128
0.00083052
0.000817163
0.000945598
0.000931181
0.000922995
0.00088518
0.00104885
0.0010881
0.00105759
0.00109234
0.00114349
0.00111473
0.00130401
0.00123263
0.00238794
0.0014029
0.00148299
0.00158758
0.00180955
0.00175971
0.00195983
0.00509576
0.00373438
0.00587268
0.00600578
0.00543726
0.00551124
0.00447165
0.00473303
0.00355561
0.00376141
0.00385249
0.00293446
0.00332858
0.00213593
0.00278904
0.00109004
0.00104237
0.00157273
0.00130403
0.00170501
0.00380253
0.00349581
0.0036272
0.00361239
0.00378875
0.00372269
0.00292232
0.00319116
0.00344368
0.00389753
0.00247359
0.00253828
0.0024327
0.00287465
0.00351733
0.00348315
0.00276989
0.00288452
0.00106935
0.000905232
0.000959863
0.000827326
0.000846969
0.000865021
0.000914257
0.000825465
0.000811984
0.000842354
0.000826772
0.000826636
0.0008563
0.000846444
0.00088206
0.000862981
0.000844619
0.000838123
0.000859718
0.000864197
0.000865126
0.000869637
0.00105395
0.00100281
0.000995171
0.000946865
0.00141027
0.00147068
0.00134841
0.00130935
0.00124254
0.00179126
0.0020441
0.00307164
0.00529924
0.00573899
0.00496744
0.00372696
0.00512317
0.00550315
0.00602786
0.00594907
0.0058309
0.00541778
0.00581677
0.00449721
0.00480141
0.00356795
0.00374029
0.0021319
0.00287251
0.00277945
0.00332436
0.00127873
0.00136963
0.0014823
0.00171166
0.00374619
0.00370067
0.00373637
0.00310005
0.00334339
0.00352582
0.00350858
0.00323278
0.00225475
0.00254778
0.00265484
0.00292684
0.00187763
0.00206696
0.00202524
0.00235153
0.00235669
0.00122056
0.00129035
0.000984401
0.00120393
0.000897266
0.000893742
0.000978429
0.000890121
0.000870525
0.000870678
0.000908283
0.000814864
0.000959958
0.000916284
0.000900251
0.000924951
0.000955128
0.000929889
0.000935677
0.000907835
0.000922111
0.001145
0.0011309
0.0010415
0.0010458
0.00244353
0.00327238
0.00251207
0.00346722
0.00286909
0.00396413
0.00261286
0.00463533
0.00477202
0.00605976
0.00742973
0.00607425
0.00599371
0.00656687
0.00667006
0.00756345
0.0056489
0.00587631
0.00456963
0.00495051
0.00344566
0.00364195
0.00237867
0.00277455
0.00312594
0.00331213
0.00144029
0.00166262
0.00197998
0.00218702
0.00375824
0.00364129
0.0035296
0.00325434
0.00325951
0.00246704
0.00292825
0.00294567
0.00170798
0.00202219
0.00136606
0.00159345
0.00182661
0.0015996
0.000871702
0.00142693
0.00153382
0.00107672
0.00107757
0.00134285
0.000947702
0.000925309
0.000912267
0.00109954
0.0012122
0.00119617
0.00121948
0.00122686
0.000973821
0.000939355
0.00103068
0.000999638
0.000952159
0.00304563
0.00170599
0.0020261
0.0015255
0.00294001
0.00516996
0.0054825
0.00446781
0.00535496
0.0039321
0.00475601
0.00347947
0.00421629
0.00639408
0.00625233
0.00687369
0.00690505
0.00601938
0.00663546
0.00659674
0.00506176
0.00554454
0.00366193
0.00366395
0.00313439
0.00295356
0.00339964
0.00196163
0.0023359
0.0029047
0.00370535
0.00361938
0.00349713
0.00322444
0.00303218
0.00251767
0.00250905
0.00205095
0.00159812
0.00133322
0.00251324
0.00179154
0.00214799
0.0014732
0.00149913
0.00144544
0.00152943
0.00173575
0.00151991
0.00174591
0.00137728
0.0014279
0.00146203
0.00137555
0.00156046
0.00153652
0.00180077
0.00185513
0.002335
0.00362643
0.00270116
0.00291824
0.00295873
0.00369131
0.00442916
0.00474609
0.00624402
0.00584321
0.00581518
0.0055341
0.00567129
0.00508998
0.00554519
0.00627175
0.00610918
0.00578377
0.00610686
0.00583003
0.00348036
0.00361466
0.00293894
0.00318467
0.00332896
0.00369449
0.0035859
0.00346065
0.00323233
0.00306413
0.00268818
0.00225361
0.0016446
0.00281442
0.00326595
0.00219713
0.00261233
0.00169057
0.00171382
0.00184652
0.00223638
0.00202922
0.00166218
0.00194023
0.0017377
0.00224388
0.00208421
0.00214225
0.0028162
0.0028265
0.00273361
0.00390765
0.003571
0.00360828
0.00360225
0.0048252
0.00487307
0.00502609
0.00546456
0.00567245
0.0057317
0.00549606
0.00552365
0.00529005
0.00493158
0.00501799
0.00359966
0.0036309
0.00346259
0.00337328
0.00368887
0.00350611
0.00342351
0.00313833
0.00300707
0.00260067
0.00255026
0.00335363
0.00326147
0.00310559
0.00307177
0.00287983
0.0026793
0.00284615
0.00304302
0.00302726
0.00265323
0.00301962
0.00349342
0.0036663
0.00327414
0.00350431
0.00346634
0.00391483
0.00432385
0.004665
0.00447541
0.0048541
0.00443834
0.0047391
0.00429582
0.00411861
0.00468313
0.00494729
0.00393622
0.00375511
0.00363398
0.00365583
0.00359515
0.00358645
0.00339767
0.00328761
0.00300807
0.00288868
0.00249908
0.00239159
0.00360138
0.00352889
0.00354562
0.0034719
0.00369538
0.0034909
0.00356949
0.0035711
0.00351746
0.00381138
0.00399405
0.00397038
0.00388993
0.00399867
0.00418253
0.00416466
0.00445622
0.00402368
0.00421793
0.00335797
0.00325122
0.00301241
0.00285724
0.00371247
0.00356123
0.00372804
0.0036794
0.00350919
0.00325649
0.00314783
0.00290893
0.00277739
0.00238268
0.00227915
0.00391725
0.003698
0.00368391
0.00374335
0.00375107
0.00391832
0.0037956
0.00379273
0.00400099
0.00409986
0.0039985
0.00388851
0.00392257
0.00397542
0.00412657
0.00355169
0.00367869
0.00285789
0.00287012
0.00235784
0.00232887
0.00364348
0.0036851
0.00354478
0.00336571
0.00311272
0.00306965
0.00278646
0.00270244
0.00230696
0.00220182
0.00377616
0.00384581
0.00366362
0.0036879
0.00371617
0.00378099
0.00367321
0.00378948
0.00387178
0.0035922
0.00370173
0.00355698
0.00354683
0.00343942
0.00317682
0.00338198
0.00241874
0.00259016
0.0020164
0.00199179
0.00343304
0.00335014
0.00296131
0.00287171
0.00262844
0.00255953
0.00224683
0.00212869
0.00339053
0.00352774
0.00323919
0.00334693
0.00322353
0.00302725
0.00317046
0.00314819
0.00301334
0.00289334
0.00304974
0.00288591
0.00230185
0.00249287
0.00172425
0.00184963
0.00287526
0.00279705
0.00245583
0.0024385
0.00225519
0.00204495
0.00213332
0.00286055
0.00289331
0.00267044
0.00258315
0.00260222
0.00241533
0.00224764
0.00247976
0.00222863
0.00247116
0.00218154
0.00169093
0.00186335
0.00221826
0.00220322
0.00197456
0.00189519
0.00153604
0.00201606
0.00209633
0.0018756
0.00208263
0.00197522
0.00137085
0.00140719
0.00178729
0.0018625
0.00121277
0.000652509
0.00169199
0.00168735
0.00150767
0.0014526
0.00128955
0.00150328
0.00148466
0.000787143
0.00103893
0.000675196
0.00129201
0.00131915
0.000747286
0.000992885
0.00107019
0.000724304
2.60819e-05
)
;

boundaryField
{
    top
    {
        type            symmetryPlane;
    }
    bottom
    {
        type            symmetryPlane;
    }
    inlet
    {
        type            calculated;
        value           uniform 0.000851986;
    }
    outlet
    {
        type            calculated;
        value           nonuniform List<scalar> 
17
(
0.000666616
0.000658827
0.000677786
0.000668885
0.000660144
0.000656538
0.000677793
0.000665117
0.000670338
0.000674013
0.00148605
0.000802402
0.000661408
0.000675364
0.00196423
0.0007392
0.00152772
)
;
    }
    deck
    {
        type            nutkWallFunction;
        Cmu             0.09;
        kappa           0.41;
        E               9.8;
        value           nonuniform List<scalar> 
60
(
3.30925e-07
0
0
0
0
8.66565e-08
0
0
0
0
0
0
0
0
0
0
0
0
0
0
0
0
0
0
0
0
0
0
0
0
0
0
0
0
0
0
0
0
0
0
0
0
0
0
0
0
0
0
0
0
0
0
0
0
0
0
0
0
0
0
)
;
    }
    frontAndBack
    {
        type            empty;
    }
    defaultFaces
    {
        type            empty;
    }
}


// ************************************************************************* //
