/*--------------------------------*- C++ -*----------------------------------*\
  =========                 |
  \\      /  F ield         | OpenFOAM: The Open Source CFD Toolbox
   \\    /   O peration     | Website:  https://openfoam.org
    \\  /    A nd           | Version:  8
     \\/     M anipulation  |
\*---------------------------------------------------------------------------*/
FoamFile
{
    version     2.0;
    format      ascii;
    class       volVectorField;
    location    "0.006";
    object      U;
}
// * * * * * * * * * * * * * * * * * * * * * * * * * * * * * * * * * * * * * //

dimensions      [0 1 -1 0 0 0 0];

internalField   nonuniform List<vector> 
656
(
(0.742476 0.0564789 -9.68464e-25)
(0.927742 0.0141338 1.86636e-24)
(0.952582 -0.00129458 0)
(-0.0912942 0.117049 2.22172e-23)
(0.554562 0.0971259 1.11964e-23)
(0.833105 0.000606107 0)
(-0.0571573 0.0664601 -5.04583e-23)
(-0.0145338 0.0187229 9.3381e-24)
(0.963638 -0.000235994 0)
(-0.000826569 0.130737 -2.49055e-24)
(-0.00380172 0.180737 -8.20307e-23)
(-0.118421 0.168168 0)
(0.371856 0.138063 1.01118e-23)
(0.699824 0.00793205 0)
(0.875251 0.000828621 -1.71238e-22)
(0.883372 0.000166674 4.97178e-23)
(0.000936879 0.0781631 1.29205e-23)
(0.0013636 0.0255197 0)
(0.964788 -0.000183072 -3.56438e-23)
(0.885246 9.47202e-06 -1.51193e-22)
(-0.0120738 0.0793557 8.07337e-23)
(-0.00511525 0.0541674 0)
(-0.0232301 0.105809 1.39366e-24)
(-0.00940903 0.224664 1.68821e-22)
(-0.137487 0.21659 -1.80103e-22)
(0.203412 0.176407 -2.26998e-23)
(0.554298 0.0211439 0)
(0.772065 0.00491281 2.68654e-22)
(0.787837 0.00181737 -9.07355e-23)
(-0.00141303 0.0309397 0)
(-0.000148587 0.00999385 0)
(0.885341 1.62581e-06 5.53281e-23)
(0.964517 -0.000128978 -3.91772e-23)
(0.792141 0.000812224 2.06728e-22)
(0.792878 0.000356167 -5.58262e-23)
(0.795868 3.98394e-05 -1.19788e-22)
(-0.00578651 0.0517836 -1.09953e-22)
(-0.00240688 0.0351846 1.77297e-23)
(-0.0117438 0.0691896 -1.96824e-22)
(-0.0394782 0.132384 -1.6503e-22)
(-0.0194223 0.258456 1.74242e-22)
(-0.146413 0.25853 -8.95423e-24)
(0.0581349 0.209776 4.62127e-22)
(0.400809 0.0403882 0)
(0.6535 0.0127703 0)
(0.677371 0.00524541 -3.82754e-22)
(-0.000713348 0.0199715 -5.60683e-24)
(-0.000117009 0.00640359 0)
(0.799424 -0.000419861 1.34622e-22)
(0.886913 2.92221e-05 -3.08232e-23)
(0.964019 -6.20235e-05 5.36461e-24)
(0.684238 0.002527 0)
(0.685612 0.00112959 0)
(0.690176 6.71219e-05 -1.17383e-22)
(0.695392 -0.00136819 5.11988e-22)
(0.690409 -0.00368496 0)
(-0.00867875 0.0319171 2.10788e-22)
(-0.00424684 0.0229926 3.08876e-22)
(-0.00174709 0.0150553 -3.01825e-22)
(-0.0211656 0.0862623 -1.9398e-22)
(-0.0159183 0.0414255 6.12046e-22)
(0.245371 0.0664287 -1.3373e-22)
(0.520178 0.0250835 1.79915e-22)
(0.552087 0.011048 -5.41354e-22)
(-0.000501758 0.00820647 4.81142e-23)
(-7.74609e-05 0.00241993 6.39598e-23)
(0.796097 -0.00120482 -2.85868e-22)
(0.889053 2.78613e-05 9.51834e-23)
(0.964392 1.6686e-05 6.17437e-24)
(0.67108 -0.0116782 -1.03944e-23)
(0.56158 0.00544914 0)
(0.563554 0.00251704 2.09193e-22)
(0.569922 0.000174353 2.24602e-22)
(0.577005 -0.00289363 -9.82202e-22)
(0.570542 -0.00792769 2.54607e-22)
(-0.00719978 0.0132137 9.39136e-22)
(-0.00356448 0.00926551 -2.88349e-24)
(-0.00163287 0.00599088 0)
(-0.000593835 0.00348045 1.11451e-22)
(0.375045 0.043411 0)
(0.414418 0.020488 6.92841e-22)
(-9.65471e-05 0.00165296 -1.05504e-22)
(4.00385e-05 0.000368995 -3.25149e-23)
(0.569596 -0.0199767 5.24176e-22)
(0.783602 -0.00446382 1.65935e-22)
(0.887486 -2.68555e-05 0)
(0.965336 9.16953e-05 -5.89155e-23)
(0.543791 -0.0231381 -3.22215e-22)
(0.419575 -0.0388409 7.92088e-22)
(0.235756 -0.185238 -9.5781e-22)
(0.426268 0.0102995 0)
(0.428615 0.00478684 5.11968e-23)
(0.436994 0.000513437 -1.60019e-22)
(0.446124 -0.00536429 5.68957e-22)
(0.438622 -0.0149566 -9.74349e-22)
(-0.0139694 0.00548787 3.9999e-22)
(-0.00941176 0.00281214 -4.24278e-22)
(-0.00592956 0.00131982 -2.09761e-22)
(-0.0033848 0.000478135 4.1815e-22)
(-0.00158003 6.66714e-05 5.02871e-23)
(-0.000335939 -4.21087e-05 -3.04065e-23)
(-0.140255 -0.23508 6.218e-23)
(0.401641 -0.145449 -6.59527e-23)
(0.709948 -0.00740692 -8.75076e-22)
(0.881212 -0.000703488 0)
(0.965479 0.000190137 0)
(0.403658 -0.0411627 6.12642e-22)
(0.263887 -0.0651306 -3.1018e-22)
(0.0845372 -0.219014 1.10909e-22)
(-0.148034 -0.276175 1.48449e-21)
(-0.0395816 0.00876937 0)
(-0.0299772 0.00475356 2.02442e-22)
(-0.0214391 0.00239938 -7.15137e-22)
(-0.0139817 0.00101156 1.99323e-22)
(-0.00756386 0.000295623 -4.74942e-23)
(-0.00207977 5.17398e-05 -2.94813e-23)
(-0.0102145 -0.250331 0)
(-0.122471 -0.185207 0)
(0.576947 -0.102555 5.29668e-22)
(0.838224 -0.000518265 -4.41975e-23)
(0.964769 0.000263936 -1.15183e-22)
(-0.020335 -0.282536 -1.77153e-21)
(-0.0594544 0.00677274 0)
(-0.0456884 0.00387648 2.12198e-22)
(-0.0331712 0.00199892 -2.93755e-24)
(-0.021989 0.000891561 1.0546e-22)
(-0.0121368 0.000305323 -4.95913e-23)
(-0.00355798 8.27285e-05 0)
(-0.0261499 -0.122087 -6.03442e-22)
(-0.00425776 -0.205381 0)
(-0.0956741 -0.130594 5.3752e-22)
(0.755118 -0.0597101 0)
(0.953252 0.00135503 8.56814e-23)
(-0.0437758 -0.149589 0)
(-0.0726753 0.00495666 0)
(-0.0562079 0.00284332 1.32917e-22)
(-0.0410636 0.00149131 -3.85794e-22)
(-0.0274066 0.000683663 1.25177e-22)
(-0.0152903 0.000262487 5.56419e-23)
(-0.00465826 9.11575e-05 -1.87634e-23)
(-0.011752 -0.0853672 3.07713e-22)
(-0.0139266 -0.0931555 0)
(-0.000844698 -0.151035 -4.71646e-22)
(-0.0605974 -0.074954 4.55153e-22)
(0.93082 -0.0148241 0)
(-0.0210186 -0.103877 0)
(-0.0764044 0.00399763 1.69501e-22)
(-0.0589728 0.00235882 -1.63672e-22)
(-0.0430427 0.00124509 1.58603e-22)
(-0.0287248 0.000574093 -3.04443e-22)
(-0.0160554 0.00021908 4.1882e-22)
(-0.00499414 7.25388e-05 -5.58798e-23)
(-0.00889854 -0.0484324 2.6857e-22)
(-0.0058624 -0.0651944 -5.76202e-22)
(-0.00576956 -0.06434 1.65806e-22)
(0.00155417 -0.0909575 -4.8767e-22)
(-0.0141137 -0.0208241 1.36231e-23)
(-0.015791 -0.060186 0)
(-0.00939896 -0.0359901 -6.03765e-23)
(-0.0749999 0.00418869 -2.08714e-22)
(-0.0576379 0.00280424 8.42411e-22)
(-0.0419835 0.00157115 -8.0432e-22)
(-0.0280355 0.000706773 0)
(-0.0157002 0.000236292 0)
(-0.00494529 5.95527e-05 -6.15079e-24)
(-0.00524156 -0.0290506 1.28861e-22)
(-0.00449141 -0.0363932 3.42055e-24)
(-0.00229968 -0.0450042 4.39468e-22)
(-0.00123763 -0.0368284 -1.63046e-22)
(0.00228086 -0.0283254 0)
(-0.00570995 -0.020383 9.72373e-22)
(-0.0438388 0.00222606 9.16754e-22)
(-0.029109 0.00151898 -9.48963e-22)
(-0.0161869 0.000570767 0)
(-0.00504886 0.000111303 -8.63546e-24)
(-0.00321107 -0.0161765 -2.57681e-22)
(-0.00260481 -0.0218112 -1.0074e-22)
(-0.00183813 -0.0248016 2.08829e-22)
(-0.000466581 -0.0257843 -1.43116e-22)
(0.000163758 -0.0112492 5.42908e-23)
(-0.00343921 -0.0107143 0)
(-0.00206176 0.00825184 -1.07859e-21)
(-0.0339158 0.000598198 0)
(-0.0119739 0.000237565 -3.00033e-23)
(-0.00183356 -0.00526405 0)
(-0.00190021 -0.00844798 -2.60499e-22)
(-0.00159445 -0.0119673 -5.01764e-22)
(-0.00107039 -0.0148352 -6.89945e-23)
(-0.000469207 -0.014093 1.40715e-22)
(8.58447e-05 -0.00811717 -5.44998e-23)
(-0.00120314 0.00539783 2.21727e-21)
(-0.00109095 0.00593072 2.29448e-21)
(-0.00202479 0.00615949 7.36286e-23)
(-0.000973185 -0.00246306 -5.18459e-22)
(-0.000995848 -0.00404508 5.46969e-26)
(-0.000926469 -0.00619167 1.34927e-22)
(-0.00066184 -0.00803547 4.06734e-22)
(-0.000293599 -0.00842259 8.41417e-24)
(-2.5717e-05 -0.00448383 -2.52273e-23)
(-0.00074138 0.0034956 -3.29352e-25)
(-0.000604442 0.00382372 -1.85361e-21)
(-0.000507104 0.00411515 -5.54594e-22)
(-0.000937633 0.00365613 0)
(-0.00191912 0.00847789 1.55464e-21)
(-0.000484628 -0.000994768 -2.78365e-22)
(-0.000506273 -0.00184973 2.76606e-22)
(-0.000472459 -0.00288895 1.37861e-22)
(-0.000381193 -0.00411377 0)
(-0.000191663 -0.00451114 -1.33362e-22)
(-3.22319e-05 -0.00270552 1.89741e-23)
(-0.000531104 0.00186636 8.86676e-22)
(-0.000364139 0.00249245 3.56863e-22)
(-0.000272987 0.00256652 2.0934e-22)
(-0.000188711 0.00262275 5.65956e-23)
(-0.000251852 0.00187116 -6.39981e-23)
(-0.000292597 0.00235807 1.11968e-21)
(-0.000197057 -0.000241637 1.16322e-21)
(-0.000233925 -0.000706632 -4.35165e-22)
(-0.000229822 -0.00128799 -2.84609e-22)
(-0.000188201 -0.00186986 -1.38501e-22)
(-0.000110523 -0.00228299 0)
(-2.91089e-05 -0.00143555 -1.22945e-23)
(-0.000312746 0.000737064 0)
(-0.000260254 0.00131581 -3.0613e-22)
(-0.00016035 0.00168414 -1.05328e-21)
(-0.000101156 0.00158057 3.41701e-22)
(-4.31875e-05 0.00139832 -3.77048e-22)
(-1.98982e-05 0.000500673 1.01076e-23)
(-0.000239017 -8.33959e-05 -5.05146e-22)
(-8.2691e-05 -0.000139572 7.70001e-22)
(-0.000101358 -0.000461992 -7.45025e-22)
(-8.68924e-05 -0.000811212 1.42662e-22)
(-5.09813e-05 -0.00100873 0)
(-1.69335e-05 -0.00071279 1.21563e-23)
(-0.000114773 0.000138874 0)
(-0.000143497 0.00048372 5.90634e-22)
(-0.000114937 0.000874034 7.67635e-22)
(-5.78812e-05 0.00104433 1.00375e-21)
(-2.19383e-05 0.000818247 -3.54513e-22)
(-1.96362e-06 0.000414215 -2.32247e-23)
(-0.000650558 -0.000132982 -6.03429e-22)
(-0.00012954 -4.24e-05 0)
(-3.21868e-05 -6.87706e-05 5.52932e-22)
(-3.50182e-05 -0.000271133 0)
(-2.01755e-05 -0.000423927 0)
(-5.88623e-06 -0.000300041 0)
(-0.000147653 7.6094e-05 6.72789e-22)
(-4.39167e-05 5.80179e-05 -6.108e-22)
(-5.95681e-05 0.0002936 -6.01003e-22)
(-4.11546e-05 0.000530489 -4.48029e-22)
(-1.17849e-05 0.000543085 -4.64559e-22)
(8.76833e-07 0.000232139 1.38668e-23)
(-0.000912431 -4.35293e-05 0)
(-0.000451917 -6.83494e-05 1.51188e-22)
(-6.10031e-05 -1.94587e-05 0)
(-9.54171e-06 -2.59304e-05 1.68788e-27)
(-5.43851e-06 -0.000130331 0)
(-8.84925e-08 -0.000117914 -9.65576e-23)
(-0.000878801 7.31301e-05 0)
(-0.000544486 0.000144213 -6.07217e-22)
(-6.5533e-05 3.54048e-05 -1.69161e-22)
(-1.55791e-05 1.11568e-05 3.13434e-22)
(-1.89015e-05 0.000159464 -4.45429e-22)
(-7.41496e-06 0.00026824 -1.40993e-22)
(9.75487e-07 0.000152554 9.78649e-23)
(-0.000652864 -2.28117e-05 -2.02932e-23)
(-0.000298599 -3.31434e-05 -2.26098e-22)
(-2.24329e-05 -6.15852e-06 0)
(-1.06497e-07 -4.57228e-06 -1.16305e-22)
(2.02593e-06 -3.08394e-05 9.74061e-23)
(-0.000624048 3.93858e-05 2.25518e-24)
(-0.000363422 7.10087e-05 6.81884e-22)
(-1.86094e-05 1.52988e-05 -6.07659e-27)
(-3.69045e-06 -1.00016e-05 8.2018e-26)
(-1.34758e-06 6.99995e-05 -2.84859e-22)
(1.69038e-06 7.05801e-05 8.96961e-23)
(-0.000445492 -1.11684e-05 1.59782e-22)
(-0.000181261 -1.2739e-05 1.10326e-22)
(-4.03647e-06 -7.12387e-08 -1.35749e-22)
(1.82832e-06 1.5871e-06 2.47261e-23)
(-0.000422502 1.96817e-05 2.25034e-24)
(-0.000229699 3.38447e-05 -1.50865e-22)
(3.56242e-06 4.51849e-06 4.87043e-22)
(1.09021e-06 -1.35381e-05 -2.28267e-22)
(2.48954e-06 1.41366e-05 2.64024e-26)
(-0.000280071 -4.45053e-06 0)
(-9.22233e-05 -2.67232e-06 1.22481e-22)
(1.2368e-06 1.35907e-06 8.57368e-23)
(-0.000263557 7.98704e-06 0)
(-0.000132633 1.25494e-05 -2.20586e-22)
(9.30096e-06 -3.24084e-07 4.24778e-22)
(1.75132e-06 -5.82187e-06 4.72864e-23)
(-0.000148619 -1.09353e-06 -1.04329e-24)
(-2.51267e-05 2.70233e-07 -1.53884e-22)
(-0.000138783 2.02605e-06 1.04193e-24)
(-6.37694e-05 2.20833e-06 -1.22292e-22)
(4.63472e-06 -1.29988e-06 1.21166e-22)
(-4.4424e-05 -9.41899e-09 4.66634e-23)
(-4.11172e-05 7.16621e-08 0)
(-1.60844e-05 -6.39154e-07 -1.17962e-23)
(-0.149172 0.28828 2.35451e-21)
(-0.0406804 0.245858 4.83045e-22)
(-0.0347398 0.102671 0)
(-0.0659248 0.148121 2.91225e-21)
(-0.0605795 0.159301 -3.07763e-21)
(-0.0775324 0.222592 0)
(-0.043218 0.27843 0)
(-0.110964 0.322736 -1.09461e-21)
(-0.110781 0.277194 0)
(-0.06838 0.240291 -1.92138e-21)
(0.103458 0.104917 4.33909e-21)
(-0.10045 0.224026 0)
(-0.0268449 0.0517755 -3.84567e-22)
(-0.0439222 0.0807966 0)
(-0.0133427 0.0171148 -4.03926e-21)
(-0.0304554 0.0383474 4.13294e-21)
(-0.0637027 0.0893606 -2.40373e-21)
(-0.0897372 0.113937 0)
(-0.0821378 0.153367 0)
(-0.108836 0.179599 6.46537e-22)
(-0.12759 0.239371 0)
(-0.129809 0.240904 2.02781e-21)
(-0.0744861 0.151907 2.49216e-21)
(0.031435 0.123969 -5.85613e-21)
(0.218727 0.0713088 1.15258e-21)
(-0.13819 0.168684 -6.16794e-22)
(-0.15413 0.186558 0)
(-0.0190546 0.00995911 -3.38507e-21)
(-0.040381 0.0225146 9.24128e-22)
(-0.0469376 0.0402713 7.69937e-22)
(-0.0683523 0.0596598 2.44408e-21)
(-0.0886287 0.0560411 -4.77353e-21)
(-0.120208 0.0759161 -4.20248e-21)
(-0.121119 0.104775 -3.18248e-21)
(-0.150444 0.122541 5.98839e-21)
(-0.158266 0.145146 -1.72643e-21)
(-0.117613 0.131592 -1.77696e-21)
(-0.0472707 0.0909781 0)
(0.271617 0.0355166 -6.03667e-21)
(0.0913288 0.0795158 0)
(0.28329 0.018794 0)
(0.11417 0.0395389 5.07277e-21)
(-0.170289 0.106562 0)
(-0.177325 0.113772 0)
(-0.0369202 -0.257495 6.54554e-21)
(-0.158863 -0.301588 0)
(0.277163 -0.0643806 0)
(0.277146 0.00823886 -2.13486e-22)
(0.116606 0.0199287 0)
(0.137488 -0.0700704 0)
(0.315971 -0.0253628 1.32406e-21)
(0.294012 0.000723281 4.08637e-21)
(0.125619 0.00395494 0)
(0.159213 -0.0293975 0)
(0.315017 -0.0102542 0)
(0.151124 -0.0110472 -4.14946e-21)
(-0.0518662 0.0163953 1.23599e-21)
(-0.0738964 0.0250915 -1.57751e-21)
(-0.0884343 0.0330523 5.10619e-21)
(-0.121197 0.033811 0)
(-0.140109 0.0507034 0)
(-0.157508 0.0547213 -3.35828e-21)
(-0.177998 0.0685659 -2.55026e-21)
(-0.173698 0.0820373 0)
(-0.0478626 0.0503578 3.57354e-21)
(-0.115572 0.0726337 0)
(0.00453313 0.0251375 0)
(-0.100615 0.0410559 -3.86743e-21)
(-0.193634 0.0561488 8.4871e-21)
(-0.19881 0.0616782 -2.51425e-21)
(-0.063901 -0.22518 -3.67558e-21)
(0.100416 -0.108184 8.47277e-21)
(0.0555656 -0.118236 -6.59587e-21)
(-0.137119 -0.335544 1.85194e-21)
(-0.122058 -0.273245 -4.04103e-21)
(-0.046757 -0.298152 2.67449e-22)
(-0.0461373 -0.132789 -7.05767e-21)
(-0.0586843 -0.103229 2.30654e-21)
(0.0177521 -0.077295 3.59037e-21)
(-0.0243365 0.00193418 0)
(-0.0971821 0.0160428 0)
(-0.04935 -0.0602827 -3.95675e-21)
(0.0297702 -0.0379766 0)
(-0.047887 -0.0309796 -3.68401e-21)
(0.030557 -0.0161384 3.35891e-21)
(-0.0800711 -0.00881242 5.09251e-21)
(-0.0738014 0.0102766 1.80412e-21)
(-0.101357 0.0151509 0)
(-0.117771 0.0206761 0)
(-0.143311 0.0221854 3.60543e-21)
(-0.161709 0.0316844 0)
(-0.177634 0.0305144 9.00303e-21)
(-0.194417 0.0378456 -7.6685e-21)
(-0.166916 0.0243061 0)
(-0.172368 0.0356152 -6.192e-21)
(-0.20042 0.0410531 1.25727e-20)
(-0.19562 0.0171699 0)
(-0.210351 0.034457 -8.11934e-21)
(-0.201517 0.0320178 -4.35056e-21)
(-0.134667 -0.241901 0)
(-0.135548 -0.177863 8.4719e-21)
(-0.0683629 -0.173946 0)
(-0.076314 -0.24464 -5.76415e-22)
(-0.109189 -0.236727 4.52739e-22)
(-0.153203 -0.159897 -8.70157e-21)
(-0.137054 -0.11979 -8.07135e-21)
(-0.154596 -0.0981617 1.0741e-20)
(-0.132397 -0.0696068 3.32324e-21)
(-0.165675 -0.0429967 -4.34985e-21)
(-0.144392 -0.0304378 0)
(-0.15641 -0.0153247 -3.52051e-21)
(-0.186679 -0.00544484 0)
(-0.0891721 0.00745899 0)
(-0.115664 0.0108888 -1.41609e-21)
(-0.133643 0.0139497 -5.51214e-21)
(-0.151801 0.0163344 4.72978e-21)
(-0.167845 0.0213122 -1.66901e-21)
(-0.177247 0.021459 -2.15484e-21)
(-0.194255 0.0263435 6.79719e-21)
(-0.207775 0.0177662 -7.65022e-21)
(-0.211405 0.0245143 9.30969e-21)
(-0.197781 0.00201349 0)
(-0.200832 0.0150446 -1.2983e-21)
(-0.202145 0.0269323 0)
(-0.195951 0.0254412 0)
(-0.0348999 -0.117759 -1.3608e-20)
(-0.0792123 -0.167859 4.68837e-21)
(-0.0964345 -0.165744 5.6431e-21)
(-0.126154 -0.189838 -7.81692e-22)
(-0.149408 -0.163373 7.21273e-22)
(-0.154102 -0.120698 -8.14476e-21)
(-0.166837 -0.0945363 0)
(-0.172623 -0.0583062 -1.03404e-20)
(-0.168979 0.00764211 -4.77566e-21)
(-0.172608 -0.048305 7.52121e-21)
(-0.190744 -0.012992 3.04597e-21)
(-0.0945886 0.00606343 4.98971e-21)
(-0.182408 0.0257067 2.96054e-21)
(-0.11679 0.00923353 -3.56336e-21)
(-0.131777 0.0120345 -3.07209e-21)
(-0.146232 0.0157477 -6.67367e-21)
(-0.165932 0.0195882 1.49366e-21)
(-0.170007 0.0216085 -3.76572e-21)
(-0.174859 0.0228796 -2.91694e-21)
(-0.194114 0.028307 7.32289e-22)
(-0.193221 0.0228243 1.34458e-21)
(-0.161025 0.0317765 5.20554e-21)
(-0.179277 0.0287449 2.17839e-21)
(-0.182116 0.0323548 -1.3926e-21)
(-0.179329 0.0308974 -2.09194e-21)
(-0.140079 0.038047 -7.19574e-21)
(-0.0251363 -0.0702615 0)
(-0.0428466 -0.104722 9.11201e-21)
(-0.104649 0.0432046 0)
(-0.125831 0.0342713 4.71686e-21)
(-0.069605 0.0435622 9.0158e-21)
(-0.0832039 0.0400017 -5.95314e-21)
(-0.0577632 -0.109214 0)
(-0.0942306 -0.131785 -5.364e-21)
(-0.119027 -0.110432 1.63442e-20)
(-0.122042 0.0176205 -6.27294e-21)
(-0.138998 0.0047655 4.99925e-21)
(-0.11505 -0.0862028 -1.16438e-20)
(-0.142269 -0.0430751 1.24138e-22)
(-0.126016 -0.0264401 -1.02236e-20)
(-0.0925114 0.00604476 0)
(-0.165255 0.027907 0)
(-0.154853 0.0203553 2.84612e-22)
(-0.157258 0.0245891 -3.88462e-22)
(-0.111856 0.0104697 -5.53637e-21)
(-0.12848 0.0136754 5.88962e-21)
(-0.138297 0.0163156 5.10833e-21)
(-0.170731 0.0382084 1.98678e-21)
(-0.164633 0.038666 -4.49307e-22)
(-0.147187 0.0457784 3.91352e-21)
(-0.134008 0.0465308 1.42246e-21)
(-0.160124 0.0315451 -5.94802e-21)
(-0.160818 0.0407786 1.40191e-23)
(-0.166169 0.0349384 5.07925e-21)
(-0.119174 0.0518602 2.46539e-21)
(-0.103528 0.052372 -8.01155e-21)
(-0.0708318 0.0509479 3.06475e-21)
(-0.0862575 0.0540469 2.53752e-21)
(-0.0571995 0.0506658 -3.55431e-21)
(-0.0346055 0.0411212 0)
(-0.0449882 0.0443705 2.95291e-21)
(-0.0532976 0.0408693 -2.55056e-22)
(-0.0481952 0.0362758 0)
(-0.014839 -0.0415575 -4.61729e-21)
(-0.029346 -0.0627591 4.51803e-21)
(-0.0346899 -0.0650498 3.15705e-21)
(-0.0565962 -0.0813531 0)
(-0.060193 0.0245855 1.09543e-20)
(-0.0780532 0.024757 0)
(-0.092055 0.0140298 6.08463e-21)
(-0.0693799 -0.0650923 1.42382e-22)
(-0.0806123 -0.013879 1.66009e-21)
(-0.0869733 -0.0680239 -4.59997e-21)
(-0.0972221 -0.0300431 9.21386e-21)
(-0.00886525 -0.0242738 -5.41301e-22)
(-0.0153929 -0.0342762 0)
(-0.0841587 0.00554408 0)
(-0.0581238 0.00173974 -5.69985e-22)
(-0.0696009 0.00223384 5.74579e-22)
(-0.141303 0.0245858 -3.28149e-21)
(-0.146456 0.0310061 2.89264e-21)
(-0.0983399 0.00883683 0)
(-0.119377 0.0138387 -2.70775e-21)
(-0.128377 0.0196297 3.22824e-21)
(-0.120215 0.0544622 1.32739e-21)
(-0.145871 0.0455689 -2.18289e-21)
(-0.140621 0.0494492 -2.75749e-21)
(-0.136827 0.0357831 -3.72241e-21)
(-0.135564 0.0434002 7.33769e-22)
(-0.107863 0.0542775 0)
(-0.0908429 0.0557552 0)
(-0.0815826 0.055776 0)
(-0.065577 0.0549346 -3.13282e-21)
(-0.053215 0.0519928 -1.756e-21)
(-0.0413586 0.0484253 4.19305e-21)
(-0.0309236 0.0418843 0)
(-0.00500053 0.0157163 0)
(-0.00311384 0.0116664 -6.9657e-22)
(-0.00893473 0.0234848 3.75515e-21)
(-0.0142281 0.0300431 -3.29175e-21)
(-0.0224497 0.0374451 0)
(-0.016081 0.0296133 -6.15962e-21)
(-0.0239886 0.0343108 1.96148e-23)
(-0.00715529 0.0181053 0)
(-0.00962394 0.0217462 -4.84863e-21)
(-0.00351927 0.0110787 0)
(-0.0252728 0.0312929 3.70793e-24)
(-0.0351231 0.0329848 7.50842e-24)
(-0.034667 0.0261902 3.78142e-21)
(-0.0520121 0.0208697 -4.64462e-21)
(-0.0209318 -0.035813 9.5819e-21)
(-0.033555 -0.0440794 -2.01784e-20)
(-0.0482926 -0.0409102 4.29071e-21)
(-0.049174 0.00865046 -2.44648e-21)
(-0.0520995 -0.0229074 9.0872e-21)
(-0.0619452 -0.0116341 -6.38847e-21)
(-0.0051527 -0.0126183 0)
(-0.00902094 -0.0185009 0)
(-0.0109071 -0.0188867 -3.94997e-21)
(-0.0195477 -0.0244332 -5.7865e-21)
(-0.0026309 0.00914933 5.8918e-22)
(-0.0774196 0.00577754 1.41833e-21)
(-0.046612 0.000136112 0)
(-0.0581042 0.00122774 -1.24136e-21)
(-0.0950493 0.0176506 1.69891e-21)
(-0.111305 0.0223713 -4.92018e-21)
(-0.120137 0.0334425 -5.951e-23)
(-0.103024 0.0427622 4.36254e-21)
(-0.113548 0.0480186 -5.10673e-21)
(-0.105353 0.0522904 3.47582e-21)
(-0.0618476 0.0543505 -4.10852e-21)
(-0.0810372 0.0514551 6.45654e-23)
(-0.0785657 0.055302 1.16995e-21)
(-0.0233499 0.0400694 4.18694e-21)
(-0.0354504 0.0470546 -3.38267e-23)
(-0.0497463 0.0501386 2.04845e-21)
(-0.00687827 0.0228425 1.81324e-21)
(-0.0173917 0.0343976 -2.20843e-21)
(-0.00372417 0.0155809 -1.62979e-21)
(-0.0110321 0.0213502 5.51834e-21)
(-0.0167727 0.0247209 0)
(-0.0041728 0.0118146 4.35865e-21)
(-0.00576428 0.0140572 -7.70962e-21)
(-0.00217792 0.00741517 0)
(-0.00263641 -0.00631701 0)
(-0.00446515 -0.00911146 -1.24867e-21)
(-0.017563 0.0213207 5.58311e-21)
(-0.0256887 0.0211407 -3.58002e-24)
(-0.0259872 0.0145012 -1.15358e-20)
(-0.0367348 0.00768351 1.16768e-20)
(-0.0236878 -0.0165486 4.13099e-21)
(-0.0312136 -0.0138406 -3.3472e-21)
(-0.0292382 -0.00166811 -4.09266e-21)
(-0.00616623 -0.00965982 7.75063e-22)
(-0.0100319 -0.0122903 2.21025e-21)
(-0.0151825 -0.0106177 1.5206e-21)
(-0.00294978 0.0121278 -3.12885e-21)
(-0.0192677 0.0346932 0)
(-0.0398786 0.0439722 0)
(-0.0607155 0.0230825 4.16339e-21)
(-0.0704014 0.0358104 -2.89183e-21)
(-0.0649367 0.0447651 0)
(-0.0146136 0.00166475 3.38508e-23)
(-0.0409893 0.00946203 0)
(-0.00669955 0.0219359 -1.05826e-22)
(-0.00237714 -0.00454743 -6.55713e-22)
(-0.00141078 -0.00298297 3.22299e-21)
(-0.00756587 0.0137676 7.97954e-21)
(-0.0110415 0.0158567 0)
(-0.00248142 0.0073041 -3.62404e-21)
(-0.00402814 0.00899576 -1.15076e-20)
(-0.0013376 0.00474958 6.3525e-21)
(-0.00323489 -0.00487855 4.54458e-22)
(-0.00625314 -0.00710266 0)
(-0.0127307 0.0105894 0)
(-0.0180428 0.0100774 0)
(-0.0195754 0.00127685 0)
(-0.0085684 -0.00539676 5.18471e-21)
(-0.0136784 -0.00605974 -4.43024e-21)
(-0.015137 -6.84211e-05 0)
(-0.000914717 0.00716344 0)
(-0.0033671 -0.00357266 2.92982e-21)
(-0.000873484 -0.00131666 -7.34713e-21)
(-0.00143078 -0.00206775 1.27875e-20)
(-0.00208223 -0.00241667 -7.73017e-21)
(-0.000800777 -0.000861464 -2.5151e-21)
(-0.000349156 -0.000345419 0)
(-0.00474246 0.00740876 3.75875e-21)
(-0.00770979 0.0073557 0)
(-0.00157106 0.00396216 0)
(-0.00230553 0.00477001 0)
(-0.000928212 0.00251094 -1.3866e-21)
(-0.00453127 -0.00304332 2.40547e-21)
(-0.00649722 -0.00320261 0)
(-0.0067305 -9.54919e-05 7.26714e-21)
(-0.00737413 0.00449117 1.91921e-21)
(-0.00863575 0.00193315 -7.24593e-21)
(-0.00236913 -0.00178694 0)
(-0.00358693 -0.00177768 5.67598e-21)
(-0.00110882 -0.000877617 9.20868e-21)
(-0.00184481 -0.00123744 -1.0445e-20)
(-0.000373001 -0.000193582 -1.87581e-22)
(-0.000845758 -0.000448518 7.77963e-21)
(-0.00258189 0.00327365 1.55766e-21)
(-0.00379975 0.00315336 -1.16804e-21)
(-0.000573838 0.0010416 -8.97329e-21)
(-0.000969588 0.00167058 1.22614e-20)
(-0.00152654 0.002132 0)
(-0.00366522 -0.000728757 -5.76149e-21)
(-0.00463927 0.000421173 -8.42785e-21)
(-0.00385703 0.00086673 1.24951e-20)
(-0.00343006 0.00187951 0)
(-0.000517065 0.000622958 0)
(-0.000228751 0.000239013 4.78606e-21)
(-0.00208421 -0.00061788 3.61065e-21)
(-0.00275287 -0.00043391 -6.39961e-21)
(-0.000936922 -0.000285066 -1.40972e-22)
(-0.00152081 -0.000350211 8.83564e-25)
(-0.000860039 0.000794084 0)
(-0.00143611 0.0012986 2.09358e-21)
(-0.00200469 0.00132478 -1.80864e-21)
(-0.0023512 2.32979e-05 -1.72879e-24)
(-0.00193841 0.000664761 8.58481e-22)
(-0.00273581 0.00037659 6.79164e-21)
(-0.000250425 0.000168228 -6.3441e-21)
(-0.000659261 0.000433604 0)
(-0.00128083 -9.06378e-05 -9.49336e-21)
(-0.00180312 3.40961e-05 4.52518e-21)
(-0.00124284 0.000146615 4.81375e-21)
(-0.00082276 0.000337579 0)
(-0.00142874 0.000482766 -5.27357e-21)
)
;

boundaryField
{
    movingWall
    {
        type            fixedValue;
        value           uniform (1 0 0);
    }
    fixedWalls
    {
        type            noSlip;
    }
    frontAndBack
    {
        type            empty;
    }
    defaultFaces
    {
        type            empty;
    }
}


// ************************************************************************* //
