/*--------------------------------*- C++ -*----------------------------------*\
  =========                 |
  \\      /  F ield         | OpenFOAM: The Open Source CFD Toolbox
   \\    /   O peration     | Website:  https://openfoam.org
    \\  /    A nd           | Version:  8
     \\/     M anipulation  |
\*---------------------------------------------------------------------------*/
FoamFile
{
    version     2.0;
    format      ascii;
    class       volVectorField;
    location    "0.089";
    object      U;
}
// * * * * * * * * * * * * * * * * * * * * * * * * * * * * * * * * * * * * * //

dimensions      [0 1 -1 0 0 0 0];

internalField   nonuniform List<vector> 
656
(
(0.743372 0.0565316 -9.65473e-25)
(0.927889 0.0140691 1.86667e-24)
(0.954788 -0.00127375 0)
(-0.0910749 0.118994 2.40002e-23)
(0.556742 0.0977245 1.12098e-23)
(0.841242 0.000939744 0)
(-0.0571798 0.0672276 -4.939e-23)
(-0.0145962 0.018846 9.85106e-24)
(0.968227 -0.000150839 0)
(-0.000504664 0.138601 -2.37829e-24)
(-0.0030496 0.193131 -7.83496e-23)
(-0.117738 0.172053 0)
(0.376006 0.139834 1.00526e-23)
(0.715019 0.00930684 0)
(0.890989 0.00127448 -1.70667e-22)
(0.906567 0.000583099 4.77898e-23)
(0.00104041 0.0823432 9.70488e-24)
(0.00137427 0.0267217 0)
(0.971852 -7.6339e-05 -3.43357e-23)
(0.913662 0.000298555 -1.43719e-22)
(-0.0123884 0.0928732 7.71106e-23)
(-0.00523408 0.0628721 0)
(-0.0239222 0.125115 1.33361e-24)
(-0.00789615 0.242543 1.53982e-22)
(-0.136115 0.223437 -1.67658e-22)
(0.210343 0.18042 -2.26587e-23)
(0.577674 0.0245875 0)
(0.8007 0.00637692 2.66449e-22)
(0.829494 0.00303221 -8.91623e-23)
(-0.00144234 0.0356645 0)
(-0.000151563 0.0114448 0)
(0.916986 0.000158362 5.13466e-23)
(0.973373 -4.69466e-05 -3.66607e-23)
(0.842959 0.00161741 1.95816e-22)
(0.849424 0.000810475 -5.18089e-23)
(0.854031 6.34928e-05 -1.08889e-22)
(-0.00677975 0.0608904 -1.05381e-22)
(-0.00280708 0.0409242 1.7071e-23)
(-0.0137926 0.0825098 -1.88325e-22)
(-0.0408484 0.158564 -1.577e-22)
(-0.01671 0.28282 1.66501e-22)
(-0.143742 0.269547 -4.77714e-24)
(0.0686489 0.217917 4.55154e-22)
(0.433182 0.0474137 0)
(0.696558 0.0162323 0)
(0.739381 0.00802647 -3.6982e-22)
(-0.00082163 0.0230279 -5.40252e-24)
(-0.000128818 0.00732299 0)
(0.854942 -0.000883154 1.20144e-22)
(0.919453 2.84549e-05 -2.78104e-23)
(0.974008 -2.02057e-05 4.92918e-24)
(0.75977 0.00435528 0)
(0.769764 0.00218547 0)
(0.776842 0.000152012 -1.06666e-22)
(0.778387 -0.00237206 4.59706e-22)
(0.763626 -0.00604321 0)
(-0.0103745 0.0366042 2.00131e-22)
(-0.00502145 0.0257397 2.95145e-22)
(-0.00202819 0.0165171 -2.87514e-22)
(-0.0250269 0.104803 -1.85263e-22)
(-0.0193443 0.0489367 5.84787e-22)
(0.28681 0.0796721 -1.32799e-22)
(0.57847 0.0319868 1.75137e-22)
(0.635201 0.0165802 -5.20767e-22)
(-0.000553535 0.00884743 4.53702e-23)
(-6.70889e-05 0.0025618 6.0905e-23)
(0.84486 -0.00224245 -2.5466e-22)
(0.92 -0.00014638 8.54502e-23)
(0.974687 1.29038e-05 5.47827e-24)
(0.726768 -0.015198 -1.16792e-23)
(0.662692 0.0091192 0)
(0.676456 0.00466451 1.93316e-22)
(0.686386 0.000386401 2.04132e-22)
(0.68897 -0.00481306 -8.82331e-22)
(0.669711 -0.0125431 2.27279e-22)
(-0.00839881 0.0139349 8.88421e-22)
(-0.00405365 0.00913811 -6.83449e-24)
(-0.00182771 0.00550514 0)
(-0.000643611 0.00295304 1.0577e-22)
(0.447786 0.0558281 0)
(0.516951 0.0303681 6.66113e-22)
(-8.94479e-05 0.00127332 -1.00135e-22)
(5.53251e-05 0.000241391 -3.08628e-23)
(0.604786 -0.0240905 4.71813e-22)
(0.820259 -0.00592585 1.49694e-22)
(0.914484 -0.000374942 0)
(0.97503 4.19893e-05 -5.28356e-23)
(0.619973 -0.030231 -2.88771e-22)
(0.468208 -0.0472382 7.26193e-22)
(0.251479 -0.190757 -8.79081e-22)
(0.550825 0.0170804 0)
(0.56815 0.00874871 4.66271e-23)
(0.581239 0.000992525 -1.45194e-22)
(0.585539 -0.00871515 5.11886e-22)
(0.562579 -0.0231808 -8.69611e-22)
(-0.0147911 0.00626419 3.73776e-22)
(-0.00924715 0.0030667 -3.98853e-22)
(-0.00537224 0.00139791 -1.97735e-22)
(-0.00279646 0.000480315 3.91349e-22)
(-0.00116584 4.38415e-05 4.713e-23)
(-0.000203189 -6.20621e-05 -2.84976e-23)
(-0.136728 -0.250241 5.90066e-23)
(0.411944 -0.147966 -6.13836e-23)
(0.732778 -0.0090164 -7.95845e-22)
(0.901186 -0.00112448 0)
(0.973747 0.000109573 0)
(0.499721 -0.0539485 5.52146e-22)
(0.325512 -0.0810144 -2.7733e-22)
(0.106283 -0.230036 1.02582e-22)
(-0.141409 -0.298198 1.38428e-21)
(-0.0465804 0.0112551 0)
(-0.0340209 0.00583954 1.86863e-22)
(-0.0235914 0.00285793 -6.59976e-22)
(-0.0149878 0.00114531 1.84041e-22)
(-0.00792711 0.000287613 -4.38527e-23)
(-0.00212803 2.17918e-05 -2.72268e-23)
(-0.0075439 -0.28903 0)
(-0.120665 -0.194926 0)
(0.582914 -0.103403 4.88166e-22)
(0.850386 -0.000878693 -3.99584e-23)
(0.970606 0.000203289 -1.0304e-22)
(-0.015557 -0.332919 -1.64648e-21)
(-0.0760016 0.0100105 0)
(-0.0568623 0.00552753 1.9315e-22)
(-0.0403702 0.00276358 -1.41144e-24)
(-0.0262671 0.00117178 9.54886e-23)
(-0.0142712 0.000360379 -4.48734e-23)
(-0.00411641 7.18024e-05 0)
(-0.0276219 -0.164275 -5.51166e-22)
(-0.00296275 -0.233229 0)
(-0.094997 -0.136206 5.08316e-22)
(0.75789 -0.0597746 0)
(0.956555 0.00135216 7.64116e-23)
(-0.046678 -0.205095 0)
(-0.0980845 0.00828975 0)
(-0.0741665 0.00460898 1.20078e-22)
(-0.0531752 0.00234378 -3.48152e-22)
(-0.0349417 0.0010281 1.12646e-22)
(-0.0192397 0.000345412 5.03483e-23)
(-0.00578431 8.89845e-05 -1.68739e-23)
(-0.015655 -0.119027 2.82625e-22)
(-0.0145372 -0.123352 0)
(-0.000248178 -0.169217 -4.45518e-22)
(-0.0605237 -0.0776122 4.30418e-22)
(0.931395 -0.0147218 0)
(-0.0284336 -0.148594 0)
(-0.107004 0.00724208 1.53155e-22)
(-0.0810006 0.00408766 -1.47862e-22)
(-0.0581644 0.00207795 1.43073e-22)
(-0.038291 0.000905988 -2.73887e-22)
(-0.0211551 0.000304643 3.76654e-22)
(-0.00650422 7.86169e-05 -5.02185e-23)
(-0.0133573 -0.0678604 2.43769e-22)
(-0.0077182 -0.0890983 -5.22016e-22)
(-0.00596346 -0.0840664 1.52074e-22)
(0.00181256 -0.100771 -4.6198e-22)
(-0.014189 -0.0214027 1.30993e-23)
(-0.024115 -0.0868529 0)
(-0.0154615 -0.0452161 -5.49846e-23)
(-0.107963 0.00780884 -1.88582e-22)
(-0.0816241 0.00492887 7.60119e-22)
(-0.0586939 0.00264438 -7.25764e-22)
(-0.0387753 0.00113991 0)
(-0.0215135 0.000351541 0)
(-0.00671226 7.2736e-05 -5.509e-24)
(-0.00849437 -0.0350822 1.17253e-22)
(-0.00666785 -0.0497934 3.44445e-24)
(-0.00302973 -0.0605434 3.97954e-22)
(-0.00125803 -0.0475667 -1.49542e-22)
(0.00233743 -0.0310267 0)
(-0.00873851 -0.0196308 8.91155e-22)
(-0.0632761 0.00409148 8.29101e-22)
(-0.0414412 0.0025707 -8.57305e-22)
(-0.0227754 0.000908323 0)
(-0.00700819 0.000157903 -7.76626e-24)
(-0.0048066 -0.0146293 -2.36315e-22)
(-0.00418801 -0.0254852 -9.16752e-23)
(-0.00273024 -0.0332933 1.89004e-22)
(-0.000643012 -0.0342511 -1.29325e-22)
(0.000182381 -0.0143651 4.94292e-23)
(-0.00447445 -0.0052644 0)
(-0.00270601 0.00320088 -1.02406e-21)
(-0.0505272 0.00118006 0)
(-0.0176845 0.000393818 -2.71407e-23)
(-0.00152202 0.000804157 0)
(-0.0023815 -0.00358811 -2.4056e-22)
(-0.00234516 -0.010234 -4.59275e-22)
(-0.00172135 -0.0168632 -6.24874e-23)
(-0.000724383 -0.0186275 1.27155e-22)
(7.65242e-05 -0.0106534 -4.96195e-23)
(-0.00108021 -0.000901954 2.08811e-21)
(-0.00130625 0.00154791 2.17906e-21)
(-0.00310782 0.0036938 7.02071e-23)
(-0.000132301 0.00198937 -4.81421e-22)
(-0.000749136 0.00104828 -9.82492e-25)
(-0.00111839 -0.00225131 1.24587e-22)
(-0.000958368 -0.00653685 3.71986e-22)
(-0.000484006 -0.00935162 7.62147e-24)
(-6.56822e-05 -0.00583935 -2.27909e-23)
(-0.000147385 -0.00257544 -1.88362e-24)
(-0.000453296 -0.00141138 -1.74693e-21)
(-0.000547683 0.000678874 -5.26919e-22)
(-0.0013614 0.00157879 0)
(-0.00319372 0.00914404 1.51722e-21)
(0.0003892 0.00150998 -2.58748e-22)
(-4.00947e-06 0.00176493 2.56504e-22)
(-0.000314488 0.00105886 1.28438e-22)
(-0.000440216 -0.00126606 0)
(-0.000272126 -0.00350611 -1.2192e-22)
(-6.47749e-05 -0.00293406 1.71268e-23)
(0.000229812 -0.00282407 8.27434e-22)
(1.29978e-05 -0.00241836 3.33751e-22)
(-0.000162179 -0.00146221 1.96694e-22)
(-0.000173911 0.000193273 5.36033e-23)
(-0.000334941 0.000545832 -6.14604e-23)
(-0.000459814 0.0021203 1.0924e-21)
(0.000310232 0.000534755 1.08136e-21)
(0.000248382 0.0012693 -4.0476e-22)
(2.98064e-05 0.00143268 -2.63976e-22)
(-0.000107177 0.000883837 -1.28486e-22)
(-0.000115843 -0.000584146 0)
(-3.96762e-05 -0.00106224 -1.12742e-23)
(0.000527991 -0.00205861 0)
(0.00018502 -0.00240444 -2.86303e-22)
(4.71908e-05 -0.00200882 -9.86502e-22)
(-3.77008e-05 -0.0012145 3.2149e-22)
(-2.21848e-05 -2.84023e-05 -3.58209e-22)
(-1.24994e-05 1.19517e-05 9.65593e-24)
(0.000532046 0.000192049 -4.69797e-22)
(0.000171509 0.000398913 7.16204e-22)
(0.000139512 0.000980667 -6.92982e-22)
(2.76353e-05 0.00103602 1.32346e-22)
(-1.7268e-05 0.000583939 0)
(-1.10012e-05 -0.000141968 1.11475e-23)
(0.000388898 -0.000698772 0)
(0.000316789 -0.00169619 5.50365e-22)
(0.000115032 -0.00187526 7.1644e-22)
(3.78174e-05 -0.00146582 9.39678e-22)
(8.23661e-06 -0.000791213 -3.338e-22)
(9.7796e-06 -5.50514e-05 -2.20474e-23)
(0.00120538 0.0002773 -5.60812e-22)
(0.000378404 0.000104427 0)
(8.3705e-05 0.000273298 5.14328e-22)
(6.4868e-05 0.000678655 0)
(1.68363e-05 0.000614498 0)
(6.22744e-06 0.000211523 0)
(0.000718684 -0.000234851 6.27186e-22)
(0.000209878 -0.000524518 -5.69271e-22)
(0.00016886 -0.00128765 -5.60027e-22)
(5.82729e-05 -0.00130848 -4.18078e-22)
(2.38481e-05 -0.000872117 -4.34759e-22)
(1.31873e-05 -0.000279333 1.31222e-23)
(0.00168591 0.000145652 0)
(0.000961202 0.000159179 1.40554e-22)
(0.000249768 5.15504e-05 0)
(3.23383e-05 0.000167277 1.98726e-27)
(2.19688e-05 0.000385216 0)
(8.67153e-06 0.000196652 -8.98034e-23)
(0.00183413 -2.67046e-05 0)
(0.00156412 -0.000258251 -5.66059e-22)
(0.000522168 -0.000131919 -1.57989e-22)
(9.94248e-05 -0.000360108 2.91849e-22)
(7.56668e-05 -0.000877419 -4.14964e-22)
(2.45365e-05 -0.000750043 -1.31464e-22)
(1.22928e-05 -0.000280624 9.15686e-23)
(0.00135341 8.23561e-05 -1.88764e-23)
(0.000715481 8.24739e-05 -2.10202e-22)
(0.000149277 2.00345e-05 0)
(6.31712e-06 8.30097e-05 -1.0821e-22)
(5.51692e-06 0.000112638 9.05926e-23)
(0.00147064 -1.80415e-05 2.09892e-24)
(0.00124722 -0.000151875 6.35707e-22)
(0.000352522 -6.60351e-05 -4.72309e-27)
(3.77772e-05 -0.000221156 1.34928e-25)
(2.46157e-05 -0.000490514 -2.65275e-22)
(9.49833e-06 -0.000226838 8.36337e-23)
(0.00101774 4.25582e-05 1.4857e-22)
(0.000483153 3.63776e-05 1.02542e-22)
(7.34168e-05 3.85839e-06 -1.26143e-22)
(-1.22131e-06 1.91389e-05 2.30053e-23)
(0.00110583 -1.07248e-05 2.0944e-24)
(0.000931233 -8.12765e-05 -1.40607e-22)
(0.00021584 -2.61366e-05 4.54169e-22)
(7.22491e-06 -0.00011037 -2.1277e-22)
(6.0112e-06 -0.000139086 3.40365e-26)
(0.000696097 1.89748e-05 0)
(0.000271378 1.19826e-05 1.13807e-22)
(1.73673e-05 -1.10283e-06 7.96668e-23)
(0.000756866 -5.78842e-06 0)
(0.000631511 -3.70973e-05 -2.057e-22)
(0.000108923 -5.34247e-06 3.95909e-22)
(-1.46374e-06 -2.55802e-05 4.39588e-23)
(0.000398317 6.50652e-06 -9.70975e-25)
(8.26794e-05 2.82882e-06 -1.43009e-22)
(0.000433614 -2.79673e-06 9.69712e-25)
(0.000356529 -1.29654e-05 -1.14033e-22)
(2.67346e-05 1.18702e-06 1.12934e-22)
(0.000128969 1.65481e-06 4.33798e-23)
(0.000140678 -1.23314e-06 0)
(0.000109498 -3.58831e-06 -1.09967e-23)
(-0.142805 0.304015 2.22384e-21)
(-0.0269627 0.258916 5.09922e-22)
(-0.0419225 0.128297 0)
(-0.0753956 0.189539 2.78623e-21)
(-0.0629118 0.19421 -2.94436e-21)
(-0.073022 0.268242 0)
(-0.0373496 0.311078 0)
(-0.0980452 0.353175 -1.02569e-21)
(-0.0849302 0.314173 0)
(-0.0388409 0.266567 -1.88531e-21)
(0.152159 0.126701 4.23773e-21)
(-0.0955074 0.278837 0)
(-0.0338099 0.0636955 -3.65697e-22)
(-0.0560702 0.10525 0)
(-0.0162072 0.0192656 -3.81809e-21)
(-0.0385987 0.0469828 3.90722e-21)
(-0.0831657 0.121715 -2.27027e-21)
(-0.114796 0.159415 0)
(-0.0954014 0.203483 0)
(-0.119101 0.24024 6.18362e-22)
(-0.10878 0.295516 0)
(-0.0974964 0.289536 1.95869e-21)
(-0.0152742 0.19448 2.36968e-21)
(0.0946772 0.155501 -5.71835e-21)
(0.302808 0.0912268 1.1234e-21)
(-0.149953 0.235269 -5.90024e-22)
(-0.140543 0.252469 0)
(-0.0215698 0.0120702 -3.15874e-21)
(-0.0491873 0.028652 8.65326e-22)
(-0.0607813 0.052156 7.20346e-22)
(-0.0913819 0.081873 2.30837e-21)
(-0.121538 0.0806729 -4.44499e-21)
(-0.167505 0.115469 -3.93327e-21)
(-0.159415 0.156947 -3.00645e-21)
(-0.184491 0.185495 5.63124e-21)
(-0.130934 0.208746 -1.64175e-21)
(-0.0600027 0.184083 -1.71406e-21)
(0.0433091 0.128478 0)
(0.387488 0.0504157 -5.74685e-21)
(0.190368 0.106437 0)
(0.423924 0.0298136 0)
(0.243698 0.0593231 4.83684e-21)
(-0.20681 0.172881 0)
(-0.178848 0.179871 0)
(-0.0108473 -0.277365 6.03709e-21)
(-0.146114 -0.33037 0)
(0.386543 -0.0835114 0)
(0.436602 0.0148336 -1.97023e-22)
(0.273596 0.034175 0)
(0.26952 -0.0944409 0)
(0.456529 -0.0376442 1.1832e-21)
(0.458427 0.0017914 3.69632e-21)
(0.296578 0.00855257 0)
(0.32002 -0.0442477 0)
(0.473853 -0.0152629 0)
(0.325095 -0.0149194 -3.75314e-21)
(-0.063956 0.0225517 1.14952e-21)
(-0.0974188 0.0360227 -1.44531e-21)
(-0.120521 0.0485927 4.75467e-21)
(-0.173508 0.0548067 0)
(-0.202303 0.085115 0)
(-0.231692 0.0954734 -3.1048e-21)
(-0.249597 0.120086 -2.36308e-21)
(-0.152318 0.139204 0)
(0.0674793 0.0804188 3.34717e-21)
(-0.0352854 0.118035 0)
(0.151948 0.0435655 0)
(0.0047961 0.0682072 -3.61974e-21)
(-0.267032 0.106391 7.84727e-21)
(-0.228673 0.113314 -2.31886e-21)
(-0.0112098 -0.264236 -3.40716e-21)
(0.172353 -0.13773 7.67052e-21)
(0.147213 -0.156983 -6.00212e-21)
(-0.114827 -0.387007 1.70474e-21)
(-0.0771431 -0.329037 -3.71048e-21)
(-0.036174 -0.360387 2.43751e-22)
(0.0477264 -0.183754 -6.36435e-21)
(0.0511346 -0.153934 2.08615e-21)
(0.149729 -0.110152 3.22715e-21)
(0.134002 0.0100569 0)
(0.0258886 0.0381272 0)
(0.0865135 -0.0943341 -3.55657e-21)
(0.18949 -0.0572681 0)
(0.101096 -0.0463002 -3.31618e-21)
(0.200537 -0.0211013 3.02412e-21)
(0.0615352 -0.0097753 4.60933e-21)
(-0.0973006 0.0161603 1.65291e-21)
(-0.141108 0.0248624 0)
(-0.16821 0.0343269 0)
(-0.213582 0.0401078 3.28341e-21)
(-0.245118 0.0588376 0)
(-0.274295 0.059891 8.26241e-21)
(-0.294493 0.0759775 -7.06126e-21)
(-0.108258 0.0542704 0)
(-0.132026 0.0690199 -5.67658e-21)
(-0.222719 0.0874086 1.15629e-20)
(-0.195122 0.0400576 0)
(-0.292502 0.075297 -7.47358e-21)
(-0.306172 0.0691406 -3.98623e-21)
(-0.0856971 -0.315048 0)
(-0.0705395 -0.248576 7.72744e-21)
(-0.0719274 -0.243755 0)
(-0.0639324 -0.323049 -5.27585e-22)
(-0.0899591 -0.326035 4.14361e-22)
(-0.102162 -0.24242 -7.93624e-21)
(-0.0603395 -0.188507 -7.29073e-21)
(-0.0903611 -0.16264 9.69495e-21)
(-0.0371771 -0.116158 2.98966e-21)
(-0.103643 -0.0834653 -3.91714e-21)
(-0.0500318 -0.0527866 0)
(-0.0772207 -0.0178736 -3.18618e-21)
(-0.172126 0.0108959 0)
(-0.123471 0.0131841 0)
(-0.167779 0.0198122 -1.28101e-21)
(-0.198094 0.0256511 -5.01979e-21)
(-0.232519 0.0320188 4.30489e-21)
(-0.261245 0.0426988 -1.53211e-21)
(-0.279706 0.0448645 -1.96661e-21)
(-0.307511 0.056794 6.22748e-21)
(-0.277592 0.046881 -6.94644e-21)
(-0.30105 0.0619522 8.46946e-21)
(-0.264018 0.0155257 0)
(-0.298747 0.0397592 -1.19023e-21)
(-0.321166 0.0618828 0)
(-0.31436 0.0565659 0)
(-0.0467887 -0.174295 -1.23693e-20)
(-0.0894347 -0.248997 4.26681e-21)
(-0.109881 -0.258994 5.15499e-21)
(-0.121752 -0.288644 -7.1046e-22)
(-0.137727 -0.259308 6.5544e-22)
(-0.172233 -0.210029 -7.46635e-21)
(-0.174968 -0.170586 0)
(-0.195618 -0.112958 -9.32941e-21)
(-0.281276 0.0178942 -4.39168e-21)
(-0.237522 -0.08196 6.78736e-21)
(-0.273983 -0.0184054 2.80128e-21)
(-0.135494 0.0115884 4.51752e-21)
(-0.294667 0.0530485 2.69733e-21)
(-0.173484 0.0179238 -3.22747e-21)
(-0.198935 0.0232818 -2.79434e-21)
(-0.226294 0.0312883 -6.05196e-21)
(-0.261506 0.0397392 1.35422e-21)
(-0.270897 0.0439435 -3.43183e-21)
(-0.294276 0.0460227 -2.6992e-21)
(-0.318237 0.060771 6.72779e-22)
(-0.313225 0.0515535 1.23265e-21)
(-0.274838 0.0591635 4.81691e-21)
(-0.291151 0.0568438 1.99652e-21)
(-0.301956 0.0645238 -1.27921e-21)
(-0.294118 0.0611476 -1.91856e-21)
(-0.242412 0.0645927 -6.67711e-21)
(-0.0389572 -0.105085 0)
(-0.0625012 -0.165989 8.27743e-21)
(-0.183072 0.0661258 0)
(-0.221451 0.0555644 4.37741e-21)
(-0.120776 0.0615395 8.4773e-21)
(-0.146576 0.0581716 -5.59777e-21)
(-0.0860443 -0.181448 0)
(-0.125148 -0.221312 -4.90037e-21)
(-0.162279 -0.198661 1.5002e-20)
(-0.219428 0.0286139 -5.83721e-21)
(-0.245522 0.00874503 4.6204e-21)
(-0.179571 -0.15731 -1.06991e-20)
(-0.23049 -0.0769403 1.13788e-22)
(-0.222384 -0.0475245 -9.42586e-21)
(-0.135738 0.0117712 0)
(-0.266244 0.0527995 0)
(-0.245171 0.039597 2.5967e-22)
(-0.250755 0.0463445 -3.54415e-22)
(-0.169207 0.0200995 -5.02248e-21)
(-0.197277 0.0263324 5.34141e-21)
(-0.2157 0.0314421 4.63401e-21)
(-0.284838 0.070171 1.83082e-21)
(-0.276873 0.0697515 -4.16907e-22)
(-0.247388 0.0774323 3.63316e-21)
(-0.228232 0.0764822 1.32583e-21)
(-0.259227 0.057288 -5.47572e-21)
(-0.264835 0.0719012 1.999e-23)
(-0.2716 0.0638697 4.67546e-21)
(-0.201415 0.0821164 2.29948e-21)
(-0.176504 0.0804303 -7.50234e-21)
(-0.119856 0.0731978 2.8829e-21)
(-0.145063 0.0806256 2.3815e-21)
(-0.0957086 0.0709183 -3.36804e-21)
(-0.057565 0.0524456 0)
(-0.0759401 0.0589813 2.79832e-21)
(-0.0918701 0.0547539 -2.40034e-22)
(-0.0834269 0.0470394 0)
(-0.0249324 -0.0547216 -4.19627e-21)
(-0.049076 -0.0950157 4.10557e-21)
(-0.0595065 -0.102591 2.88711e-21)
(-0.0951229 -0.138297 0)
(-0.107707 0.0317541 1.0204e-20)
(-0.14114 0.0342297 0)
(-0.168899 0.0188892 5.66236e-21)
(-0.121307 -0.116502 1.30633e-22)
(-0.152643 -0.0268252 1.53358e-21)
(-0.151436 -0.124329 -4.2194e-21)
(-0.17998 -0.0561366 8.46574e-21)
(-0.0139532 -0.0251671 -4.96204e-22)
(-0.0255734 -0.0430862 0)
(-0.126002 0.0107817 0)
(-0.0850568 0.0038401 -5.14551e-22)
(-0.102855 0.00502788 5.18697e-22)
(-0.223806 0.0441776 -3.00818e-21)
(-0.234484 0.0542639 2.64529e-21)
(-0.150075 0.0166042 0)
(-0.184906 0.0256341 -2.45617e-21)
(-0.201143 0.0351556 2.95873e-21)
(-0.199207 0.0864345 1.24116e-21)
(-0.239282 0.0767413 -2.0177e-21)
(-0.232765 0.081742 -2.56042e-21)
(-0.218732 0.060221 -3.409e-21)
(-0.219073 0.0716459 6.75997e-22)
(-0.176343 0.0843043 0)
(-0.148087 0.0843891 0)
(-0.134585 0.0828148 0)
(-0.10708 0.0793837 -2.97557e-21)
(-0.0874878 0.0727892 -1.67582e-21)
(-0.0674384 0.0661613 3.98957e-21)
(-0.050525 0.0542442 0)
(-0.00780842 0.0145313 0)
(-0.00500041 0.00961338 -6.67879e-22)
(-0.0142649 0.0259843 3.59746e-21)
(-0.0228611 0.0350539 -3.1536e-21)
(-0.0363447 0.0471474 0)
(-0.0258683 0.0329092 -5.85684e-21)
(-0.0393744 0.0403152 3.75498e-23)
(-0.0107527 0.015436 0)
(-0.0146979 0.0201793 -4.59986e-21)
(-0.00493253 0.00587277 0)
(-0.0416699 0.0354745 1.35513e-23)
(-0.059747 0.0401239 2.05766e-23)
(-0.0589269 0.0304369 3.55591e-21)
(-0.0924796 0.0259533 -4.32545e-21)
(-0.0363809 -0.0479467 8.81291e-21)
(-0.0604577 -0.0669828 -1.85481e-20)
(-0.0882041 -0.0672171 3.9511e-21)
(-0.0877742 0.00901567 -2.28004e-21)
(-0.0965993 -0.0379672 8.37686e-21)
(-0.117176 -0.0226115 -5.88531e-21)
(-0.0069 -0.0070859 0)
(-0.0130816 -0.0154605 0)
(-0.0161972 -0.0167652 -3.64655e-21)
(-0.0323228 -0.0283297 -5.33373e-21)
(-0.00421476 0.00680761 5.65155e-22)
(-0.117803 0.0104125 1.25357e-21)
(-0.069779 0.000824291 0)
(-0.0874987 0.00282388 -1.09678e-21)
(-0.146698 0.0292962 1.49046e-21)
(-0.173554 0.0375344 -4.45781e-21)
(-0.18933 0.055048 -8.10658e-23)
(-0.162314 0.0678493 4.04891e-21)
(-0.181565 0.0761256 -4.75263e-21)
(-0.169062 0.0815068 3.23332e-21)
(-0.0990755 0.0791454 -3.93071e-21)
(-0.128481 0.0781573 6.07468e-23)
(-0.125917 0.0828404 1.11158e-21)
(-0.037132 0.0531457 4.04607e-21)
(-0.0566217 0.064535 -4.4216e-23)
(-0.0786205 0.0718128 1.95872e-21)
(-0.0111593 0.0273606 1.76765e-21)
(-0.0273566 0.0448938 -2.14115e-21)
(-0.00631034 0.0177605 -1.5888e-21)
(-0.0165699 0.0185402 5.23523e-21)
(-0.0262074 0.023991 0)
(-0.00504084 0.00498528 4.11264e-21)
(-0.00739814 0.00750774 -7.26837e-21)
(-0.00222763 0.000334566 0)
(-0.00222396 0.000331454 0)
(-0.00450579 -0.0021549 -1.1554e-21)
(-0.0267821 0.019426 5.2423e-21)
(-0.0413382 0.0217622 -1.58191e-23)
(-0.0412681 0.0142468 -1.0782e-20)
(-0.0632505 0.00757508 1.0884e-20)
(-0.0389584 -0.0179355 3.80771e-21)
(-0.0543275 -0.0178043 -3.09013e-21)
(-0.0479352 -0.00261619 -3.8081e-21)
(-0.00654773 -0.00306614 7.17178e-22)
(-0.0130973 -0.00712745 2.03319e-21)
(-0.021445 -0.00661969 1.40881e-21)
(-0.00507088 0.0134528 -3.05321e-21)
(-0.0292684 0.049563 0)
(-0.0616466 0.0639645 0)
(-0.0931563 0.0360267 3.94697e-21)
(-0.10884 0.0553769 -2.76841e-21)
(-0.101074 0.0672065 0)
(-0.0222629 0.00259979 3.06212e-23)
(-0.0626336 0.0148129 0)
(-0.0100259 0.0309586 -1.03653e-22)
(-0.000829191 0.00176153 -6.08664e-22)
(-0.000217467 0.00204875 2.99376e-21)
(-0.00929498 0.00687225 7.49977e-21)
(-0.0147093 0.0105714 0)
(-0.00154216 -0.000792458 -3.39872e-21)
(-0.00344547 0.000626241 -1.07878e-20)
(-0.000489319 -0.00230155 5.95606e-21)
(-0.00139587 0.00147394 4.21849e-22)
(-0.00537992 -0.000676513 0)
(-0.0158996 0.00597529 0)
(-0.0257744 0.00784379 0)
(-0.0282715 0.00049245 0)
(-0.00745333 -0.000584918 4.81293e-21)
(-0.0162936 -0.00291924 -4.11252e-21)
(-0.0185748 0.000574284 0)
(-0.00132113 0.0099389 0)
(-0.000409802 0.001666 2.7225e-21)
(0.00058014 0.00166827 -6.82893e-21)
(0.000651826 0.00195451 1.18869e-20)
(0.000635466 0.00178182 -7.18397e-21)
(0.000874869 0.0012265 -2.33877e-21)
(0.000468765 0.000635594 0)
(-0.00314222 -8.87995e-05 3.51874e-21)
(-0.00669383 0.00129194 0)
(0.000156562 -0.0029345 0)
(-0.000223351 -0.00243933 0)
(0.000225403 -0.00302237 -1.29477e-21)
(-0.000777984 0.00109899 2.23582e-21)
(-0.003088 0.000834621 0)
(-0.00238795 0.00043477 6.76851e-21)
(-0.0046326 0.000682434 1.79024e-21)
(-0.00598562 0.00148011 -6.75079e-21)
(0.0011603 0.00146325 0)
(0.000773484 0.00130185 5.27914e-21)
(0.0012412 0.0010703 8.56216e-21)
(0.00149005 0.00125007 -9.71163e-21)
(0.000673618 0.000345561 -1.74315e-22)
(0.00121937 0.000655691 7.23279e-21)
(0.000782122 -0.00231921 1.45299e-21)
(0.000204453 -0.00132577 -1.08956e-21)
(0.000750299 -0.00229644 -8.36623e-21)
(0.000954147 -0.00268596 1.14318e-20)
(0.00119867 -0.00254144 0)
(0.00133509 0.0009532 -5.358e-21)
(0.000533736 0.000832181 -7.84286e-21)
(0.00172015 -5.5796e-06 1.1628e-20)
(0.00158771 -0.00102087 0)
(0.00107272 -0.00147847 0)
(0.000583632 -0.000820052 4.46027e-21)
(0.00197094 0.000841763 3.35733e-21)
(0.00209798 0.000794833 -5.95496e-21)
(0.00144444 0.000458152 -1.30425e-22)
(0.00190974 0.000597442 1.78975e-24)
(0.00158018 -0.0013437 0)
(0.0019499 -0.00163237 1.9505e-21)
(0.00220277 -0.00110387 -1.68503e-21)
(0.0025574 0.000271581 -4.16493e-24)
(0.00246072 -0.000551034 7.99863e-22)
(0.00247613 -0.000120466 6.32241e-21)
(0.000882571 -0.000391616 -5.91228e-21)
(0.00160524 -0.000761198 0)
(0.0020196 0.000251009 -8.83114e-21)
(0.00245028 0.000199221 4.21039e-21)
(0.00220573 -3.6755e-05 4.4837e-21)
(0.00189748 -0.000437573 0)
(0.00231373 -0.000458512 -4.91229e-21)
)
;

boundaryField
{
    movingWall
    {
        type            fixedValue;
        value           uniform (1 0 0);
    }
    fixedWalls
    {
        type            noSlip;
    }
    frontAndBack
    {
        type            empty;
    }
    defaultFaces
    {
        type            empty;
    }
}


// ************************************************************************* //
