/*--------------------------------*- C++ -*----------------------------------*\
  =========                 |
  \\      /  F ield         | OpenFOAM: The Open Source CFD Toolbox
   \\    /   O peration     | Website:  https://openfoam.org
    \\  /    A nd           | Version:  8
     \\/     M anipulation  |
\*---------------------------------------------------------------------------*/
FoamFile
{
    version     2.0;
    format      ascii;
    class       volVectorField;
    location    "0.094";
    object      U;
}
// * * * * * * * * * * * * * * * * * * * * * * * * * * * * * * * * * * * * * //

dimensions      [0 1 -1 0 0 0 0];

internalField   nonuniform List<vector> 
656
(
(0.743372 0.0565316 -9.65478e-25)
(0.927889 0.0140691 1.86667e-24)
(0.954788 -0.00127375 0)
(-0.0910749 0.118994 2.40002e-23)
(0.556742 0.0977245 1.12098e-23)
(0.841242 0.000939743 0)
(-0.0571798 0.0672276 -4.93902e-23)
(-0.0145962 0.018846 9.85104e-24)
(0.968227 -0.00015084 0)
(-0.000504494 0.138601 -2.37828e-24)
(-0.00304952 0.193131 -7.83495e-23)
(-0.117738 0.172053 0)
(0.376006 0.139834 1.00526e-23)
(0.715019 0.00930684 0)
(0.890989 0.00127448 -1.70667e-22)
(0.906567 0.000583101 4.77898e-23)
(0.00104052 0.0823432 9.70513e-24)
(0.00137429 0.0267217 0)
(0.971852 -7.63389e-05 -3.43357e-23)
(0.913662 0.000298558 -1.43719e-22)
(-0.0123884 0.0928732 7.71104e-23)
(-0.00523406 0.0628721 0)
(-0.0239222 0.125114 1.33361e-24)
(-0.00789619 0.242543 1.53981e-22)
(-0.136115 0.223437 -1.67657e-22)
(0.210343 0.18042 -2.26587e-23)
(0.577674 0.0245875 0)
(0.8007 0.00637692 2.66449e-22)
(0.829494 0.00303222 -8.91624e-23)
(-0.00144234 0.0356645 0)
(-0.000151564 0.0114448 0)
(0.916986 0.000158366 5.13467e-23)
(0.973373 -4.69462e-05 -3.66607e-23)
(0.842959 0.00161743 1.95816e-22)
(0.849424 0.000810489 -5.18089e-23)
(0.854031 6.3502e-05 -1.08889e-22)
(-0.00677975 0.0608904 -1.05381e-22)
(-0.00280708 0.0409241 1.7071e-23)
(-0.0137926 0.0825097 -1.88325e-22)
(-0.0408484 0.158564 -1.577e-22)
(-0.0167101 0.28282 1.66501e-22)
(-0.143742 0.269547 -4.77706e-24)
(0.0686489 0.217917 4.55154e-22)
(0.433182 0.0474137 0)
(0.696558 0.0162323 0)
(0.739381 0.00802649 -3.69821e-22)
(-0.000821629 0.0230279 -5.40252e-24)
(-0.000128818 0.00732298 0)
(0.854943 -0.000883153 1.20144e-22)
(0.919453 2.84574e-05 -2.78104e-23)
(0.974008 -2.02051e-05 4.92918e-24)
(0.75977 0.00435531 0)
(0.769765 0.0021855 0)
(0.776843 0.000152034 -1.06666e-22)
(0.778388 -0.00237205 4.59706e-22)
(0.763627 -0.00604323 0)
(-0.0103745 0.0366041 2.00131e-22)
(-0.00502145 0.0257396 2.95145e-22)
(-0.00202819 0.0165171 -2.87513e-22)
(-0.0250269 0.104803 -1.85263e-22)
(-0.0193443 0.0489367 5.84786e-22)
(0.28681 0.0796721 -1.32799e-22)
(0.57847 0.0319868 1.75137e-22)
(0.635201 0.0165802 -5.20768e-22)
(-0.000553535 0.00884742 4.53702e-23)
(-6.70889e-05 0.00256179 6.0905e-23)
(0.844861 -0.00224246 -2.5466e-22)
(0.92 -0.00014638 8.54502e-23)
(0.974687 1.29041e-05 5.47827e-24)
(0.726768 -0.015198 -1.16792e-23)
(0.662692 0.00911927 0)
(0.676457 0.00466458 1.93316e-22)
(0.686386 0.000386448 2.04132e-22)
(0.688971 -0.00481305 -8.82331e-22)
(0.669711 -0.0125431 2.27279e-22)
(-0.00839881 0.0139349 8.88421e-22)
(-0.00405364 0.0091381 -6.8345e-24)
(-0.00182771 0.00550512 0)
(-0.000643611 0.00295303 1.0577e-22)
(0.447786 0.0558281 0)
(0.516952 0.0303682 6.66113e-22)
(-8.94478e-05 0.00127332 -1.00135e-22)
(5.5325e-05 0.00024139 -3.08628e-23)
(0.604786 -0.0240906 4.71813e-22)
(0.820259 -0.00592586 1.49694e-22)
(0.914484 -0.000374945 0)
(0.97503 4.19891e-05 -5.28356e-23)
(0.619973 -0.0302311 -2.88771e-22)
(0.468209 -0.0472383 7.26193e-22)
(0.251479 -0.190757 -8.79081e-22)
(0.550826 0.0170805 0)
(0.568151 0.00874884 4.66271e-23)
(0.58124 0.000992611 -1.45194e-22)
(0.58554 -0.00871514 5.11886e-22)
(0.56258 -0.0231808 -8.69611e-22)
(-0.0147911 0.00626418 3.73776e-22)
(-0.00924713 0.0030667 -3.98853e-22)
(-0.00537223 0.00139791 -1.97735e-22)
(-0.00279645 0.000480314 3.91348e-22)
(-0.00116583 4.38412e-05 4.713e-23)
(-0.000203188 -6.20621e-05 -2.84976e-23)
(-0.136728 -0.250241 5.90066e-23)
(0.411944 -0.147966 -6.13836e-23)
(0.732778 -0.00901641 -7.95845e-22)
(0.901186 -0.00112449 0)
(0.973747 0.000109572 0)
(0.499722 -0.0539486 5.52146e-22)
(0.325513 -0.0810145 -2.7733e-22)
(0.106283 -0.230036 1.02582e-22)
(-0.141409 -0.298198 1.38428e-21)
(-0.0465803 0.0112551 0)
(-0.0340209 0.00583953 1.86863e-22)
(-0.0235914 0.00285792 -6.59976e-22)
(-0.0149878 0.00114531 1.84041e-22)
(-0.00792709 0.000287612 -4.38527e-23)
(-0.00212802 2.17916e-05 -2.72268e-23)
(-0.00754384 -0.28903 0)
(-0.120665 -0.194926 0)
(0.582914 -0.103403 4.88166e-22)
(0.850386 -0.000878695 -3.99584e-23)
(0.970606 0.000203289 -1.0304e-22)
(-0.0155569 -0.33292 -1.64648e-21)
(-0.0760015 0.0100106 0)
(-0.0568623 0.00552753 1.9315e-22)
(-0.0403702 0.00276358 -1.41143e-24)
(-0.0262671 0.00117179 9.54886e-23)
(-0.0142712 0.000360379 -4.48734e-23)
(-0.0041164 7.18021e-05 0)
(-0.0276218 -0.164275 -5.51166e-22)
(-0.00296272 -0.233229 0)
(-0.094997 -0.136206 5.08316e-22)
(0.75789 -0.0597746 0)
(0.956555 0.00135216 7.64116e-23)
(-0.0466779 -0.205096 0)
(-0.0980846 0.00828979 0)
(-0.0741666 0.00460899 1.20078e-22)
(-0.0531752 0.00234379 -3.48152e-22)
(-0.0349417 0.0010281 1.12646e-22)
(-0.0192397 0.000345413 5.03483e-23)
(-0.00578431 8.89843e-05 -1.68739e-23)
(-0.015655 -0.119027 2.82625e-22)
(-0.0145372 -0.123352 0)
(-0.000248168 -0.169217 -4.45518e-22)
(-0.0605237 -0.0776122 4.30418e-22)
(0.931395 -0.0147218 0)
(-0.0284336 -0.148594 0)
(-0.107005 0.00724213 1.53155e-22)
(-0.0810007 0.00408768 -1.47862e-22)
(-0.0581645 0.00207796 1.43073e-22)
(-0.0382911 0.000905993 -2.73887e-22)
(-0.0211551 0.000304644 3.76654e-22)
(-0.00650422 7.86168e-05 -5.02185e-23)
(-0.0133574 -0.067861 2.43769e-22)
(-0.00771819 -0.0890988 -5.22016e-22)
(-0.00596344 -0.0840667 1.52074e-22)
(0.00181257 -0.100771 -4.6198e-22)
(-0.014189 -0.0214027 1.30993e-23)
(-0.024115 -0.0868538 0)
(-0.0154617 -0.0452167 -5.49846e-23)
(-0.107964 0.00780891 -1.88582e-22)
(-0.0816243 0.00492891 7.60119e-22)
(-0.058694 0.0026444 -7.25764e-22)
(-0.0387754 0.00113992 0)
(-0.0215135 0.000351543 0)
(-0.00671227 7.27361e-05 -5.50899e-24)
(-0.00849444 -0.0350827 1.17253e-22)
(-0.00666787 -0.0497939 3.44447e-24)
(-0.00302972 -0.0605438 3.97954e-22)
(-0.00125803 -0.0475669 -1.49542e-22)
(0.00233743 -0.0310267 0)
(-0.00873863 -0.0196312 8.91155e-22)
(-0.0632763 0.00409153 8.291e-22)
(-0.0414414 0.00257073 -8.57304e-22)
(-0.0227754 0.00090833 0)
(-0.0070082 0.000157904 -7.76625e-24)
(-0.00480666 -0.0146295 -2.36315e-22)
(-0.00418805 -0.0254856 -9.16752e-23)
(-0.00273025 -0.0332936 1.89004e-22)
(-0.000643011 -0.0342513 -1.29325e-22)
(0.000182382 -0.0143651 4.94292e-23)
(-0.00447454 -0.00526449 0)
(-0.00270607 0.003201 -1.02407e-21)
(-0.0505275 0.00118009 0)
(-0.0176845 0.000393823 -2.71407e-23)
(-0.00152206 0.000804206 0)
(-0.00238155 -0.00358817 -2.40559e-22)
(-0.00234519 -0.0102342 -4.59275e-22)
(-0.00172137 -0.0168635 -6.24874e-23)
(-0.000724385 -0.0186277 1.27155e-22)
(7.65246e-05 -0.0106535 -4.96195e-23)
(-0.00108025 -0.000901935 2.08811e-21)
(-0.00130628 0.001548 2.17906e-21)
(-0.00310787 0.00369392 7.02071e-23)
(-0.000132307 0.00198946 -4.81421e-22)
(-0.000749155 0.00104833 -9.82514e-25)
(-0.00111841 -0.00225134 1.24587e-22)
(-0.000958381 -0.00653697 3.71986e-22)
(-0.00048401 -0.00935175 7.62147e-24)
(-6.56822e-05 -0.0058394 -2.27909e-23)
(-0.000147403 -0.00257549 -1.88365e-24)
(-0.000453315 -0.00141138 -1.74693e-21)
(-0.000547697 0.00067893 -5.26919e-22)
(-0.00136142 0.00157886 0)
(-0.00319376 0.00914422 1.51722e-21)
(0.000389216 0.00151005 -2.58748e-22)
(-4.01106e-06 0.00176501 2.56504e-22)
(-0.000314496 0.00105891 1.28438e-22)
(-0.000440225 -0.00126607 0)
(-0.00027213 -0.00350617 -1.2192e-22)
(-6.47753e-05 -0.0029341 1.71268e-23)
(0.000229808 -0.00282417 8.27434e-22)
(1.299e-05 -0.00241841 3.33751e-22)
(-0.000162188 -0.00146221 1.96694e-22)
(-0.000173916 0.000193308 5.36033e-23)
(-0.000334947 0.000545867 -6.14605e-23)
(-0.000459819 0.00212035 1.0924e-21)
(0.000310246 0.000534781 1.08136e-21)
(0.000248392 0.00126936 -4.0476e-22)
(2.98063e-05 0.00143274 -2.63976e-22)
(-0.00010718 0.00088387 -1.28486e-22)
(-0.000115845 -0.000584154 0)
(-3.96767e-05 -0.00106226 -1.12742e-23)
(0.000528006 -0.0020587 0)
(0.000185019 -0.00240452 -2.86303e-22)
(4.71879e-05 -0.00200886 -9.86502e-22)
(-3.77039e-05 -0.0012145 3.2149e-22)
(-2.2186e-05 -2.83849e-05 -3.58209e-22)
(-1.24999e-05 1.19609e-05 9.65593e-24)
(0.000532071 0.000192059 -4.69797e-22)
(0.000171517 0.000398931 7.16204e-22)
(0.000139517 0.000980713 -6.92982e-22)
(2.76355e-05 0.00103606 1.32346e-22)
(-1.72686e-05 0.000583959 0)
(-1.10014e-05 -0.00014197 1.11475e-23)
(0.000388912 -0.000698802 0)
(0.000316798 -0.00169626 5.50365e-22)
(0.000115032 -0.00187532 7.1644e-22)
(3.78166e-05 -0.00146586 9.39679e-22)
(8.23605e-06 -0.000791219 -3.338e-22)
(9.7796e-06 -5.50465e-05 -2.20475e-23)
(0.00120545 0.000277315 -5.60813e-22)
(0.000378422 0.000104432 0)
(8.37086e-05 0.000273311 5.14328e-22)
(6.48704e-05 0.000678686 0)
(1.68366e-05 0.000614522 0)
(6.22756e-06 0.00021153 0)
(0.000718713 -0.000234863 6.27186e-22)
(0.000209886 -0.000524539 -5.69271e-22)
(0.000168865 -0.0012877 -5.60027e-22)
(5.82733e-05 -0.00130853 -4.18078e-22)
(2.38481e-05 -0.000872136 -4.34759e-22)
(1.31874e-05 -0.000279335 1.31222e-23)
(0.001686 0.000145659 0)
(0.00096125 0.000159187 1.40554e-22)
(0.00024978 5.1553e-05 0)
(3.23397e-05 0.000167284 1.98726e-27)
(2.19696e-05 0.000385233 0)
(8.67174e-06 0.00019666 -8.98034e-23)
(0.00183422 -2.67078e-05 0)
(0.00156419 -0.000258265 -5.66059e-22)
(0.000522189 -0.000131925 -1.5799e-22)
(9.94284e-05 -0.000360122 2.91849e-22)
(7.5669e-05 -0.000877452 -4.14964e-22)
(2.45369e-05 -0.000750067 -1.31464e-22)
(1.2293e-05 -0.00028063 9.15686e-23)
(0.00135348 8.23598e-05 -1.88764e-23)
(0.000715517 8.2478e-05 -2.10202e-22)
(0.000149284 2.00355e-05 0)
(6.31736e-06 8.30131e-05 -1.0821e-22)
(5.51709e-06 0.000112643 9.05926e-23)
(0.00147072 -1.80433e-05 2.09892e-24)
(0.00124728 -0.000151883 6.35707e-22)
(0.000352536 -6.6038e-05 -4.72317e-27)
(3.77785e-05 -0.000221164 1.34932e-25)
(2.46164e-05 -0.000490533 -2.65275e-22)
(9.49856e-06 -0.000226845 8.36337e-23)
(0.00101779 4.25601e-05 1.4857e-22)
(0.000483177 3.63794e-05 1.02542e-22)
(7.34198e-05 3.85855e-06 -1.26143e-22)
(-1.22139e-06 1.91396e-05 2.30053e-23)
(0.00110589 -1.07258e-05 2.0944e-24)
(0.000931275 -8.12806e-05 -1.40607e-22)
(0.000215849 -2.61377e-05 4.54169e-22)
(7.22518e-06 -0.000110374 -2.1277e-22)
(6.01138e-06 -0.000139092 3.40375e-26)
(0.000696132 1.89756e-05 0)
(0.000271391 1.19831e-05 1.13807e-22)
(1.7368e-05 -1.1029e-06 7.96668e-23)
(0.000756903 -5.78888e-06 0)
(0.000631539 -3.70991e-05 -2.057e-22)
(0.000108927 -5.34266e-06 3.95909e-22)
(-1.4638e-06 -2.55811e-05 4.39588e-23)
(0.000398336 6.50679e-06 -9.70975e-25)
(8.26833e-05 2.82893e-06 -1.43009e-22)
(0.000433635 -2.7969e-06 9.69712e-25)
(0.000356544 -1.29659e-05 -1.14033e-22)
(2.67356e-05 1.18709e-06 1.12934e-22)
(0.000128975 1.65487e-06 4.33798e-23)
(0.000140685 -1.23318e-06 0)
(0.000109503 -3.58843e-06 -1.09967e-23)
(-0.142805 0.304015 2.22384e-21)
(-0.0269628 0.258916 5.09922e-22)
(-0.0419225 0.128296 0)
(-0.0753956 0.189539 2.78623e-21)
(-0.0629118 0.19421 -2.94436e-21)
(-0.073022 0.268242 0)
(-0.0373497 0.311078 0)
(-0.0980452 0.353175 -1.02569e-21)
(-0.0849302 0.314173 0)
(-0.0388409 0.266567 -1.88531e-21)
(0.152159 0.126701 4.23773e-21)
(-0.0955074 0.278837 0)
(-0.0338099 0.0636954 -3.65697e-22)
(-0.0560702 0.10525 0)
(-0.0162072 0.0192656 -3.81809e-21)
(-0.0385986 0.0469828 3.90722e-21)
(-0.0831657 0.121715 -2.27027e-21)
(-0.114795 0.159415 0)
(-0.0954014 0.203483 0)
(-0.119101 0.24024 6.18362e-22)
(-0.10878 0.295516 0)
(-0.0974965 0.289536 1.95869e-21)
(-0.0152742 0.19448 2.36968e-21)
(0.0946772 0.155501 -5.71835e-21)
(0.302808 0.0912268 1.1234e-21)
(-0.149953 0.235269 -5.90024e-22)
(-0.140543 0.252469 0)
(-0.0215698 0.0120701 -3.15874e-21)
(-0.0491873 0.028652 8.65326e-22)
(-0.0607813 0.052156 7.20346e-22)
(-0.0913818 0.081873 2.30837e-21)
(-0.121538 0.0806729 -4.44499e-21)
(-0.167505 0.115469 -3.93327e-21)
(-0.159415 0.156947 -3.00645e-21)
(-0.184491 0.185495 5.63124e-21)
(-0.130934 0.208746 -1.64175e-21)
(-0.0600027 0.184083 -1.71406e-21)
(0.0433093 0.128478 0)
(0.387488 0.0504158 -5.74685e-21)
(0.190368 0.106437 0)
(0.423925 0.0298138 0)
(0.243699 0.0593233 4.83684e-21)
(-0.20681 0.172881 0)
(-0.178848 0.179871 0)
(-0.0108471 -0.277365 6.03709e-21)
(-0.146114 -0.33037 0)
(0.386544 -0.0835115 0)
(0.436603 0.0148338 -1.97023e-22)
(0.273597 0.0341754 0)
(0.269521 -0.0944412 0)
(0.45653 -0.0376443 1.1832e-21)
(0.458428 0.00179153 3.69632e-21)
(0.29658 0.00855282 0)
(0.320021 -0.0442478 0)
(0.473854 -0.0152629 0)
(0.325096 -0.0149193 -3.75314e-21)
(-0.0639559 0.0225517 1.14952e-21)
(-0.0974188 0.0360227 -1.44531e-21)
(-0.120521 0.0485927 4.75467e-21)
(-0.173508 0.0548068 0)
(-0.202303 0.0851152 0)
(-0.231692 0.0954737 -3.1048e-21)
(-0.249597 0.120086 -2.36308e-21)
(-0.152318 0.139204 0)
(0.0674797 0.0804191 3.34717e-21)
(-0.0352851 0.118035 0)
(0.151949 0.0435659 0)
(0.00479665 0.0682077 -3.61974e-21)
(-0.267033 0.106391 7.84726e-21)
(-0.228673 0.113315 -2.31886e-21)
(-0.0112093 -0.264237 -3.40716e-21)
(0.172354 -0.13773 7.67052e-21)
(0.147214 -0.156983 -6.00212e-21)
(-0.114827 -0.387007 1.70474e-21)
(-0.0771426 -0.329038 -3.71048e-21)
(-0.0361738 -0.360387 2.43751e-22)
(0.0477273 -0.183755 -6.36435e-21)
(0.0511357 -0.153934 2.08615e-21)
(0.14973 -0.110152 3.22715e-21)
(0.134004 0.0100573 0)
(0.0258897 0.0381278 0)
(0.0865151 -0.0943344 -3.55657e-21)
(0.189492 -0.0572682 0)
(0.101098 -0.0463002 -3.31618e-21)
(0.200538 -0.0211012 3.02412e-21)
(0.0615368 -0.00977494 4.60933e-21)
(-0.0973006 0.0161603 1.65291e-21)
(-0.141108 0.0248625 0)
(-0.16821 0.034327 0)
(-0.213582 0.040108 3.28341e-21)
(-0.245119 0.0588379 0)
(-0.274295 0.0598914 8.2624e-21)
(-0.294493 0.0759782 -7.06126e-21)
(-0.108257 0.0542712 0)
(-0.132025 0.0690207 -5.67658e-21)
(-0.222718 0.0874094 1.15629e-20)
(-0.195122 0.0400585 0)
(-0.292502 0.075298 -7.47357e-21)
(-0.306172 0.0691414 -3.98623e-21)
(-0.0856964 -0.315049 0)
(-0.0705386 -0.248577 7.72744e-21)
(-0.0719273 -0.243756 0)
(-0.0639321 -0.32305 -5.27585e-22)
(-0.0899586 -0.326035 4.14361e-22)
(-0.102161 -0.242421 -7.93624e-21)
(-0.0603383 -0.188507 -7.29073e-21)
(-0.0903598 -0.162641 9.69494e-21)
(-0.0371756 -0.116158 2.98966e-21)
(-0.103642 -0.0834655 -3.91714e-21)
(-0.0500302 -0.0527866 0)
(-0.0772193 -0.0178731 -3.18618e-21)
(-0.172125 0.0108966 0)
(-0.123471 0.0131841 0)
(-0.16778 0.0198124 -1.28101e-21)
(-0.198094 0.0256512 -5.01979e-21)
(-0.23252 0.0320191 4.30489e-21)
(-0.261246 0.0426992 -1.53211e-21)
(-0.279707 0.0448651 -1.96661e-21)
(-0.307512 0.0567948 6.22748e-21)
(-0.277592 0.0468821 -6.94643e-21)
(-0.30105 0.0619533 8.46946e-21)
(-0.264018 0.0155265 0)
(-0.298747 0.0397603 -1.19023e-21)
(-0.321167 0.0618839 0)
(-0.314361 0.0565668 0)
(-0.0467887 -0.174296 -1.23693e-20)
(-0.0894345 -0.248998 4.26681e-21)
(-0.10988 -0.258996 5.15499e-21)
(-0.121751 -0.288645 -7.1046e-22)
(-0.137726 -0.259309 6.5544e-22)
(-0.172232 -0.210031 -7.46635e-21)
(-0.174968 -0.170587 0)
(-0.195617 -0.112958 -9.32941e-21)
(-0.281277 0.017895 -4.39168e-21)
(-0.237521 -0.0819602 6.78736e-21)
(-0.273983 -0.0184049 2.80128e-21)
(-0.135494 0.0115885 4.51752e-21)
(-0.294668 0.0530493 2.69733e-21)
(-0.173485 0.017924 -3.22747e-21)
(-0.198936 0.023282 -2.79434e-21)
(-0.226295 0.0312886 -6.05195e-21)
(-0.261507 0.0397397 1.35422e-21)
(-0.270898 0.0439441 -3.43183e-21)
(-0.294277 0.0460239 -2.6992e-21)
(-0.318238 0.0607722 6.72778e-22)
(-0.313226 0.0515547 1.23265e-21)
(-0.274839 0.0591647 4.81691e-21)
(-0.291152 0.0568447 1.99652e-21)
(-0.301957 0.064525 -1.27921e-21)
(-0.294119 0.0611487 -1.91856e-21)
(-0.242413 0.0645939 -6.67711e-21)
(-0.0389574 -0.105086 0)
(-0.0625013 -0.165991 8.27743e-21)
(-0.183073 0.0661269 0)
(-0.221453 0.0555655 4.37741e-21)
(-0.120778 0.0615405 8.4773e-21)
(-0.146577 0.0581726 -5.59777e-21)
(-0.0860444 -0.18145 0)
(-0.125147 -0.221314 -4.90037e-21)
(-0.162279 -0.198662 1.5002e-20)
(-0.219429 0.0286146 -5.83721e-21)
(-0.245524 0.0087456 4.6204e-21)
(-0.179571 -0.157311 -1.06991e-20)
(-0.23049 -0.0769407 1.13788e-22)
(-0.222385 -0.0475247 -9.42586e-21)
(-0.135738 0.0117713 0)
(-0.266245 0.0528003 0)
(-0.245172 0.0395976 2.5967e-22)
(-0.250756 0.0463452 -3.54415e-22)
(-0.169208 0.0200998 -5.02247e-21)
(-0.197277 0.0263327 5.34141e-21)
(-0.215701 0.0314425 4.634e-21)
(-0.28484 0.0701723 1.83082e-21)
(-0.276874 0.0697527 -4.16907e-22)
(-0.24739 0.0774335 3.63316e-21)
(-0.228233 0.0764835 1.32583e-21)
(-0.259228 0.0572888 -5.47572e-21)
(-0.264836 0.0719023 1.99899e-23)
(-0.271602 0.0638708 4.67546e-21)
(-0.201416 0.0821176 2.29948e-21)
(-0.176506 0.0804315 -7.50234e-21)
(-0.119857 0.0731989 2.8829e-21)
(-0.145064 0.0806268 2.3815e-21)
(-0.0957095 0.0709194 -3.36804e-21)
(-0.0575656 0.0524465 0)
(-0.075941 0.0589823 2.79832e-21)
(-0.0918711 0.0547548 -2.40034e-22)
(-0.0834279 0.0470402 0)
(-0.0249326 -0.0547224 -4.19627e-21)
(-0.0490763 -0.0950169 4.10557e-21)
(-0.0595068 -0.102592 2.88711e-21)
(-0.0951232 -0.138299 0)
(-0.107708 0.0317548 1.0204e-20)
(-0.141141 0.0342304 0)
(-0.1689 0.0188897 5.66236e-21)
(-0.121308 -0.116503 1.30633e-22)
(-0.152644 -0.0268254 1.53358e-21)
(-0.151436 -0.124331 -4.2194e-21)
(-0.179981 -0.056137 8.46574e-21)
(-0.0139534 -0.0251676 -4.96204e-22)
(-0.0255737 -0.043087 0)
(-0.126003 0.0107819 0)
(-0.085057 0.00384016 -5.1455e-22)
(-0.102855 0.00502797 5.18697e-22)
(-0.223807 0.0441782 -3.00818e-21)
(-0.234485 0.0542647 2.64529e-21)
(-0.150076 0.0166045 0)
(-0.184907 0.0256344 -2.45617e-21)
(-0.201144 0.0351561 2.95873e-21)
(-0.199208 0.0864357 1.24116e-21)
(-0.239284 0.0767424 -2.01769e-21)
(-0.232766 0.0817432 -2.56042e-21)
(-0.218733 0.0602218 -3.409e-21)
(-0.219074 0.0716469 6.75997e-22)
(-0.176344 0.0843054 0)
(-0.148088 0.0843903 0)
(-0.134587 0.082816 0)
(-0.107081 0.0793848 -2.97557e-21)
(-0.0874887 0.0727903 -1.67582e-21)
(-0.0674391 0.0661623 3.98958e-21)
(-0.0505256 0.0542451 0)
(-0.00780853 0.0145317 0)
(-0.00500049 0.00961361 -6.67879e-22)
(-0.014265 0.0259848 3.59747e-21)
(-0.0228614 0.0350545 -3.1536e-21)
(-0.0363451 0.0471481 0)
(-0.0258687 0.0329098 -5.85684e-21)
(-0.039375 0.040316 3.75502e-23)
(-0.0107529 0.0154363 0)
(-0.0146982 0.0201797 -4.59986e-21)
(-0.00493263 0.00587295 0)
(-0.0416704 0.0354752 1.35515e-23)
(-0.0597478 0.0401246 2.05769e-23)
(-0.0589277 0.0304375 3.55591e-21)
(-0.0924807 0.0259538 -4.32545e-21)
(-0.0363814 -0.0479475 8.81291e-21)
(-0.0604583 -0.0669838 -1.85481e-20)
(-0.0882048 -0.0672181 3.9511e-21)
(-0.0877754 0.00901587 -2.28004e-21)
(-0.0966004 -0.0379678 8.37686e-21)
(-0.117177 -0.0226118 -5.88531e-21)
(-0.00690014 -0.00708603 0)
(-0.0130819 -0.0154608 0)
(-0.0161975 -0.0167655 -3.64655e-21)
(-0.0323233 -0.0283302 -5.33373e-21)
(-0.00421482 0.00680779 5.65155e-22)
(-0.117803 0.0104126 1.25357e-21)
(-0.0697794 0.000824338 0)
(-0.0874992 0.00282395 -1.09678e-21)
(-0.146699 0.0292965 1.49045e-21)
(-0.173555 0.0375348 -4.45781e-21)
(-0.189331 0.0550487 -8.10663e-23)
(-0.162315 0.06785 4.04891e-21)
(-0.181566 0.0761265 -4.75263e-21)
(-0.169063 0.0815079 3.23332e-21)
(-0.0990763 0.0791465 -3.93072e-21)
(-0.128482 0.0781582 6.07468e-23)
(-0.125918 0.0828415 1.11158e-21)
(-0.0371324 0.0531465 4.04607e-21)
(-0.0566223 0.0645359 -4.42166e-23)
(-0.0786212 0.0718137 1.95872e-21)
(-0.0111595 0.0273611 1.76765e-21)
(-0.0273569 0.0448945 -2.14115e-21)
(-0.0063104 0.0177608 -1.5888e-21)
(-0.0165702 0.0185406 5.23523e-21)
(-0.0262079 0.0239915 0)
(-0.00504097 0.00498544 4.11264e-21)
(-0.00739832 0.00750795 -7.26837e-21)
(-0.0022277 0.000334612 0)
(-0.00222402 0.000331494 0)
(-0.00450591 -0.00215492 -1.1554e-21)
(-0.0267826 0.0194265 5.2423e-21)
(-0.0413389 0.0217626 -1.58193e-23)
(-0.0412689 0.0142471 -1.0782e-20)
(-0.0632515 0.00757523 1.0884e-20)
(-0.0389591 -0.0179359 3.80771e-21)
(-0.0543283 -0.0178046 -3.09013e-21)
(-0.0479361 -0.00261627 -3.8081e-21)
(-0.00654791 -0.00306619 7.17178e-22)
(-0.0130976 -0.00712761 2.03319e-21)
(-0.0214454 -0.00661986 1.40881e-21)
(-0.00507093 0.013453 -3.05322e-21)
(-0.0292687 0.0495635 0)
(-0.0616472 0.0639653 0)
(-0.0931569 0.036027 3.94697e-21)
(-0.10884 0.0553775 -2.76841e-21)
(-0.101075 0.0672073 0)
(-0.0222631 0.00259981 3.06211e-23)
(-0.0626341 0.0148131 0)
(-0.010026 0.030959 -1.03653e-22)
(-0.000829221 0.00176162 -6.08664e-22)
(-0.000217478 0.00204885 2.99376e-21)
(-0.00929522 0.00687241 7.49977e-21)
(-0.0147097 0.0105716 0)
(-0.00154223 -0.000792466 -3.39873e-21)
(-0.00344559 0.000626259 -1.07878e-20)
(-0.000489352 -0.0023016 5.95606e-21)
(-0.00139591 0.00147403 4.21849e-22)
(-0.00538008 -0.000676498 0)
(-0.0159 0.0059754 0)
(-0.025775 0.00784394 0)
(-0.0282721 0.000492433 0)
(-0.00745356 -0.000584909 4.81293e-21)
(-0.0162941 -0.00291932 -4.11252e-21)
(-0.0185753 0.000574262 0)
(-0.00132114 0.00993903 0)
(-0.000409815 0.0016661 2.7225e-21)
(0.000580166 0.00166836 -6.82893e-21)
(0.000651854 0.00195462 1.18869e-20)
(0.000635494 0.00178192 -7.18398e-21)
(0.000874911 0.00122657 -2.33877e-21)
(0.000468787 0.000635626 0)
(-0.00314234 -8.88265e-05 3.51874e-21)
(-0.00669405 0.00129194 0)
(0.000156548 -0.0029346 0)
(-0.000223381 -0.00243943 0)
(0.000225398 -0.00302248 -1.29477e-21)
(-0.000778013 0.00109906 2.23582e-21)
(-0.00308811 0.000834665 0)
(-0.00238804 0.000434775 6.76851e-21)
(-0.00463277 0.000682408 1.79024e-21)
(-0.00598583 0.00148011 -6.75079e-21)
(0.00116035 0.00146333 0)
(0.000773524 0.00130192 5.27914e-21)
(0.00124126 0.00107036 8.56216e-21)
(0.00149012 0.00125014 -9.71163e-21)
(0.000673651 0.000345579 -1.74315e-22)
(0.00121943 0.000655727 7.23279e-21)
(0.000782129 -0.00231932 1.45299e-21)
(0.000204441 -0.00132586 -1.08956e-21)
(0.000750323 -0.00229654 -8.36624e-21)
(0.000954175 -0.00268607 1.14318e-20)
(0.00119871 -0.00254155 0)
(0.00133516 0.000953242 -5.358e-21)
(0.000533758 0.000832195 -7.84286e-21)
(0.00172021 -5.60159e-06 1.1628e-20)
(0.00158776 -0.00102093 0)
(0.00107276 -0.00147854 0)
(0.000583655 -0.000820088 4.46027e-21)
(0.00197104 0.000841807 3.35733e-21)
(0.00209809 0.000794868 -5.95497e-21)
(0.00144452 0.000458176 -1.30425e-22)
(0.00190984 0.000597473 1.78979e-24)
(0.00158025 -0.00134377 0)
(0.00194997 -0.00163245 1.9505e-21)
(0.00220286 -0.00110393 -1.68503e-21)
(0.00255753 0.000271588 -4.16505e-24)
(0.00246083 -0.00055107 7.99863e-22)
(0.00247625 -0.000120484 6.32241e-21)
(0.000882608 -0.000391635 -5.91228e-21)
(0.00160531 -0.000761236 0)
(0.00201971 0.00025102 -8.83114e-21)
(0.0024504 0.000199226 4.21039e-21)
(0.00220584 -3.67606e-05 4.4837e-21)
(0.00189757 -0.000437597 0)
(0.00231383 -0.000458541 -4.91229e-21)
)
;

boundaryField
{
    movingWall
    {
        type            fixedValue;
        value           uniform (1 0 0);
    }
    fixedWalls
    {
        type            noSlip;
    }
    frontAndBack
    {
        type            empty;
    }
    defaultFaces
    {
        type            empty;
    }
}


// ************************************************************************* //
