/*--------------------------------*- C++ -*----------------------------------*\
  =========                 |
  \\      /  F ield         | OpenFOAM: The Open Source CFD Toolbox
   \\    /   O peration     | Website:  https://openfoam.org
    \\  /    A nd           | Version:  8
     \\/     M anipulation  |
\*---------------------------------------------------------------------------*/
FoamFile
{
    version     2.0;
    format      ascii;
    class       surfaceScalarField;
    location    "0.02";
    object      phi;
}
// * * * * * * * * * * * * * * * * * * * * * * * * * * * * * * * * * * * * * //

dimensions      [0 3 -1 0 0 0 0];

internalField   nonuniform List<scalar> 
1107
(
0.000315957
-0.000643218
0.000633378
-0.000306116
0.000616947
-0.00030099
-2.96007e-05
0.000646548
0.000304968
0.000538642
-0.000106521
-0.000737089
-0.000968226
0.000629976
-9.7211e-05
0.000700988
0.000286082
-5.35557e-05
-1.49083e-05
-3.71241e-05
0.000683672
-3.34194e-05
1.4486e-05
-8.75875e-05
0.000180436
-0.000148123
-6.57316e-05
0.000300192
-0.000856846
-0.00126656
0.00059853
-0.000206232
0.000738996
0.000759922
-9.60584e-05
4.15122e-05
0.000813144
-9.47336e-05
3.61032e-06
-4.268e-05
-1.12979e-05
0.000725184
0.000850584
2.97246e-05
-6.71651e-05
6.45944e-05
-0.000126996
-8.57216e-05
2.51967e-05
-4.81898e-05
0.000226104
-0.000139279
-0.000213821
0.000277171
-0.000116798
0.000296226
-0.000875901
-0.00150837
0.000538028
-0.000363817
0.000756116
0.000826447
-0.000183509
0.000895378
-0.000163666
5.22659e-06
-2.27099e-05
-6.07135e-06
-2.17085e-05
0.000862109
1.01838e-05
0.000754909
0.000940813
-0.0001126
0.000957143
-3.80386e-05
0.000945489
-2.39072e-05
3.55613e-05
3.5157e-05
-7.22419e-05
-4.86367e-05
1.35277e-05
-2.65605e-05
-8.13423e-05
-0.000130179
0.000319921
-0.000212661
-0.000321081
0.000395795
-0.000192672
0.00030576
-0.000785867
0.000457121
-0.00165973
-0.000565277
0.000739487
0.000876544
-0.000303937
0.000961426
-0.000248547
2.97737e-06
-1.21596e-05
-3.09398e-06
8.67601e-05
0.000911389
-5.26596e-05
0.000850519
-1.23175e-05
0.000765093
0.00101643
-0.0001676
0.00103905
-6.06662e-05
0.00102813
4.64883e-05
0.00098938
0.000125507
-0.000116136
0.000925301
0.000180214
5.67134e-05
-0.000102811
-3.52448e-05
2.72609e-05
-1.91842e-05
1.02878e-05
-9.58734e-06
-0.000127882
-0.000214958
-6.10408e-05
-0.000169652
0.000684746
-0.000792902
0.000894958
-0.000459408
0.000999237
-0.000352826
2.18237e-06
-4.05416e-06
-9.11607e-07
0.000861604
-6.63509e-05
0.000821408
-2.35486e-05
0.000752775
0.000818143
-0.000144843
0.000252001
0.00106365
-0.000232011
0.00109195
-8.89674e-05
0.00108345
5.49916e-05
0.00104159
0.000167361
0.000961759
0.000260048
4.49827e-05
-3.02555e-05
-7.5768e-05
2.41039e-05
-1.43659e-05
1.13195e-05
-6.39986e-06
4.22868e-06
-2.4965e-06
0.000865563
-0.000640225
0.000987169
-0.000474433
8.73338e-07
-6.98815e-07
-3.8276e-08
0.000329689
0.000667684
-0.00017923
0.000788152
-7.13908e-05
0.000783792
-2.87342e-05
0.000729226
0.000818972
0.000394788
0.000618309
0.000530353
0.000386269
-0.0012924
0.00152444
0.00105996
-0.000304803
0.00109561
-0.000124619
0.001094
5.66027e-05
0.00105182
0.000209543
0.000954985
0.000356882
-3.51727e-05
-5.47447e-05
5.96618e-05
-1.89517e-05
-3.05869e-05
-8.96694e-06
-1.63846e-05
-3.34191e-06
-8.12153e-06
-6.64744e-07
-3.37598e-06
-7.03021e-07
0.000992724
0.000341259
-0.000947715
0.000370602
-0.000995317
0.000686911
-7.79891e-05
0.000738036
-2.56348e-05
0.000700492
0.000779862
0.000569911
0.000539788
0.000770427
0.000407629
0.0016566
0.000476072
0.000924281
-5.57979e-05
-9.26974e-05
9.37506e-05
-3.02732e-05
-5.61116e-05
-1.4316e-05
-3.23418e-05
-5.30906e-06
-1.71285e-05
-1.06525e-06
-7.61979e-06
-1.76827e-06
0.000108111
0.000293536
-6.03877e-05
0.000225506
-0.000802618
0.000357452
-0.000665858
0.000680414
-2.03678e-05
0.000674857
0.000404331
0.000179852
-4.18665e-05
-0.000120558
6.97275e-05
-2.30735e-05
-7.49046e-05
-1.11292e-05
-4.42862e-05
-4.24413e-06
-2.40135e-05
-9.23977e-07
-1.09399e-05
-2.69224e-06
0.000250364
0.000194128
-0.000150955
0.000197158
-3.20399e-05
0.000135103
-0.000580269
0.000342898
-0.000328342
0.00065449
0.000283725
0.000370971
-1.27337e-05
-0.000127998
2.01733e-05
-7.27373e-06
-8.03645e-05
-3.62499e-06
-4.79349e-05
-1.46765e-06
-2.61709e-05
-3.64067e-07
-1.20435e-05
-3.0563e-06
0.000148812
0.000128293
-8.29776e-05
0.000123807
-7.76046e-05
0.000118746
-1.56834e-05
6.95296e-05
-0.000306901
0.000326148
0.000189089
0.000243448
1.46898e-05
-0.000115986
-2.67016e-05
7.51692e-06
-7.31917e-05
3.37448e-06
-4.37925e-05
1.19919e-06
-2.39956e-05
1.98985e-07
-1.10433e-05
-2.85731e-06
0.000123806
7.3551e-05
-6.90632e-05
8.10459e-05
-4.02162e-05
7.13112e-05
-3.01695e-05
5.83512e-05
-4.505e-06
1.92471e-05
0.00011151
0.000201385
-8.16902e-05
5.67822e-05
0.000136418
1.65293e-05
-3.57538e-05
-9.67616e-05
7.80628e-06
-6.44687e-05
3.3647e-06
-3.93509e-05
1.21511e-06
-2.1846e-05
2.35343e-07
-1.00635e-05
-2.62196e-06
3.66243e-05
-4.47636e-05
4.54336e-05
-3.34509e-05
4.63337e-05
-1.52386e-05
3.41086e-05
-5.92694e-06
1.47421e-05
-4.69353e-05
2.46011e-05
7.91165e-05
-2.94256e-05
5.31491e-05
-6.30744e-05
-1.16099e-05
-3.96617e-05
-2.60839e-06
-1.90651e-05
-5.23035e-06
1.51268e-05
-2.54379e-05
2.20945e-05
-2.14245e-05
2.55002e-05
-1.26174e-05
2.19463e-05
-3.07631e-06
8.81515e-06
7.4194e-06
-2.3416e-05
4.05977e-05
-3.01945e-06
5.9168e-06
7.30899e-06
-1.02063e-05
-1.19714e-05
5.16172e-05
-5.87107e-05
-1.72018e-05
7.42184e-07
-8.36888e-06
1.50461e-05
4.11299e-06
-1.24022e-05
8.70581e-06
-1.20492e-05
1.21304e-05
-8.05461e-06
1.19283e-05
-2.59943e-06
5.73885e-06
-9.38134e-08
3.47246e-06
-6.39809e-06
-1.20726e-06
2.89954e-06
4.2245e-06
-2.04236e-06
7.71342e-06
-1.53057e-05
9.63464e-06
-1.16554e-06
-1.63515e-06
3.54287e-06
-2.78733e-08
-4.22803e-06
2.06938e-06
-5.76582e-06
4.57135e-06
-4.49018e-06
5.57158e-06
-1.69788e-06
3.13942e-06
1.54297e-06
1.46912e-06
-3.1059e-06
5.27704e-07
1.73751e-06
-3.58387e-07
1.21557e-06
-8.73363e-07
2.77805e-06
5.80877e-06
-2.53552e-06
4.38353e-06
-2.17641e-05
1.99161e-05
-1.08318e-06
7.97116e-07
-8.79473e-07
-9.91536e-07
-6.71508e-07
-2.8374e-07
-1.8749e-06
9.28173e-07
-2.12264e-06
2.01953e-06
-9.38118e-07
1.44154e-06
2.11046e-06
1.33524e-07
-7.0101e-07
1.36772e-06
6.29126e-07
6.05866e-07
7.73254e-07
-4.2519e-08
3.84728e-07
-2.7313e-07
5.1566e-07
-5.56725e-07
4.94023e-06
-6.86353e-07
9.15896e-07
-1.31273e-06
-7.6636e-07
5.71921e-07
-7.34273e-07
-2.20978e-07
-2.93811e-07
-6.5292e-07
3.38221e-07
-4.41333e-07
5.03427e-07
1.64459e-06
-1.19414e-06
1.66e-06
1.55134e-06
-5.00966e-08
1.00348e-06
2.31511e-07
4.61854e-07
2.68881e-07
4.28866e-08
6.87122e-08
-4.1064e-08
-9.22577e-07
-5.1178e-07
7.48003e-07
-4.05743e-07
5.55271e-07
-4.90808e-07
3.28453e-07
-4.65528e-07
-4.92638e-08
-1.9047e-07
-1.24231e-07
6.20939e-08
9.65159e-07
-1.25197e-06
1.9314e-06
1.099e-06
-7.41774e-07
1.02458e-06
-7.11937e-08
6.29876e-07
6.34854e-08
2.61336e-07
5.04327e-08
2.76469e-08
-1.3067e-06
-7.35174e-07
1.1193e-06
-6.05227e-07
-3.12304e-07
-2.20963e-07
2.85424e-07
-2.78634e-07
1.41556e-07
-2.37819e-07
-1.91795e-09
-6.21387e-08
1.31204e-06
7.48318e-07
-1.09519e-06
5.68938e-07
-7.21902e-07
6.70139e-07
-3.87339e-07
6.00872e-07
-4.21903e-08
3.17762e-07
7.05573e-09
7.80788e-08
-1.5658e-06
-4.30781e-07
6.89878e-07
-9.04925e-07
-4.35476e-07
-3.67588e-07
-1.65678e-07
-1.06642e-07
1.13431e-07
-1.29799e-07
3.35353e-08
-6.40579e-08
-1.59264e-06
-1.35763e-08
4.04183e-08
6.31742e-07
-9.1234e-07
8.58383e-07
4.58876e-07
3.08194e-07
-3.59957e-07
3.68242e-07
-1.5471e-07
2.88748e-07
-1.31761e-08
8.51324e-08
-1.08886e-06
-2.4683e-07
-5.80631e-07
-2.2243e-07
-2.02634e-07
-6.96841e-08
-4.05035e-08
2.41356e-08
-3.05225e-08
-1.10217e-06
-2.47574e-10
3.8796e-07
5.2321e-07
2.43865e-07
1.48745e-07
-1.40459e-07
1.67705e-07
-3.36671e-08
7.19559e-08
-7.03733e-07
-1.23725e-07
-3.36096e-07
-8.89649e-08
-9.3564e-08
-1.66221e-08
-6.38557e-09
-7.07652e-07
3.6728e-09
2.03521e-07
2.90038e-07
1.02574e-07
5.66247e-08
-2.93773e-08
3.82898e-08
-4.10321e-07
-4.94971e-08
-1.62132e-07
-2.03948e-08
-2.30068e-08
-4.10229e-07
3.58195e-09
8.33318e-08
1.34643e-07
2.45571e-08
8.91296e-09
-1.99942e-07
-1.16853e-08
-4.34009e-08
-1.98222e-07
1.86273e-09
1.97534e-08
3.34696e-08
-5.50855e-08
-5.32231e-08
0.000593719
-0.00137959
-0.00106601
0.000315582
-0.00053054
0.000851397
-0.000535815
0.000530316
0.00129839
-0.000768074
0.00110572
-0.000273868
0.00155917
-0.00183304
0.00049316
-0.000299742
-0.00137603
0.000607953
0.000135611
-0.000305263
-0.000394928
4.36735e-05
-0.000119441
-0.00026159
0.000317848
-0.000712776
0.00115409
-0.000836246
0.000618278
-0.000757749
0.00204653
-0.00143858
0.000213493
0.0012874
-0.00107391
0.000987662
0.000347438
0.000987268
-0.00174502
-0.000451308
-5.97797e-05
0.000224395
-0.000284175
-3.71949e-05
-0.000749971
-7.18843e-05
-0.000678087
0.00132653
-0.00139841
0.000490281
-0.00125474
0.0013758
-0.0018271
0.000301885
0.000860419
-0.000558533
-0.00120786
0.000733423
-0.00132391
0.0010191
-0.000590483
0.000915937
-0.00217067
-0.000911167
0.000846902
0.000809695
0.00177118
-0.000393427
0.000963338
-0.00141715
0.00129254
-0.00039805
-0.00111439
0.000720959
-0.000757504
-0.00125421
0.00131081
3.83229e-05
-0.00123235
0.000474849
-0.00102281
0.000288006
-0.000190424
0.000124774
-0.000315198
-0.000553313
0.000259417
-0.00081273
-0.00113899
0.000160045
-0.00129904
-0.00201063
0.00105485
-0.00196602
-0.000496321
-9.41622e-05
-0.000569063
0.000171012
-0.000663225
-9.34488e-05
-0.00191718
-0.00205947
-0.000864497
0.00167419
-9.407e-05
0.000869268
0.000303368
0.00146781
0.00197756
0.00164767
2.88377e-05
0.00084043
-0.000917968
0.000946805
-0.000197008
-0.000441416
0.000479739
-0.000270404
-0.000852095
0.000655087
-0.000377247
-0.000687606
0.000310359
-0.0003996
8.0139e-05
-0.00024547
7.29181e-05
-0.000318389
-0.000739812
2.1316e-05
-0.000761128
-0.00127772
-0.000361872
-0.000915851
-0.00227905
0.000981353
-0.00125176
0.000318128
-0.00174134
-0.00149997
0.000248211
0.000932836
-0.00267418
-0.00134622
0.0005975
0.00138006
0.00143793
-0.000967871
0.00133884
0.000679795
0.00205985
0.000183185
0.00125475
0.00112999
0.000154446
0.000975544
0.000809533
0.000379786
0.000429746
0.000690145
0.000770284
-0.000729683
-0.000298215
4.09558e-06
-0.000302311
-0.000757032
-0.000342287
-0.000414745
-0.00125814
-0.000418698
-0.00083944
-0.00176491
0.00201579
-0.00176758
-0.000658384
0.00171512
-0.0024448
-5.24668e-05
0.00124281
-0.00190119
-0.000522103
-0.000576208
0.000819656
0.000762634
-0.00112044
0.00188307
0.000939416
0.00219416
0.00148135
0.00071281
0.0024569
0.00288664
-0.000620842
0.00194985
-0.00132901
0.00306564
-0.000178999
-0.000329012
0.000538514
-0.00106062
-9.39595e-05
-0.000235053
-0.000508705
-0.000118769
-0.000389935
-0.00095821
-0.000419696
0.001709
0.000240849
-0.00165654
-0.000244659
-0.000665783
0.000906632
-0.000915663
-0.000144954
0.00061814
-0.000862799
-0.000297523
-0.00107957
0.000413786
-0.000296621
0.000498005
0.000523035
2.14038e-05
-0.000548241
0.000526837
-0.00105816
-0.000108421
0.000315396
-0.000206975
-0.000656661
-0.000625343
0.00114838
0.00125773
0.00197054
-0.000321988
-0.000736177
-0.001651
0.00117529
0.000795246
0.000996295
-0.000654702
-0.000270807
0.000372263
-0.000517217
-0.000631237
0.000211541
-0.000258974
-0.000121455
-0.000149352
-0.00051139
-0.000299849
-0.00116829
0.000305494
-0.000261661
-0.000557392
0.000295731
-0.000143606
-0.000472267
-4.49504e-05
0.000769789
-0.000464295
-0.00061507
0.000471465
-8.82336e-05
0.000334518
-1.91216e-05
0.000246284
-0.000199565
0.000180443
1.88973e-05
0.000130497
-0.000149394
-0.000180667
-0.000387642
-0.0002297
-0.000157943
-0.000104726
0.000241143
0.000393279
-0.000129615
0.000522894
0.00101876
0.000289366
-0.000519065
-0.000367296
-0.00110347
0.000458544
0.00056022
-0.000599088
-0.000504385
0.00125379
-2.62415e-05
0.000105358
0.000214902
0.000108081
-0.000257433
-1.13196e-05
-0.000433974
0.000175
-0.000478924
-9.65351e-05
-0.000160898
-0.000396384
-0.000221385
0.000440191
3.12731e-05
-0.000735922
0.000271627
-0.000491861
1.29367e-05
-0.000220234
-0.000272846
0.000304119
-0.000315471
4.2625e-05
-6.91872e-05
-0.000216954
0.000147767
-3.6511e-05
-0.000120565
8.40538e-05
9.93196e-06
3.77226e-06
2.39077e-05
-2.76799e-05
1.10812e-05
-2.05472e-05
4.44549e-05
6.51238e-05
-8.5671e-05
7.50557e-05
-3.95604e-05
-4.61105e-05
-0.000188954
-1.9752e-05
-7.92796e-06
-6.58625e-05
-1.81343e-05
-8.64946e-05
-0.00010246
-0.000244437
-8.7102e-05
-0.000157335
-0.000606168
-9.36134e-05
0.000308515
0.000429281
0.0009895
-0.000387741
-0.000218426
0.000892126
9.73737e-05
1.01884e-05
3.04093e-05
0.000115546
3.34177e-05
8.21287e-05
0.000341933
5.1119e-05
-0.000212017
1.19554e-05
-6.98732e-05
-0.000142144
-0.000291258
-0.000278321
-0.000217229
-6.10923e-05
-0.000437463
-0.000133343
0.000174615
-2.6848e-05
-0.00021724
8.38965e-05
4.93782e-05
2.56776e-05
0.000133432
0.000106584
3.81341e-05
6.32075e-06
6.38117e-05
1.59554e-05
-4.10234e-05
-2.48391e-05
-0.000143483
-1.81729e-05
3.86081e-08
-4.3012e-05
-6.35948e-06
9.27857e-06
5.76751e-06
3.96879e-05
-8.56889e-05
-5.77943e-05
-0.000243024
-0.000123936
-0.000119088
-0.000342362
0.0002954
4.65331e-05
0.000392774
5.04111e-05
-2.05997e-06
4.17478e-05
8.00687e-05
0.000126602
8.86681e-05
-2.48564e-05
0.000195252
-0.000218056
7.59125e-05
-0.000279149
-1.72018e-05
-4.94023e-06
-5.06405e-06
1.08316e-05
-1.52122e-06
-2.95106e-05
-1.35014e-05
-8.73049e-05
-1.06277e-05
4.26821e-06
-2.41291e-05
1.16233e-06
3.12325e-06
7.7083e-06
4.48711e-05
-5.6586e-05
-3.07189e-05
-0.000175674
-0.000125263
2.3268e-05
2.16031e-05
0.00014987
2.46071e-05
-2.42953e-06
1.01378e-05
2.74644e-06
-3.62594e-06
1.22522e-06
-1.2043e-06
-5.16225e-07
-3.10971e-06
-1.82896e-06
-2.7362e-05
3.23295e-06
-5.80809e-05
-3.44553e-06
4.60786e-06
-2.1257e-07
3.90685e-06
9.63653e-06
5.01299e-07
3.12396e-05
3.64935e-05
-5.25391e-06
-6.11006e-05
3.01971e-06
1.77249e-06
-2.97679e-06
2.27379e-06
-9.0019e-07
-2.20953e-06
-3.87697e-06
-1.08096e-06
-3.29049e-06
-4.25519e-06
4.04262e-06
-1.23546e-06
-2.67425e-06
4.33426e-06
1.2326e-06
5.27523e-06
5.39381e-06
-3.12002e-06
1.39925e-07
7.04272e-07
-5.64347e-07
-5.31195e-07
5.59846e-07
3.77442e-06
2.49126e-06
-2.03453e-06
-1.84244e-06
-5.15454e-06
-2.17118e-06
-4.01361e-06
4.8448e-07
3.28994e-06
5.75971e-06
5.22852e-06
-4.14147e-06
-1.01307e-06
4.70583e-06
5.22687e-07
1.39607e-06
4.68602e-06
-3.32371e-06
-4.3368e-06
-4.29635e-06
3.77368e-06
)
;

boundaryField
{
    movingWall
    {
        type            calculated;
        value           uniform 0;
    }
    fixedWalls
    {
        type            calculated;
        value           uniform 0;
    }
    frontAndBack
    {
        type            empty;
        value           nonuniform List<scalar> 0();
    }
    defaultFaces
    {
        type            empty;
        value           nonuniform List<scalar> 0();
    }
}


// ************************************************************************* //
