/*--------------------------------*- C++ -*----------------------------------*\
  =========                 |
  \\      /  F ield         | OpenFOAM: The Open Source CFD Toolbox
   \\    /   O peration     | Website:  https://openfoam.org
    \\  /    A nd           | Version:  8
     \\/     M anipulation  |
\*---------------------------------------------------------------------------*/
FoamFile
{
    version     2.0;
    format      ascii;
    class       volVectorField;
    location    "0.02";
    object      U;
}
// * * * * * * * * * * * * * * * * * * * * * * * * * * * * * * * * * * * * * //

dimensions      [0 1 -1 0 0 0 0];

internalField   nonuniform List<vector> 
656
(
(0.743389 0.0565331 -9.65707e-25)
(0.927898 0.0140735 1.86605e-24)
(0.954713 -0.00127202 0)
(-0.0910811 0.118999 2.39273e-23)
(0.55674 0.097705 1.12028e-23)
(0.840946 0.000924499 0)
(-0.0571765 0.067247 -4.94842e-23)
(-0.0145925 0.0188558 9.83048e-24)
(0.967986 -0.000154074 0)
(-0.00052737 0.13832 -2.38596e-24)
(-0.00310674 0.192653 -7.86248e-23)
(-0.117764 0.172003 0)
(0.375946 0.139765 1.00492e-23)
(0.714433 0.00923067 0)
(0.890147 0.00124198 -1.70279e-22)
(0.904988 0.000538509 4.77581e-23)
(0.00103439 0.0822045 9.88112e-24)
(0.00137469 0.026685 0)
(0.971376 -8.43765e-05 -3.43039e-23)
(0.911329 0.000251974 -1.43752e-22)
(-0.0124066 0.0920721 7.73807e-23)
(-0.00524169 0.0623684 0)
(-0.0239575 0.123935 1.33859e-24)
(-0.00801873 0.241793 1.5482e-22)
(-0.136172 0.22327 -1.68406e-22)
(0.210168 0.180246 -2.26474e-23)
(0.576714 0.024385 0)
(0.799132 0.00625419 2.65898e-22)
(0.826623 0.00288425 -8.90114e-23)
(-0.00144434 0.0353967 0)
(-0.000151653 0.0113642 0)
(0.914008 0.000125313 5.14937e-23)
(0.972648 -5.66548e-05 -3.67006e-23)
(0.838761 0.00147012 1.95892e-22)
(0.844084 0.000704465 -5.19572e-23)
(0.848181 3.81941e-05 -1.09488e-22)
(-0.00673436 0.0601942 -1.05788e-22)
(-0.00278884 0.0404906 1.71301e-23)
(-0.0136996 0.0814752 -1.89071e-22)
(-0.0409108 0.156904 -1.58236e-22)
(-0.0169478 0.281698 1.67067e-22)
(-0.143867 0.269175 -4.96739e-24)
(0.0682849 0.217527 4.54997e-22)
(0.43175 0.0469785 0)
(0.694131 0.0159279 0)
(0.735028 0.00767226 -3.69569e-22)
(-0.000816853 0.0227994 -5.42102e-24)
(-0.00012844 0.00725491 0)
(0.84936 -0.000816429 1.2109e-22)
(0.916191 2.2203e-05 -2.79919e-23)
(0.973068 -2.69859e-05 4.94904e-24)
(0.753456 0.00400832 0)
(0.761744 0.00193372 0)
(0.768047 8.51087e-05 -1.0727e-22)
(0.769955 -0.00222577 4.63056e-22)
(0.756613 -0.00571506 0)
(-0.0102555 0.0361049 2.01072e-22)
(-0.00496639 0.0254373 2.9637e-22)
(-0.00200824 0.0163491 -2.88792e-22)
(-0.0248509 0.103332 -1.86019e-22)
(-0.0191008 0.0481536 5.8719e-22)
(0.284809 0.0788042 -1.32794e-22)
(0.57505 0.0313588 1.74983e-22)
(0.629199 0.0158602 -5.20735e-22)
(-0.000550215 0.00876949 4.5615e-23)
(-6.81445e-05 0.0025429 6.11792e-23)
(0.840257 -0.00210154 -2.56679e-22)
(0.916903 -0.000122862 8.60705e-23)
(0.973655 1.2409e-05 5.52671e-24)
(0.721996 -0.0147964 -1.14031e-23)
(0.654066 0.00841904 0)
(0.665501 0.00415555 1.94031e-22)
(0.674359 0.000239313 2.05271e-22)
(0.67738 -0.00453727 -8.88709e-22)
(0.659985 -0.0118963 2.29066e-22)
(-0.00828723 0.0138058 8.92912e-22)
(-0.00400476 0.00910675 -6.43524e-24)
(-0.00180635 0.00552153 0)
(-0.000637457 0.00298443 1.06278e-22)
(0.443277 0.0546566 0)
(0.509222 0.0290626 6.65993e-22)
(-8.97198e-05 0.00129961 -1.00616e-22)
(5.38742e-05 0.000251013 -3.10108e-23)
(0.602121 -0.0237409 4.74663e-22)
(0.817193 -0.00576451 1.50547e-22)
(0.911959 -0.00033131 0)
(0.974062 4.77908e-05 -5.32271e-23)
(0.613221 -0.0294049 -2.90758e-22)
(0.464351 -0.0465082 7.2945e-22)
(0.250267 -0.190341 -8.82963e-22)
(0.539831 0.0157933 0)
(0.554168 0.00780756 4.69178e-23)
(0.565867 0.000710721 -1.46055e-22)
(0.570638 -0.00823662 5.15484e-22)
(0.54996 -0.0220186 -8.76392e-22)
(-0.0146699 0.00614962 3.7618e-22)
(-0.0092379 0.00302672 -4.0115e-22)
(-0.00541368 0.00138518 -1.98812e-22)
(-0.00284897 0.000478849 3.93815e-22)
(-0.00120552 4.64202e-05 4.74197e-23)
(-0.000216561 -5.9592e-05 -2.86727e-23)
(-0.137115 -0.249127 5.91107e-23)
(0.411206 -0.147781 -6.16024e-23)
(0.731109 -0.00888443 -8.00019e-22)
(0.899545 -0.00108278 0)
(0.972978 0.000117565 0)
(0.490786 -0.052425 5.55408e-22)
(0.320303 -0.0795661 -2.79371e-22)
(0.104457 -0.229166 1.02985e-22)
(-0.142196 -0.296466 1.38781e-21)
(-0.0456668 0.0108855 0)
(-0.0334543 0.00567311 1.8835e-22)
(-0.0232651 0.00278695 -6.65269e-22)
(-0.0148195 0.00112331 1.85505e-22)
(-0.00785721 0.000287722 -4.42012e-23)
(-0.00211505 2.56336e-05 -2.74433e-23)
(-0.00804384 -0.285265 0)
(-0.120849 -0.19426 0)
(0.582514 -0.103343 4.90199e-22)
(0.849522 -0.000852297 -4.01728e-23)
(0.970134 0.000206133 -1.03735e-22)
(-0.0165484 -0.327894 -1.65095e-21)
(-0.0736358 0.00946661 0)
(-0.0552131 0.00525103 1.95046e-22)
(-0.0392802 0.00263699 -1.58908e-24)
(-0.0256057 0.00112536 9.65119e-23)
(-0.0139355 0.000351124 -4.53601e-23)
(-0.00402705 7.31516e-05 0)
(-0.0278865 -0.158628 -5.53083e-22)
(-0.00318689 -0.230572 0)
(-0.0950616 -0.135852 5.09206e-22)
(0.757717 -0.0597729 0)
(0.956326 0.00134971 7.69608e-23)
(-0.0471475 -0.197641 0)
(-0.0941 0.00765439 0)
(-0.0712931 0.00427478 1.21401e-22)
(-0.0512087 0.00218492 -3.52068e-22)
(-0.0337051 0.000964973 1.13961e-22)
(-0.0185866 0.000329947 5.08944e-23)
(-0.00559696 8.87526e-05 -1.70762e-23)
(-0.0154364 -0.112933 2.83382e-22)
(-0.0146818 -0.119315 0)
(-0.00034551 -0.167511 -4.4631e-22)
(-0.0605288 -0.0774595 4.31178e-22)
(0.931363 -0.0147312 0)
(-0.0279844 -0.140597 0)
(-0.101817 0.00653214 1.54821e-22)
(-0.0772051 0.00371066 -1.49491e-22)
(-0.0555294 0.0018965 1.44696e-22)
(-0.0366109 0.00083357 -2.77158e-22)
(-0.0202547 0.000285652 3.8118e-22)
(-0.0062366 7.68691e-05 -5.08296e-23)
(-0.0127108 -0.0630976 2.44838e-22)
(-0.00762682 -0.0847159 -5.24291e-22)
(-0.00602885 -0.08143 1.52501e-22)
(0.00177369 -0.099863 -4.62774e-22)
(-0.0141806 -0.0213745 1.31166e-23)
(-0.0228924 -0.080558 0)
(-0.0141178 -0.0421407 -5.52407e-23)
(-0.101919 0.00697177 -1.90634e-22)
(-0.0771697 0.00444637 7.68716e-22)
(-0.0555589 0.0024024 -7.3397e-22)
(-0.0367451 0.00104221 0)
(-0.0204089 0.0003253 0)
(-0.00637518 6.95044e-05 -5.57996e-24)
(-0.00776924 -0.0328197 1.17819e-22)
(-0.00635644 -0.0463873 3.31734e-24)
(-0.00299878 -0.0576611 3.99676e-22)
(-0.00127822 -0.0461319 -1.49963e-22)
(0.00233239 -0.0307806 0)
(-0.00779672 -0.0191811 8.94601e-22)
(-0.059471 0.00361969 8.37915e-22)
(-0.039017 0.00231797 -8.66633e-22)
(-0.0214754 0.000828963 0)
(-0.00662154 0.000147075 -7.86053e-24)
(-0.00429693 -0.014425 -2.37191e-22)
(-0.00383244 -0.023915 -9.21241e-23)
(-0.00260515 -0.0310619 1.90044e-22)
(-0.000638804 -0.0326639 -1.29945e-22)
(0.000178087 -0.0139489 4.95973e-23)
(-0.00400626 -0.00646334 0)
(-0.00239807 0.003943 -1.0206e-21)
(-0.0470327 0.00098394 0)
(-0.0164914 0.00034982 -2.74665e-23)
(-0.0015014 -0.000875447 0)
(-0.00213839 -0.00463862 -2.41149e-22)
(-0.00209742 -0.0101764 -4.61223e-22)
(-0.00157487 -0.0158641 -6.2819e-23)
(-0.000691249 -0.0173991 1.27764e-22)
(7.40863e-05 -0.0101726 -4.97882e-23)
(-0.000983652 0.000443619 2.08408e-21)
(-0.00116587 0.00222293 2.17149e-21)
(-0.00276117 0.00383733 6.99103e-23)
(-0.000330244 0.000678106 -4.81961e-22)
(-0.000753676 -0.000341014 -7.40642e-25)
(-0.00100726 -0.00309409 1.24898e-22)
(-0.000857473 -0.00655102 3.73631e-22)
(-0.000442075 -0.0088161 7.66502e-24)
(-6.24095e-05 -0.00545995 -2.29205e-23)
(-0.000224799 -0.00102364 -1.48997e-24)
(-0.00041333 -0.00028597 -1.74327e-21)
(-0.000492063 0.00121968 -5.25061e-22)
(-0.00121415 0.00176884 0)
(-0.00287492 0.00847323 1.50361e-21)
(0.000136753 0.000762728 -2.58995e-22)
(-0.000120772 0.000713438 2.56879e-22)
(-0.000324966 -7.89805e-06 1.28479e-22)
(-0.00039837 -0.00187131 0)
(-0.000243742 -0.00353983 -1.22472e-22)
(-5.8514e-05 -0.0027718 1.72241e-23)
(6.68531e-05 -0.0015005 8.27586e-22)
(-4.32243e-05 -0.00116909 3.33684e-22)
(-0.000152216 -0.00059185 1.9643e-22)
(-0.000157614 0.000581985 5.34145e-23)
(-0.000299575 0.000688088 -6.11058e-23)
(-0.000413159 0.00197764 1.08243e-21)
(0.0001633 0.00030701 1.08243e-21)
(0.000109717 0.000691667 -4.0508e-22)
(-3.23958e-05 0.000648237 -2.64347e-22)
(-0.000114763 0.000144662 -1.28663e-22)
(-0.000106292 -0.000943887 0)
(-3.56936e-05 -0.00108138 -1.13195e-23)
(0.000289129 -0.00123074 0)
(7.82924e-05 -0.00136739 -2.86246e-22)
(1.24461e-05 -0.00107175 -9.85987e-22)
(-3.84649e-05 -0.000607851 3.20902e-22)
(-2.12849e-05 0.000203381 -3.56882e-22)
(-1.1289e-05 7.32642e-05 9.60988e-24)
(0.000308255 0.000108596 -4.70176e-22)
(9.95022e-05 0.000245472 7.16769e-22)
(6.98594e-05 0.000565585 -6.93524e-22)
(-3.27851e-06 0.000506748 1.32528e-22)
(-2.1468e-05 0.000158396 0)
(-1.10457e-05 -0.000262568 1.11922e-23)
(0.000245355 -0.000460474 0)
(0.000184321 -0.00105463 5.50753e-22)
(5.78195e-05 -0.00111445 7.16575e-22)
(2.02226e-05 -0.000829384 9.39313e-22)
(4.98981e-06 -0.000440422 -3.3314e-22)
(8.039e-06 2.24132e-05 -2.19683e-23)
(0.000641597 0.000149206 -5.61431e-22)
(0.000235222 6.12161e-05 0)
(5.12085e-05 0.000178283 5.14726e-22)
(3.57678e-05 0.000408432 0)
(6.22596e-06 0.000318338 0)
(3.99499e-06 7.53236e-05 0)
(0.00047066 -0.000140181 6.27451e-22)
(0.000138712 -0.000364878 -5.69571e-22)
(0.000102561 -0.000823642 -5.60422e-22)
(3.39243e-05 -0.000801919 -4.18153e-22)
(1.63839e-05 -0.000513263 -4.34619e-22)
(1.0775e-05 -0.000167345 1.30829e-23)
(0.000883194 8.47904e-05 0)
(0.000538397 8.8531e-05 1.40699e-22)
(0.000164915 3.07871e-05 0)
(2.07149e-05 0.000114956 2.13242e-27)
(1.38194e-05 0.000239807 0)
(6.30842e-06 0.000107307 -8.98707e-23)
(0.000991166 7.91434e-06 0)
(0.000928941 -0.000128983 -5.66298e-22)
(0.000357857 -8.22251e-05 -1.57951e-22)
(6.73932e-05 -0.000262184 2.92083e-22)
(4.80456e-05 -0.000573534 -4.1526e-22)
(1.70096e-05 -0.000470409 -1.31517e-22)
(9.57496e-06 -0.000170707 9.1543e-23)
(0.000740365 4.86933e-05 -1.8894e-23)
(0.000415869 4.68749e-05 -2.1042e-22)
(0.00010406 1.25218e-05 0)
(4.72113e-06 5.99674e-05 -1.08289e-22)
(4.51116e-06 7.25416e-05 9.06604e-23)
(0.000826435 2.81529e-06 2.10058e-24)
(0.000768152 -8.04416e-05 6.35961e-22)
(0.000251232 -4.2062e-05 -5.59487e-27)
(2.64978e-05 -0.000167874 1.34139e-25)
(1.69675e-05 -0.000326287 -2.655e-22)
(7.60288e-06 -0.00014537 8.36679e-23)
(0.000574833 2.54541e-05 1.4872e-22)
(0.000288893 2.142e-05 1.02655e-22)
(5.39019e-05 2.87553e-06 -1.26287e-22)
(-2.36656e-07 1.4736e-05 2.30221e-23)
(0.000639837 2.43262e-07 2.09607e-24)
(0.000589569 -4.4731e-05 -1.40672e-22)
(0.000159363 -1.72509e-05 4.54327e-22)
(5.86315e-06 -8.72807e-05 -2.12866e-22)
(4.97286e-06 -9.41572e-05 3.64542e-26)
(0.000402953 1.15794e-05 0)
(0.000166006 7.52314e-06 1.13939e-22)
(1.35942e-05 -2.93515e-07 7.97587e-23)
(0.000447931 -9.14853e-07 0)
(0.000408594 -2.14695e-05 -2.05771e-22)
(8.31618e-05 -4.00226e-06 3.96108e-22)
(-3.56468e-07 -2.13415e-05 4.40194e-23)
(0.000235187 4.12745e-06 -9.71751e-25)
(5.1715e-05 2.08478e-06 -1.43171e-22)
(0.000261356 -1.20443e-06 9.70487e-25)
(0.000234818 -8.21254e-06 -1.14074e-22)
(2.12537e-05 4.10726e-07 1.12991e-22)
(7.76054e-05 1.15993e-06 4.34262e-23)
(8.6293e-05 -8.73714e-07 0)
(7.34003e-05 -2.73498e-06 -1.1001e-23)
(-0.143142 0.30336 2.2298e-21)
(-0.027543 0.258248 5.07628e-22)
(-0.0415803 0.126197 0)
(-0.0751033 0.186286 2.7962e-21)
(-0.0630312 0.19188 -2.95489e-21)
(-0.0737331 0.265326 0)
(-0.0378822 0.309396 0)
(-0.0988721 0.351637 -1.02937e-21)
(-0.0866011 0.312007 0)
(-0.0403947 0.265068 -1.88524e-21)
(0.149553 0.125218 4.23597e-21)
(-0.0964234 0.275047 0)
(-0.0332778 0.0624623 -3.67371e-22)
(-0.0552552 0.102889 0)
(-0.0159297 0.0189814 -3.83764e-21)
(-0.0378374 0.0460001 3.92716e-21)
(-0.0817681 0.118439 -2.28165e-21)
(-0.113296 0.154918 0)
(-0.0949738 0.199333 0)
(-0.119189 0.235276 6.20232e-22)
(-0.110845 0.291547 0)
(-0.100045 0.2863 1.96078e-21)
(-0.0197649 0.191122 2.37343e-21)
(0.0905647 0.15311 -5.7158e-21)
(0.297162 0.0892832 1.12278e-21)
(-0.150301 0.229275 -5.91801e-22)
(-0.142868 0.24684 0)
(-0.021269 0.0117935 -3.17936e-21)
(-0.0482229 0.027892 8.70584e-22)
(-0.0594146 0.0507949 7.24815e-22)
(-0.0892205 0.0793809 2.31993e-21)
(-0.118348 0.0777384 -4.47443e-21)
(-0.163375 0.110613 -3.95446e-21)
(-0.156951 0.151155 -3.02141e-21)
(-0.183121 0.178704 5.66039e-21)
(-0.134804 0.202648 -1.64508e-21)
(-0.0656279 0.179094 -1.71516e-21)
(0.0348023 0.124121 0)
(0.378161 0.0484129 -5.7506e-21)
(0.182471 0.103485 0)
(0.410804 0.0277173 0)
(0.231452 0.0563149 4.8388e-21)
(-0.205619 0.164877 0)
(-0.181377 0.172087 0)
(-0.013243 -0.275683 6.06112e-21)
(-0.147595 -0.327972 0)
(0.375707 -0.0811769 0)
(0.419657 0.0131955 -1.97821e-22)
(0.256357 0.0310699 0)
(0.254754 -0.0912327 0)
(0.441429 -0.0358642 1.19217e-21)
(0.439904 0.00134869 3.71988e-21)
(0.275764 0.00722818 0)
(0.300816 -0.0420299 0)
(0.45598 -0.0145154 0)
(0.303697 -0.0144336 -3.7771e-21)
(-0.0624936 0.0217134 1.15749e-21)
(-0.0946716 0.0345416 -1.45814e-21)
(-0.116973 0.0464931 4.78617e-21)
(-0.167596 0.051521 0)
(-0.196093 0.0800866 0)
(-0.224305 0.0891076 -3.12605e-21)
(-0.243919 0.112156 -2.37546e-21)
(-0.157667 0.131039 0)
(0.0547817 0.0755673 3.35781e-21)
(-0.0450357 0.111426 0)
(0.134171 0.0397174 0)
(-0.00915639 0.0627384 -3.63164e-21)
(-0.261532 0.0974335 7.89499e-21)
(-0.229596 0.104106 -2.33176e-21)
(-0.0165618 -0.260501 -3.41981e-21)
(0.16566 -0.134766 7.71061e-21)
(0.137603 -0.152798 -6.03106e-21)
(-0.117715 -0.382164 1.7109e-21)
(-0.0825909 -0.323517 -3.72554e-21)
(-0.0382034 -0.353988 2.44658e-22)
(0.0364522 -0.177898 -6.39972e-21)
(0.0366991 -0.147495 2.09738e-21)
(0.133511 -0.105729 3.24892e-21)
(0.111914 0.00783542 0)
(0.00692161 0.0334179 0)
(0.0674497 -0.0891832 -3.58055e-21)
(0.168568 -0.0543429 0)
(0.0789192 -0.0438627 -3.33958e-21)
(0.177697 -0.0205846 3.04537e-21)
(0.0393821 -0.0106852 4.64117e-21)
(-0.0940688 0.0152109 1.66759e-21)
(-0.135775 0.0232482 0)
(-0.161707 0.0320056 0)
(-0.204286 0.0367106 3.31355e-21)
(-0.234878 0.0537704 0)
(-0.262155 0.0538054 8.32547e-21)
(-0.283441 0.068059 -7.10927e-21)
(-0.121628 0.0479018 0)
(-0.141807 0.0617435 -5.70814e-21)
(-0.225132 0.0780583 1.16266e-20)
(-0.202431 0.0342086 0)
(-0.286225 0.0659167 -7.51578e-21)
(-0.294455 0.0605707 -4.01283e-21)
(-0.0928819 -0.30695 0)
(-0.0800773 -0.240234 7.76164e-21)
(-0.0728864 -0.234309 0)
(-0.066911 -0.313987 -5.29493e-22)
(-0.0945389 -0.315361 4.15863e-22)
(-0.112268 -0.231656 -7.97147e-21)
(-0.0736505 -0.179419 -7.33162e-21)
(-0.103756 -0.153292 9.75154e-21)
(-0.054043 -0.109036 3.01475e-21)
(-0.119483 -0.0768638 -3.94577e-21)
(-0.069489 -0.0493395 0)
(-0.0949917 -0.0187627 -3.20822e-21)
(-0.182205 0.00716362 0)
(-0.11823 0.0121231 0)
(-0.159931 0.0180187 -1.29442e-21)
(-0.188683 0.0232038 -5.06624e-21)
(-0.220262 0.0285748 4.34599e-21)
(-0.247536 0.0379874 -1.54441e-21)
(-0.264208 0.0392924 -1.9827e-21)
(-0.291879 0.0493221 6.26911e-21)
(-0.274165 0.0392298 -6.99929e-21)
(-0.293514 0.0526586 8.5321e-21)
(-0.262267 0.0121646 0)
(-0.290155 0.0330273 -1.19686e-21)
(-0.305357 0.0528609 0)
(-0.297302 0.0485352 0)
(-0.0461513 -0.16428 -1.24213e-20)
(-0.0902485 -0.236845 4.28395e-21)
(-0.111242 -0.244845 5.17584e-21)
(-0.126279 -0.275232 -7.13787e-22)
(-0.144515 -0.24588 6.58523e-22)
(-0.176714 -0.195579 -7.49156e-21)
(-0.181501 -0.158075 0)
(-0.201045 -0.103513 -9.39389e-21)
(-0.266062 0.0142787 -4.41306e-21)
(-0.236125 -0.075824 6.83411e-21)
(-0.268724 -0.0183034 2.81492e-21)
(-0.128712 0.0103783 4.56515e-21)
(-0.276398 0.0460093 2.71824e-21)
(-0.163965 0.0159559 -3.26163e-21)
(-0.187836 0.0207653 -2.82147e-21)
(-0.212666 0.0277619 -6.10934e-21)
(-0.24583 0.0349535 1.36677e-21)
(-0.253885 0.0384378 -3.45825e-21)
(-0.276639 0.0393936 -2.70991e-21)
(-0.300259 0.0520752 6.76621e-22)
(-0.297576 0.0436821 1.23951e-21)
(-0.255424 0.0512613 4.83607e-21)
(-0.272176 0.0495461 2.00913e-21)
(-0.282343 0.0558557 -1.28658e-21)
(-0.274562 0.0531055 -1.93047e-21)
(-0.223145 0.0569799 -6.69167e-21)
(-0.0369267 -0.0971521 0)
(-0.0608048 -0.154127 8.31293e-21)
(-0.16651 0.059505 0)
(-0.202827 0.0494892 4.38684e-21)
(-0.108714 0.0560999 8.47168e-21)
(-0.132238 0.0528198 -5.594e-21)
(-0.0834737 -0.167505 0)
(-0.124354 -0.205767 -4.92006e-21)
(-0.161035 -0.182757 1.50536e-20)
(-0.201303 0.0253034 -5.84577e-21)
(-0.228292 0.00716539 4.63279e-21)
(-0.173494 -0.143592 -1.07371e-20)
(-0.221685 -0.07008 1.14226e-22)
(-0.208712 -0.0428034 -9.45299e-21)
(-0.127931 0.0104388 0)
(-0.248045 0.0464295 0)
(-0.228952 0.0348852 2.61697e-22)
(-0.233635 0.040883 -3.57181e-22)
(-0.158729 0.0179242 -5.07237e-21)
(-0.184874 0.0234628 5.39405e-21)
(-0.201497 0.0278313 4.67814e-21)
(-0.264761 0.0614168 1.83929e-21)
(-0.256917 0.0610848 -4.18334e-22)
(-0.228201 0.0686318 3.64523e-21)
(-0.209658 0.0680296 1.32846e-21)
(-0.24072 0.050466 -5.50762e-21)
(-0.24537 0.0635473 1.94515e-23)
(-0.252219 0.0561281 4.7028e-21)
(-0.18435 0.0735827 2.30248e-21)
(-0.160807 0.072441 -7.50857e-21)
(-0.10835 0.0665109 2.88201e-21)
(-0.131832 0.0728956 2.38304e-21)
(-0.0863779 0.0646628 -3.36102e-21)
(-0.0515761 0.0483707 0)
(-0.0681313 0.0541468 2.79245e-21)
(-0.0822738 0.0502906 -2.39847e-22)
(-0.074345 0.0435233 0)
(-0.0226987 -0.0507577 -4.2171e-21)
(-0.0454689 -0.0872102 4.12601e-21)
(-0.0549646 -0.0937354 2.89863e-21)
(-0.0894054 -0.126074 0)
(-0.0959321 0.029535 1.02127e-20)
(-0.126773 0.0313876 0)
(-0.152701 0.0173704 5.67056e-21)
(-0.113117 -0.105118 1.31088e-22)
(-0.137836 -0.0235398 1.53706e-21)
(-0.142244 -0.1126 -4.23425e-21)
(-0.166003 -0.0501651 8.49401e-21)
(-0.0123783 -0.0243425 -4.98086e-22)
(-0.0227718 -0.0402754 0)
(-0.117931 0.00953114 0)
(-0.0798196 0.00328073 -5.20339e-22)
(-0.0964141 0.00431169 5.24532e-22)
(-0.207879 0.0392155 -3.0305e-21)
(-0.217352 0.0481499 2.66316e-21)
(-0.13996 0.0147235 0)
(-0.172262 0.022749 -2.47954e-21)
(-0.186889 0.0312527 2.98081e-21)
(-0.1827 0.0776214 1.24309e-21)
(-0.22084 0.0683854 -2.02646e-21)
(-0.214405 0.0729227 -2.56882e-21)
(-0.202238 0.0538374 -3.43116e-21)
(-0.202117 0.0640941 6.79682e-22)
(-0.1616 0.0759284 0)
(-0.135278 0.0762595 0)
(-0.12249 0.0749777 0)
(-0.0972713 0.0721262 -2.96953e-21)
(-0.0791443 0.0663449 -1.66969e-21)
(-0.0609422 0.0604566 3.97847e-21)
(-0.0454427 0.0498688 0)
(-0.00693337 0.0140008 0)
(-0.00441644 0.00944015 -6.64317e-22)
(-0.012747 0.0243268 3.5801e-21)
(-0.0204493 0.0326301 -3.13835e-21)
(-0.0326633 0.0434667 0)
(-0.0230183 0.0309473 -5.83728e-21)
(-0.0350569 0.0376555 3.32973e-23)
(-0.00952167 0.015251 0)
(-0.0130365 0.0196327 -4.58548e-21)
(-0.00435369 0.00657572 0)
(-0.03692 0.0334944 1.14399e-23)
(-0.0529449 0.0375694 1.76737e-23)
(-0.0519955 0.0289359 3.55246e-21)
(-0.0819276 0.0245309 -4.32953e-21)
(-0.0322582 -0.0444959 8.83984e-21)
(-0.0541044 -0.0610101 -1.86087e-20)
(-0.0794993 -0.0603894 3.96402e-21)
(-0.0775053 0.00921099 -2.28162e-21)
(-0.0861649 -0.0338974 8.39949e-21)
(-0.104534 -0.0194765 -5.9018e-21)
(-0.00616373 -0.00834153 0)
(-0.0115835 -0.015977 0)
(-0.0143163 -0.017158 -3.6555e-21)
(-0.0284373 -0.0271099 -5.34846e-21)
(-0.00372499 0.00680114 5.62098e-22)
(-0.109476 0.00922372 1.27351e-21)
(-0.064959 0.000557897 0)
(-0.0814135 0.00234669 -1.11431e-21)
(-0.135883 0.0263999 1.5159e-21)
(-0.160683 0.0337204 -4.5027e-21)
(-0.174925 0.0495633 -7.55637e-23)
(-0.149508 0.0614418 4.06578e-21)
(-0.167042 0.068631 -4.76639e-21)
(-0.155239 0.0736231 3.24218e-21)
(-0.0902221 0.0719489 -3.91873e-21)
(-0.117688 0.0709041 6.07903e-23)
(-0.115028 0.0751112 1.10977e-21)
(-0.0335709 0.0486909 4.02085e-21)
(-0.0513029 0.0589428 -4.04187e-23)
(-0.0715626 0.0653933 1.95382e-21)
(-0.010033 0.0252951 1.75234e-21)
(-0.0247344 0.0411726 -2.12621e-21)
(-0.00565794 0.016476 -1.57504e-21)
(-0.0146255 0.0184661 5.21886e-21)
(-0.0231243 0.0234175 0)
(-0.00449804 0.00621947 4.10415e-21)
(-0.00651889 0.00867652 -7.25412e-21)
(-0.0020685 0.00183019 0)
(-0.00221428 -0.00154716 0)
(-0.0042756 -0.00407811 -1.15768e-21)
(-0.0235637 0.0194538 5.23752e-21)
(-0.0363364 0.0213185 -1.32627e-23)
(-0.0362281 0.0143793 -1.07819e-20)
(-0.0555046 0.00785774 1.08897e-20)
(-0.0342732 -0.017495 3.81824e-21)
(-0.047709 -0.0165665 -3.09771e-21)
(-0.0420526 -0.00205108 -3.81146e-21)
(-0.00613111 -0.00496115 7.18588e-22)
(-0.0118033 -0.00853962 2.03997e-21)
(-0.0191499 -0.0076737 1.41103e-21)
(-0.004549 0.012491 -3.02542e-21)
(-0.0266736 0.0452516 0)
(-0.0562968 0.0583381 0)
(-0.0857835 0.0328888 3.95004e-21)
(-0.100053 0.0504086 -2.76491e-21)
(-0.0926188 0.0611295 0)
(-0.020537 0.00238854 3.09888e-23)
(-0.0577186 0.0135545 0)
(-0.00913559 0.0282625 -1.02808e-22)
(-0.00118485 -0.000168507 -6.09372e-22)
(-0.000513954 0.000544005 2.99701e-21)
(-0.008242 0.00846189 7.48989e-21)
(-0.0130615 0.0117109 0)
(-0.00163587 0.00128557 -3.39552e-21)
(-0.00326871 0.00283447 -1.07815e-20)
(-0.000607743 -0.00049256 5.9518e-21)
(-0.00179166 -0.000512711 4.2234e-22)
(-0.00531406 -0.00264547 0)
(-0.0142659 0.00738244 0)
(-0.0227631 0.00860792 0)
(-0.0250387 0.000915565 0)
(-0.00741436 -0.00213606 4.81957e-21)
(-0.0149709 -0.00379134 -4.11821e-21)
(-0.0169475 0.00051937 0)
(-0.00120534 0.009072 0)
(-0.00122236 9.91764e-06 2.72526e-21)
(0.000151309 0.000750271 -6.83557e-21)
(4.66439e-05 0.000702211 1.18982e-20)
(-0.000165723 0.00045036 -7.19106e-21)
(0.000368254 0.000577306 -2.34084e-21)
(0.000224536 0.000339752 0)
(-0.00323959 0.00200046 3.51806e-21)
(-0.00646315 0.00317968 0)
(-0.000198724 -0.000977003 0)
(-0.000708699 -0.000348962 0)
(-1.42294e-05 -0.00143257 -1.29486e-21)
(-0.00179834 -0.0002059 2.23813e-21)
(-0.00386875 -0.000510628 0)
(-0.00346942 0.000283228 6.77291e-21)
(-0.00502962 0.00198136 1.79079e-21)
(-0.00638892 0.00179618 -6.75472e-21)
(0.000107993 0.000377447 0)
(-0.000564833 0.00030577 5.28469e-21)
(0.000517592 0.000440626 8.57023e-21)
(0.000443489 0.000426466 -9.72089e-21)
(0.000361946 0.000176628 -1.74509e-22)
(0.00058541 0.000300384 7.23997e-21)
(-0.00017477 -0.00053971 1.45368e-21)
(-0.00083429 0.000113604 -1.09008e-21)
(0.000368048 -0.00129562 -8.37088e-21)
(0.000396312 -0.00134937 1.14382e-20)
(0.000396686 -0.00108102 0)
(-0.00030459 0.000389776 -5.36367e-21)
(-0.000979619 0.000748803 -7.85103e-21)
(-6.81767e-05 0.000329649 1.16401e-20)
(2.23209e-05 -3.34683e-05 0)
(0.00060186 -0.000841325 0)
(0.000345738 -0.000507072 4.46274e-21)
(0.000663727 0.000359522 3.36048e-21)
(0.000521979 0.000400252 -5.95977e-21)
(0.000706059 0.000221691 -1.30694e-22)
(0.000820965 0.000293365 1.67118e-24)
(0.000838738 -0.000668426 0)
(0.000917861 -0.000680753 1.95175e-21)
(0.000905197 -0.000247353 -1.68612e-21)
(0.000977967 0.000190933 -3.96204e-24)
(0.00106325 -0.000134182 8.00301e-22)
(0.000798123 1.67679e-05 6.32714e-21)
(0.000551038 -0.000216861 -5.91554e-21)
(0.000921511 -0.000380191 0)
(0.000986973 0.000139801 -8.8391e-21)
(0.00109292 0.000143759 4.21405e-21)
(0.00112039 2.51812e-05 4.48644e-21)
(0.00106361 -0.000185644 0)
(0.00113284 -0.000144671 -4.91523e-21)
)
;

boundaryField
{
    movingWall
    {
        type            fixedValue;
        value           uniform (1 0 0);
    }
    fixedWalls
    {
        type            noSlip;
    }
    frontAndBack
    {
        type            empty;
    }
    defaultFaces
    {
        type            empty;
    }
}


// ************************************************************************* //
