/*--------------------------------*- C++ -*----------------------------------*\
  =========                 |
  \\      /  F ield         | OpenFOAM: The Open Source CFD Toolbox
   \\    /   O peration     | Website:  https://openfoam.org
    \\  /    A nd           | Version:  8
     \\/     M anipulation  |
\*---------------------------------------------------------------------------*/
FoamFile
{
    version     2.0;
    format      ascii;
    class       surfaceScalarField;
    location    "0.091";
    object      phi;
}
// * * * * * * * * * * * * * * * * * * * * * * * * * * * * * * * * * * * * * //

dimensions      [0 3 -1 0 0 0 0];

internalField   nonuniform List<scalar> 
1107
(
0.000315988
-0.000643388
0.000633494
-0.000306094
0.000616968
-0.00030098
-2.96871e-05
0.000646655
0.000304962
0.000538557
-0.000106654
-0.000736865
-0.000968717
0.000630291
-9.76567e-05
0.000701464
0.000286064
-5.36017e-05
-1.49161e-05
-3.72724e-05
0.000683927
-3.30515e-05
1.43472e-05
-8.79494e-05
0.000180751
-0.000148833
-6.49696e-05
0.000300272
-0.000856385
-0.00126768
0.000599238
-0.000207466
0.000740101
0.000760967
-9.67759e-05
4.17077e-05
0.000814912
-9.56522e-05
3.58088e-06
-4.28358e-05
-1.13353e-05
0.000725635
0.000853069
2.99217e-05
-6.8079e-05
6.44732e-05
-0.000126751
-8.6555e-05
2.51489e-05
-4.86251e-05
0.000227394
-0.000140758
-0.000213387
0.000277847
-0.000115422
0.000296552
-0.00087509
-0.00151061
0.000539473
-0.000366498
0.00075827
0.000828767
-0.000185442
0.00089923
-0.000166116
5.21561e-06
-2.29025e-05
-6.11972e-06
-2.22934e-05
0.000865051
1.03117e-05
0.000755557
0.000946176
-0.000115025
0.000963479
-3.95961e-05
0.000951864
-2.38971e-05
3.55123e-05
3.54042e-05
-7.27548e-05
-4.92044e-05
1.3622e-05
-2.68429e-05
-8.23991e-05
-0.000131114
0.000322166
-0.000215172
-0.000320381
0.00039717
-0.000190427
0.000306686
-0.000784606
0.000459871
-0.00166379
-0.000570356
0.000743331
0.000880866
-0.000308038
0.000968446
-0.000253696
2.99796e-06
-1.22784e-05
-3.12175e-06
8.81594e-05
0.000916906
-5.32021e-05
0.000853473
-1.23192e-05
0.000765868
0.00102612
-0.000172695
0.00105049
-6.3967e-05
0.00103965
4.6345e-05
0.000999443
0.000128371
-0.000118509
0.000932835
0.000185118
5.74523e-05
-0.000104205
-3.56467e-05
2.76045e-05
-1.93566e-05
1.0414e-05
-9.65235e-06
-0.000129769
-0.000216517
-6.1916e-05
-0.000172058
0.000691201
-0.000801686
0.000902307
-0.000467014
0.00101091
-0.000362295
2.20817e-06
-4.07263e-06
-9.13581e-07
0.000865657
-6.72598e-05
0.000823942
-2.36708e-05
0.000753549
0.000822863
-0.000147403
0.000257375
0.0010796
-0.000241386
0.0011107
-9.50735e-05
0.00110239
5.46535e-05
0.00105829
0.000172472
0.00097452
0.000268892
4.56506e-05
-3.06057e-05
-7.69609e-05
2.44409e-05
-1.4437e-05
1.14678e-05
-6.38346e-06
4.27927e-06
-2.46382e-06
0.000877239
-0.000653052
0.00100527
-0.000490328
8.82547e-07
-6.75916e-07
-3.10334e-08
0.000334144
0.000670019
-0.000181301
0.000790611
-7.23572e-05
0.000785617
-2.89352e-05
0.000729878
0.000827247
0.000404648
0.000622684
0.000538707
0.000388299
-0.00129507
0.00152945
0.00108448
-0.000320593
0.00112436
-0.00013495
0.00112318
5.58333e-05
0.00107777
0.000217874
0.00097524
0.000371427
-3.58706e-05
-5.57963e-05
6.10612e-05
-1.92675e-05
-3.104e-05
-9.09203e-06
-1.6559e-05
-3.37978e-06
-8.17607e-06
-6.70572e-07
-3.38512e-06
-7.01605e-07
0.000987997
0.000345412
-0.00094511
0.000371512
-0.00099656
0.000688051
-7.87404e-05
0.000739103
-2.58427e-05
0.000700943
0.00079349
0.000586397
0.000547571
0.000784626
0.000411899
0.00166512
0.000483368
0.000916528
-5.78824e-05
-9.54245e-05
9.75106e-05
-3.13309e-05
-5.75915e-05
-1.47863e-05
-3.31037e-05
-5.47327e-06
-1.74891e-05
-1.09568e-06
-7.76271e-06
-1.79729e-06
0.000101441
0.00030067
-5.66993e-05
0.000227768
-0.000801366
0.000357809
-0.000666317
0.000680878
-2.05163e-05
0.000675101
0.000415915
0.000168894
-4.46249e-05
-0.00012534
7.45406e-05
-2.45273e-05
-7.76891e-05
-1.18012e-05
-4.58298e-05
-4.48912e-06
-2.48011e-05
-9.73172e-07
-1.12787e-05
-2.77046e-06
0.000246467
0.000202981
-0.000148778
0.000201338
-3.0269e-05
0.000136232
-0.00057979
0.000342994
-0.000328433
0.000654584
0.000297751
0.000364631
-1.47609e-05
-0.000134216
2.36364e-05
-8.36455e-06
-8.40855e-05
-4.13944e-06
-5.00549e-05
-1.66041e-06
-2.72801e-05
-4.05108e-07
-1.2534e-05
-3.17557e-06
0.000150015
0.00013651
-8.35445e-05
0.000129104
-7.65435e-05
0.000120991
-1.50279e-05
7.0008e-05
-0.000306804
0.000326151
0.000201953
0.000245814
1.39928e-05
-0.000122564
-2.56449e-05
7.11046e-06
-7.72031e-05
3.16839e-06
-4.61129e-05
1.11782e-06
-2.52295e-05
1.79575e-07
-1.15957e-05
-2.99599e-06
0.000129939
7.89312e-05
-7.23597e-05
8.60016e-05
-4.04423e-05
7.42016e-05
-2.9754e-05
5.93511e-05
-4.37099e-06
1.93474e-05
0.00012002
0.000211871
-8.92988e-05
6.00153e-05
0.000149304
1.62175e-05
-3.57558e-05
-0.000103025
7.57572e-06
-6.85613e-05
3.23836e-06
-4.17755e-05
1.16857e-06
-2.31597e-05
2.24991e-07
-1.06521e-05
-2.771e-06
3.85179e-05
-4.88855e-05
4.86456e-05
-3.50038e-05
4.90654e-05
-1.5306e-05
3.54308e-05
-5.83374e-06
1.49764e-05
-5.2319e-05
2.40141e-05
8.83202e-05
-3.18899e-05
5.77151e-05
-6.76007e-05
-1.25599e-05
-4.24897e-05
-2.81565e-06
-2.03964e-05
-5.58664e-06
1.45239e-05
-2.8325e-05
2.31399e-05
-2.33798e-05
2.72535e-05
-1.31919e-05
2.32058e-05
-3.08101e-06
9.14264e-06
4.93302e-06
-2.58506e-05
4.49317e-05
-2.07593e-06
7.07315e-06
7.25692e-06
-1.22541e-05
-1.29807e-05
5.60454e-05
-6.34612e-05
-1.85673e-05
-1.93354e-06
-8.23229e-06
1.50988e-05
2.3318e-06
-1.36585e-05
8.22105e-06
-1.34061e-05
1.26589e-05
-8.78518e-06
1.27298e-05
-2.71596e-06
6.06163e-06
1.56698e-06
4.38482e-06
-8.02773e-06
-4.98719e-07
3.47096e-06
4.10091e-06
-1.88985e-06
8.48175e-06
-1.68637e-05
1.02718e-05
-3.10773e-06
-3.36141e-07
1.51033e-06
-1.79605e-06
-4.10443e-06
8.96844e-07
-6.33431e-06
4.24622e-06
-4.99344e-06
5.79586e-06
-1.8512e-06
3.34567e-06
3.51208e-06
1.70883e-06
-3.65394e-06
1.67819e-06
2.2079e-06
1.17819e-07
1.46329e-06
-7.53721e-07
3.04901e-06
6.18647e-06
-2.68437e-06
4.81525e-06
-2.38962e-05
2.17653e-05
-2.17784e-06
2.17465e-06
-3.10455e-06
-2.24121e-06
1.09024e-07
-1.41892e-06
-1.78867e-06
2.36082e-07
-2.32418e-06
1.84546e-06
-1.04305e-06
1.49446e-06
3.8509e-06
-3.38282e-07
-5.36779e-10
2.66472e-06
7.22298e-07
1.33942e-06
9.86303e-07
2.42319e-07
4.67245e-07
-2.01082e-07
5.65715e-07
-5.83377e-07
5.39862e-06
-1.21598e-06
1.74371e-06
-2.70557e-06
-1.40728e-06
1.34071e-06
-1.48302e-06
1.73126e-07
-9.41114e-07
-6.11477e-07
3.48251e-09
-4.82198e-07
4.51418e-07
2.70979e-06
-2.27846e-06
3.41958e-06
2.65957e-06
-3.33136e-07
1.80193e-06
2.59784e-07
8.83748e-07
3.44874e-07
1.82771e-07
8.33913e-08
-1.76616e-08
-1.68944e-06
-9.53154e-07
1.42662e-06
-6.61837e-07
9.98273e-07
-8.4296e-07
7.00655e-07
-8.74325e-07
1.06337e-07
-4.96947e-07
-1.11048e-07
-3.07805e-08
1.50453e-06
-2.03694e-06
3.2422e-06
1.7279e-06
-1.34679e-06
1.68556e-06
-2.1676e-07
1.07597e-06
6.75644e-08
4.62546e-07
6.50987e-08
6.57296e-08
-2.47385e-06
-1.39806e-06
2.18247e-06
-1.04773e-06
-5.67259e-07
-3.37282e-07
4.92594e-07
-4.55589e-07
2.81919e-07
-4.23753e-07
3.31441e-08
-1.41829e-07
2.15805e-06
1.27859e-06
-1.93211e-06
8.36638e-07
-1.14568e-06
1.01821e-06
-6.79445e-07
9.59487e-07
-1.00279e-07
5.24477e-07
5.63327e-09
1.30828e-07
-2.93893e-06
-7.53849e-07
1.21893e-06
-1.63566e-06
-8.10137e-07
-6.10866e-07
-2.93675e-07
-1.52768e-07
1.89773e-07
-2.04152e-07
6.23178e-08
-1.08685e-07
-2.83747e-06
1.91704e-07
-2.9316e-07
1.29754e-06
-1.97697e-06
1.35311e-06
7.6212e-07
4.32315e-07
-5.59784e-07
5.4458e-07
-2.64539e-07
4.50614e-07
-2.64156e-08
1.36462e-07
-1.96156e-06
-4.27952e-07
-1.01472e-06
-4.06279e-07
-3.25879e-07
-1.20565e-07
-5.3601e-08
3.92217e-08
-4.63669e-08
-1.88582e-06
1.15966e-07
7.64829e-07
7.99392e-07
3.95043e-07
1.99201e-07
-2.14405e-07
2.42182e-07
-5.61069e-08
1.10046e-07
-1.22991e-06
-2.12761e-07
-5.72307e-07
-1.59851e-07
-1.46262e-07
-2.7904e-08
-7.14522e-09
-1.17532e-06
6.13733e-08
3.88898e-07
4.32052e-07
1.62192e-07
7.16414e-08
-4.38646e-08
5.39392e-08
-7.00566e-07
-8.45017e-08
-2.70272e-07
-3.58406e-08
-3.50492e-08
-6.65792e-07
2.65988e-08
1.55158e-07
1.96162e-07
3.7671e-08
1.00746e-08
-3.35002e-07
-1.97718e-08
-7.08898e-08
-3.15747e-07
7.34398e-09
3.55723e-08
4.77455e-08
-9.06616e-08
-8.33177e-08
0.000597177
-0.00138178
-0.00106661
0.000323399
-0.000539915
0.000860691
-0.000537292
0.00054031
0.00130424
-0.000763927
0.00111381
-0.000267973
0.00157007
-0.00183804
0.000503455
-0.000298232
-0.00139491
0.000630983
0.000139432
-0.00031149
-0.000400483
4.44254e-05
-0.000121386
-0.000267064
0.00033185
-0.000732334
0.00117716
-0.000845312
0.00063987
-0.000755039
0.00207405
-0.00144306
0.000236006
0.00130968
-0.00107367
0.00101145
0.000358397
0.00101926
-0.0017743
-0.000423804
-6.03251e-05
0.000230334
-0.000290659
-3.67308e-05
-0.000769064
-6.73793e-05
-0.000701685
0.00137395
-0.00144133
0.000528637
-0.00124566
0.00142816
-0.00185196
0.000354481
0.000887055
-0.000532574
-0.00124545
0.000755123
-0.0013792
0.00105861
-0.00062408
0.000990112
-0.00223577
-0.000861847
0.00086147
0.000803654
0.001778
-0.000412957
0.000999354
-0.00149415
0.0013592
-0.000435538
-0.00116238
0.000749427
-0.000790957
-0.00132533
0.00138116
3.38691e-05
-0.0012936
0.000502639
-0.00107572
0.00030544
-0.000193148
0.000132845
-0.000325993
-0.00056884
0.000281262
-0.000850103
-0.00116007
0.000202727
-0.00136279
-0.00203305
0.00114368
-0.00200553
-0.000611104
-1.29757e-05
-0.000667341
0.000231803
-0.000680317
-2.44675e-05
-0.00200858
-0.00202999
-0.000901731
0.00170538
-0.000117104
0.00088225
0.000281892
0.00149611
0.00198728
0.001665
-2.67886e-05
0.000909038
-0.00101701
0.000990224
-0.000267586
-0.000587159
0.000621028
-0.000355356
-0.000971551
0.000703966
-0.000468912
-0.000798054
0.000329142
-0.000492614
0.000128414
-0.000251452
8.12182e-05
-0.000332671
-0.000768885
3.49863e-05
-0.000803871
-0.00132781
-0.000350871
-0.000976936
-0.00235945
0.000884658
-0.00124001
0.000204341
-0.00182565
-0.00142581
0.000185795
0.000920212
-0.00274586
-0.00143924
0.000538704
0.00144857
0.00144774
-0.00100918
0.00137381
0.000655817
0.00210439
9.87644e-05
0.00134898
0.00108899
4.39572e-05
0.00104503
0.000747923
0.000217728
0.000530194
0.000546871
0.000675285
-0.000750525
-0.000309034
1.00545e-05
-0.000319089
-0.000793816
-0.000349423
-0.000444393
-0.00132636
-0.000424791
-0.000901568
-0.00186403
0.00201385
-0.00182805
-0.000732014
0.00173275
-0.00248327
-9.53093e-05
0.00128856
-0.00202057
-0.000575468
-0.000617193
0.000863007
0.000756621
-0.00121316
0.00196978
0.000891231
0.00224021
0.00140607
0.000834142
0.0024511
0.00298129
-0.000632482
0.0020593
-0.00142682
0.00311575
-0.00013446
-0.000344734
0.000565041
-0.00114051
-9.40126e-05
-0.000250721
-0.000538406
-0.000119134
-0.000419272
-0.0010207
-0.000455661
0.0018245
0.000234799
-0.00172919
-0.00029138
-0.000733446
0.000968245
-0.000977301
-0.000163208
0.000648003
-0.000939383
-0.000329298
-0.00117903
0.000445581
-0.000325387
0.000537258
0.00053762
2.80684e-05
-0.000605867
0.000577799
-0.00115096
-0.000122757
0.000349279
-0.000226522
-0.000728624
-0.000703144
0.00124076
0.00126663
0.00210078
-0.000341405
-0.000809554
-0.00176823
0.00121701
0.000883767
0.00108255
-0.000685677
-0.000286477
0.000394877
-0.000558084
-0.000676776
0.000221115
-0.000281899
-0.000125807
-0.00016067
-0.000545078
-0.000323964
-0.00126106
0.000321673
-0.000292811
-0.000608684
0.000315873
-0.000163103
-0.000503041
-5.50435e-05
0.000832339
-0.000510666
-0.000676763
0.00051366
-9.89644e-05
0.000369131
-1.98524e-05
0.000270167
-0.000219654
0.000199802
1.72218e-05
0.000144689
-0.000161911
-0.000202432
-0.000428954
-0.000259314
-0.00016964
-0.000113029
0.000262333
0.000424229
-0.000149318
0.000573547
0.00109145
0.000317408
-0.000576722
-0.000411217
-0.00122077
0.000468741
0.000622706
-0.000666832
-0.000553939
0.00135251
-2.15658e-05
0.000109886
0.000240767
0.000113871
-0.000274542
-1.08462e-05
-0.000466345
0.000184445
-0.000521388
-0.000100945
-0.000173597
-0.000424908
-0.000240463
0.000483837
2.9823e-05
-0.00079971
0.000289045
-0.000532026
1.0638e-05
-0.000242981
-0.000300945
0.000330768
-0.000346572
4.5627e-05
-7.64055e-05
-0.000238837
0.000162432
-3.90356e-05
-0.000132059
9.30229e-05
1.26306e-05
5.50585e-06
2.43899e-05
-2.98957e-05
1.27628e-05
-2.40513e-05
4.84412e-05
6.98293e-05
-9.38806e-05
8.24599e-05
-4.69426e-05
-4.6938e-05
-0.000208854
-2.42638e-05
-5.63195e-06
-7.12018e-05
-1.78861e-05
-0.000102311
-0.000106543
-0.00027195
-0.00010421
-0.00016774
-0.000680931
-9.43047e-05
0.000335072
0.000479242
0.00110195
-0.00044376
-0.000237171
0.000997699
0.000104249
1.87278e-05
2.62039e-05
0.000128614
4.66005e-05
8.20133e-05
0.000381672
5.4045e-05
-0.000227642
1.35557e-05
-7.32801e-05
-0.000154362
-0.000313743
-0.000303105
-0.000234945
-6.81605e-05
-0.000477926
-0.000147158
0.000192024
-2.95924e-05
-0.000237651
9.04934e-05
5.34928e-05
2.89671e-05
0.000146516
0.000116923
4.10033e-05
7.43796e-06
6.99704e-05
1.77097e-05
-4.91629e-05
-2.20389e-05
-0.000155706
-2.31055e-05
5.21942e-06
-4.51444e-05
-2.80831e-06
1.52503e-05
-1.51486e-07
4.14542e-05
-0.000103323
-5.23824e-05
-0.000271064
-0.000148749
-0.000122315
-0.00038592
0.000342325
3.93473e-05
0.000446574
6.06537e-05
9.45475e-06
3.19995e-05
9.14681e-05
0.000130815
9.71343e-05
-2.71639e-05
0.000214058
-0.00023639
8.20285e-05
-0.000304551
-1.85673e-05
-5.39862e-06
-8.07319e-06
7.92171e-06
-6.56286e-06
-4.08154e-05
-4.32908e-06
-9.31977e-05
-1.27296e-05
9.92129e-06
-1.70587e-05
6.26735e-06
1.14644e-05
-3.54269e-06
4.34639e-05
-7.5319e-05
-1.78787e-05
-0.000197634
-0.00013698
3.3493e-05
9.97089e-06
0.000164308
2.73279e-05
-8.42509e-06
4.88241e-06
5.0949e-06
-8.19945e-06
-1.46796e-06
-9.89305e-06
-7.68375e-07
-7.43108e-06
-3.47394e-06
-3.0385e-05
1.33263e-05
-4.82638e-05
-1.81641e-06
8.08377e-06
1.15099e-05
8.08323e-06
1.31596e-05
-8.27717e-06
2.31305e-05
3.0521e-05
-7.3905e-06
-5.78488e-05
9.58507e-06
-4.51061e-07
-9.44199e-06
-8.72823e-06
-2.52315e-06
-4.90793e-06
-1.19651e-05
-2.04733e-06
-6.95526e-06
2.83203e-06
8.67789e-06
1.24171e-05
-4.2585e-06
7.67807e-06
3.82473e-06
1.25026e-05
-2.58162e-06
-6.14661e-06
-9.97212e-06
-1.12817e-05
1.30954e-06
1.13545e-06
8.31292e-07
6.84678e-06
4.07349e-06
-8.19653e-06
-3.76861e-06
-1.43431e-05
-4.77279e-06
-8.5414e-06
4.9861e-07
6.34817e-06
1.30012e-05
1.41367e-05
-1.30105e-05
-1.33269e-06
1.17009e-05
2.43576e-06
2.14137e-06
8.48954e-06
-7.32248e-06
-8.65517e-06
-8.94833e-06
6.51257e-06
)
;

boundaryField
{
    movingWall
    {
        type            calculated;
        value           uniform 0;
    }
    fixedWalls
    {
        type            calculated;
        value           uniform 0;
    }
    frontAndBack
    {
        type            empty;
        value           nonuniform List<scalar> 0();
    }
    defaultFaces
    {
        type            empty;
        value           nonuniform List<scalar> 0();
    }
}


// ************************************************************************* //
