/*--------------------------------*- C++ -*----------------------------------*\
  =========                 |
  \\      /  F ield         | OpenFOAM: The Open Source CFD Toolbox
   \\    /   O peration     | Website:  https://openfoam.org
    \\  /    A nd           | Version:  8
     \\/     M anipulation  |
\*---------------------------------------------------------------------------*/
FoamFile
{
    version     2.0;
    format      ascii;
    class       surfaceScalarField;
    location    "0.095";
    object      phi;
}
// * * * * * * * * * * * * * * * * * * * * * * * * * * * * * * * * * * * * * //

dimensions      [0 3 -1 0 0 0 0];

internalField   nonuniform List<scalar> 
1107
(
0.000315988
-0.000643388
0.000633494
-0.000306094
0.000616968
-0.00030098
-2.96871e-05
0.000646655
0.000304962
0.000538556
-0.000106654
-0.000736865
-0.000968717
0.000630291
-9.76567e-05
0.000701464
0.000286064
-5.36017e-05
-1.49161e-05
-3.72724e-05
0.000683927
-3.30508e-05
1.43462e-05
-8.79493e-05
0.000180751
-0.000148833
-6.49699e-05
0.000300272
-0.000856385
-0.00126768
0.000599238
-0.000207466
0.000740101
0.000760967
-9.67759e-05
4.17077e-05
0.000814912
-9.56523e-05
3.58078e-06
-4.28357e-05
-1.13353e-05
0.000725635
0.000853069
2.99217e-05
-6.80791e-05
6.4473e-05
-0.000126751
-8.6555e-05
2.51489e-05
-4.8625e-05
0.000227394
-0.000140758
-0.000213387
0.000277847
-0.000115422
0.000296552
-0.00087509
-0.0015106
0.000539473
-0.000366498
0.00075827
0.000828767
-0.000185442
0.000899231
-0.000166116
5.21559e-06
-2.29025e-05
-6.11971e-06
-2.22934e-05
0.000865051
1.03118e-05
0.000755557
0.000946176
-0.000115025
0.000963479
-3.95962e-05
0.000951864
-2.38971e-05
3.55123e-05
3.54042e-05
-7.27549e-05
-4.92043e-05
1.3622e-05
-2.68429e-05
-8.23991e-05
-0.000131114
0.000322166
-0.000215172
-0.000320381
0.00039717
-0.000190427
0.000306686
-0.000784606
0.000459871
-0.00166379
-0.000570356
0.000743331
0.000880866
-0.000308038
0.000968446
-0.000253696
2.99796e-06
-1.22784e-05
-3.12175e-06
8.81595e-05
0.000916907
-5.32021e-05
0.000853473
-1.23192e-05
0.000765868
0.00102612
-0.000172695
0.00105049
-6.39673e-05
0.00103966
4.63449e-05
0.000999444
0.000128371
-0.000118509
0.000932835
0.000185118
5.74523e-05
-0.000104205
-3.56467e-05
2.76045e-05
-1.93566e-05
1.0414e-05
-9.65234e-06
-0.000129769
-0.000216517
-6.1916e-05
-0.000172058
0.000691201
-0.000801687
0.000902307
-0.000467014
0.00101091
-0.000362296
2.20817e-06
-4.07263e-06
-9.1358e-07
0.000865657
-6.72598e-05
0.000823942
-2.36708e-05
0.000753549
0.000822863
-0.000147403
0.000257375
0.0010796
-0.000241386
0.0011107
-9.5074e-05
0.0011024
5.46533e-05
0.00105829
0.000172472
0.00097452
0.000268892
4.56506e-05
-3.06057e-05
-7.69609e-05
2.44409e-05
-1.4437e-05
1.14678e-05
-6.38345e-06
4.27926e-06
-2.46381e-06
0.00087724
-0.000653052
0.00100527
-0.000490329
8.82547e-07
-6.75914e-07
-3.10331e-08
0.000334144
0.000670019
-0.000181301
0.000790611
-7.23573e-05
0.000785617
-2.89352e-05
0.000729878
0.000827247
0.000404648
0.000622684
0.000538707
0.0003883
-0.00129507
0.00152945
0.00108448
-0.000320593
0.00112436
-0.000134951
0.00112318
5.58328e-05
0.00107778
0.000217874
0.000975241
0.000371428
-3.58706e-05
-5.57963e-05
6.10611e-05
-1.92675e-05
-3.104e-05
-9.09202e-06
-1.6559e-05
-3.37977e-06
-8.17606e-06
-6.70571e-07
-3.38512e-06
-7.01604e-07
0.000987996
0.000345413
-0.000945109
0.000371512
-0.00099656
0.000688051
-7.87404e-05
0.000739103
-2.58427e-05
0.000700943
0.000793491
0.000586398
0.000547571
0.000784627
0.000411899
0.00166512
0.000483368
0.000916527
-5.78824e-05
-9.54244e-05
9.75106e-05
-3.13309e-05
-5.75915e-05
-1.47863e-05
-3.31036e-05
-5.47327e-06
-1.7489e-05
-1.09568e-06
-7.7627e-06
-1.79728e-06
0.000101441
0.000300671
-5.6699e-05
0.000227768
-0.000801366
0.000357809
-0.000666317
0.000680878
-2.05163e-05
0.000675101
0.000415916
0.000168893
-4.4625e-05
-0.00012534
7.45407e-05
-2.45273e-05
-7.76891e-05
-1.18012e-05
-4.58298e-05
-4.48912e-06
-2.48011e-05
-9.73172e-07
-1.12787e-05
-2.77046e-06
0.000246467
0.000202982
-0.000148778
0.000201338
-3.02689e-05
0.000136232
-0.00057979
0.000342994
-0.000328433
0.000654584
0.000297753
0.00036463
-1.4761e-05
-0.000134216
2.36365e-05
-8.3646e-06
-8.40856e-05
-4.13946e-06
-5.0055e-05
-1.66042e-06
-2.72801e-05
-4.0511e-07
-1.2534e-05
-3.17557e-06
0.000150015
0.000136511
-8.35444e-05
0.000129104
-7.65434e-05
0.000120991
-1.50279e-05
7.00081e-05
-0.000306804
0.000326151
0.000201954
0.000245814
1.39927e-05
-0.000122564
-2.56447e-05
7.11041e-06
-7.72032e-05
3.16837e-06
-4.61129e-05
1.11781e-06
-2.52296e-05
1.79573e-07
-1.15957e-05
-2.99599e-06
0.000129939
7.89318e-05
-7.23598e-05
8.6002e-05
-4.04423e-05
7.42019e-05
-2.9754e-05
5.93511e-05
-4.37098e-06
1.93474e-05
0.000120021
0.000211872
-8.92993e-05
6.00159e-05
0.000149304
1.62174e-05
-3.57557e-05
-0.000103025
7.57567e-06
-6.85615e-05
3.23834e-06
-4.17756e-05
1.16856e-06
-2.31598e-05
2.2499e-07
-1.06522e-05
-2.771e-06
3.85183e-05
-4.88858e-05
4.8646e-05
-3.50038e-05
4.90656e-05
-1.5306e-05
3.54309e-05
-5.83374e-06
1.49764e-05
-5.23195e-05
2.40144e-05
8.8321e-05
-3.189e-05
5.77153e-05
-6.76009e-05
-1.256e-05
-4.24898e-05
-2.81566e-06
-2.03965e-05
-5.58666e-06
1.4524e-05
-2.83252e-05
2.31401e-05
-2.33799e-05
2.72537e-05
-1.31919e-05
2.32059e-05
-3.08101e-06
9.14266e-06
4.93306e-06
-2.58509e-05
4.49323e-05
-2.076e-06
7.07324e-06
7.25704e-06
-1.22543e-05
-1.29807e-05
5.60457e-05
-6.34614e-05
-1.85674e-05
-1.93361e-06
-8.23243e-06
1.50991e-05
2.33182e-06
-1.36587e-05
8.22115e-06
-1.34062e-05
1.2659e-05
-8.78522e-06
1.27299e-05
-2.71596e-06
6.06166e-06
1.56698e-06
4.3849e-06
-8.02788e-06
-4.98753e-07
3.47101e-06
4.10098e-06
-1.8899e-06
8.48185e-06
-1.68638e-05
1.02719e-05
-3.10783e-06
-3.36157e-07
1.51037e-06
-1.7961e-06
-4.10451e-06
8.96845e-07
-6.3344e-06
4.24627e-06
-4.99349e-06
5.79592e-06
-1.85121e-06
3.34569e-06
3.51214e-06
1.7089e-06
-3.65406e-06
1.6782e-06
2.20795e-06
1.17802e-07
1.46331e-06
-7.53743e-07
3.04904e-06
6.18655e-06
-2.68441e-06
4.81529e-06
-2.38964e-05
2.17655e-05
-2.17791e-06
2.17471e-06
-3.10463e-06
-2.24128e-06
1.0902e-07
-1.41896e-06
-1.78871e-06
2.36079e-07
-2.32421e-06
1.84548e-06
-1.04306e-06
1.49448e-06
3.85099e-06
-3.38255e-07
-5.93902e-10
2.66477e-06
7.22335e-07
1.33943e-06
9.86325e-07
2.42312e-07
4.67252e-07
-2.01091e-07
5.65723e-07
-5.83386e-07
5.39867e-06
-1.21602e-06
1.74377e-06
-2.70565e-06
-1.40732e-06
1.34075e-06
-1.48306e-06
1.73126e-07
-9.41138e-07
-6.11488e-07
3.47955e-09
-4.82205e-07
4.51423e-07
2.70986e-06
-2.2785e-06
3.41963e-06
2.65963e-06
-3.33123e-07
1.80196e-06
2.59801e-07
8.83754e-07
3.44882e-07
1.82768e-07
8.33927e-08
-1.76636e-08
-1.6895e-06
-9.53187e-07
1.42667e-06
-6.61857e-07
9.98303e-07
-8.42985e-07
7.00673e-07
-8.7435e-07
1.06338e-07
-4.96959e-07
-1.1105e-07
-3.07817e-08
1.50457e-06
-2.03699e-06
3.24228e-06
1.72794e-06
-1.34682e-06
1.68559e-06
-2.16755e-07
1.07598e-06
6.75701e-08
4.6255e-07
6.51003e-08
6.57291e-08
-2.47394e-06
-1.39811e-06
2.18254e-06
-1.04777e-06
-5.67278e-07
-3.37292e-07
4.92609e-07
-4.55603e-07
2.81926e-07
-4.23765e-07
3.31444e-08
-1.41832e-07
2.15811e-06
1.27863e-06
-1.93217e-06
8.3666e-07
-1.14571e-06
1.01824e-06
-6.79458e-07
9.59507e-07
-1.00277e-07
5.24486e-07
5.63435e-09
1.30829e-07
-2.93903e-06
-7.53873e-07
1.21896e-06
-1.63571e-06
-8.10165e-07
-6.10886e-07
-2.93685e-07
-1.52773e-07
1.89779e-07
-2.04158e-07
6.23193e-08
-1.08687e-07
-2.83756e-06
1.91716e-07
-2.9318e-07
1.29759e-06
-1.97704e-06
1.35315e-06
7.62143e-07
4.32326e-07
-5.59797e-07
5.44593e-07
-2.64543e-07
4.50624e-07
-2.64153e-08
1.36464e-07
-1.96162e-06
-4.27965e-07
-1.01476e-06
-4.06293e-07
-3.25889e-07
-1.20569e-07
-5.36024e-08
3.92228e-08
-4.63682e-08
-1.88588e-06
1.15973e-07
7.64856e-07
7.99415e-07
3.95054e-07
1.99206e-07
-2.14411e-07
2.42188e-07
-5.61079e-08
1.10048e-07
-1.22995e-06
-2.12768e-07
-5.72326e-07
-1.59856e-07
-1.46266e-07
-2.79048e-08
-7.1454e-09
-1.17536e-06
6.13768e-08
3.88912e-07
4.32064e-07
1.62197e-07
7.16431e-08
-4.38657e-08
5.39405e-08
-7.00589e-07
-8.45043e-08
-2.70281e-07
-3.58418e-08
-3.50503e-08
-6.65812e-07
2.66002e-08
1.55163e-07
1.96168e-07
3.76719e-08
1.00748e-08
-3.35013e-07
-1.97724e-08
-7.08921e-08
-3.15757e-07
7.3443e-09
3.55735e-08
4.77467e-08
-9.06645e-08
-8.33202e-08
0.000597176
-0.00138178
-0.00106661
0.000323398
-0.000539915
0.000860691
-0.000537292
0.00054031
0.00130424
-0.000763927
0.00111381
-0.000267973
0.00157007
-0.00183804
0.000503455
-0.000298232
-0.00139491
0.000630982
0.000139432
-0.00031149
-0.000400483
4.44253e-05
-0.000121386
-0.000267064
0.00033185
-0.000732333
0.00117716
-0.000845312
0.00063987
-0.000755039
0.00207405
-0.00144306
0.000236006
0.00130968
-0.00107367
0.00101145
0.000358396
0.00101926
-0.0017743
-0.000423804
-6.03251e-05
0.000230334
-0.000290659
-3.67309e-05
-0.000769064
-6.73792e-05
-0.000701685
0.00137395
-0.00144133
0.000528638
-0.00124566
0.00142816
-0.00185196
0.000354481
0.000887056
-0.000532574
-0.00124545
0.000755123
-0.0013792
0.00105861
-0.000624081
0.000990114
-0.00223577
-0.000861847
0.000861471
0.000803654
0.001778
-0.000412958
0.000999356
-0.00149415
0.0013592
-0.000435541
-0.00116239
0.000749428
-0.000790959
-0.00132533
0.00138117
3.38678e-05
-0.0012936
0.00050264
-0.00107573
0.00030544
-0.000193148
0.000132845
-0.000325993
-0.00056884
0.000281263
-0.000850103
-0.00116007
0.000202729
-0.00136279
-0.00203305
0.00114368
-0.00200553
-0.000611107
-1.29744e-05
-0.000667345
0.000231804
-0.000680319
-2.44641e-05
-0.00200858
-0.00202999
-0.000901733
0.00170539
-0.000117106
0.00088225
0.00028189
0.00149611
0.00198728
0.001665
-2.67922e-05
0.000909042
-0.00101702
0.000990226
-0.00026759
-0.000587166
0.000621034
-0.000355362
-0.000971557
0.000703968
-0.000468917
-0.000798059
0.000329142
-0.000492619
0.000128415
-0.000251452
8.12185e-05
-0.000332671
-0.000768885
3.49872e-05
-0.000803872
-0.00132781
-0.000350869
-0.000976938
-0.00235945
0.000884654
-0.00124002
0.000204335
-0.00182566
-0.00142581
0.000185789
0.000920209
-0.00274587
-0.00143924
0.0005387
0.00144858
0.00144774
-0.00100919
0.00137382
0.000655815
0.00210439
9.87593e-05
0.00134898
0.00108899
4.39507e-05
0.00104503
0.000747918
0.00021772
0.000530198
0.000546862
0.000675277
-0.000750528
-0.000309034
1.00549e-05
-0.000319089
-0.000793817
-0.000349423
-0.000444394
-0.00132636
-0.00042479
-0.000901571
-0.00186403
0.00201385
-0.00182806
-0.000732019
0.00173274
-0.00248327
-9.53145e-05
0.00128856
-0.00202058
-0.000575472
-0.000617196
0.00086301
0.00075662
-0.00121316
0.00196978
0.000891227
0.00224021
0.00140606
0.00083415
0.00245109
0.00298129
-0.00063248
0.00205931
-0.00142683
0.00311575
-0.000134458
-0.000344734
0.000565041
-0.00114051
-9.40123e-05
-0.000250721
-0.000538406
-0.000119133
-0.000419273
-0.0010207
-0.000455663
0.00182451
0.000234796
-0.0017292
-0.000291384
-0.000733451
0.000968247
-0.000977303
-0.000163209
0.000648003
-0.000939388
-0.0003293
-0.00117903
0.000445582
-0.00032539
0.000537261
0.000537621
2.80705e-05
-0.000605872
0.000577801
-0.00115096
-0.000122757
0.000349281
-0.000226524
-0.000728629
-0.000703151
0.00124077
0.00126663
0.00210078
-0.000341404
-0.000809559
-0.00176823
0.00121701
0.000883773
0.00108255
-0.000685678
-0.000286477
0.000394877
-0.000558086
-0.000676778
0.000221115
-0.000281901
-0.000125806
-0.000160671
-0.00054508
-0.000323965
-0.00126106
0.000321673
-0.000292813
-0.000608687
0.000315873
-0.000163105
-0.000503042
-5.50446e-05
0.000832342
-0.000510669
-0.000676767
0.000513663
-9.89662e-05
0.000369134
-1.98531e-05
0.000270168
-0.000219656
0.000199803
1.72225e-05
0.00014469
-0.000161913
-0.000202433
-0.000428958
-0.000259316
-0.000169642
-0.000113031
0.000262335
0.00042423
-0.000149321
0.000573551
0.00109145
0.000317411
-0.000576727
-0.000411218
-0.00122078
0.000468739
0.000622711
-0.000666835
-0.000553942
0.00135251
-2.15663e-05
0.000109887
0.000240769
0.000113872
-0.000274542
-1.08461e-05
-0.000466346
0.000184445
-0.000521391
-0.000100945
-0.000173598
-0.000424909
-0.000240464
0.00048384
2.98221e-05
-0.000799714
0.000289045
-0.000532028
1.06375e-05
-0.000242983
-0.000300948
0.00033077
-0.000346575
4.56269e-05
-7.64065e-05
-0.000238839
0.000162433
-3.90363e-05
-0.00013206
9.30235e-05
1.26305e-05
5.50583e-06
2.43903e-05
-2.98961e-05
1.27629e-05
-2.40514e-05
4.84417e-05
6.98301e-05
-9.38816e-05
8.24606e-05
-4.69428e-05
-4.69387e-05
-0.000208856
-2.4264e-05
-5.63212e-06
-7.12027e-05
-1.78864e-05
-0.000102311
-0.000106544
-0.000271953
-0.000104211
-0.000167742
-0.000680937
-9.43067e-05
0.000335076
0.000479244
0.00110196
-0.000443763
-0.000237174
0.000997705
0.00010425
1.8728e-05
2.62042e-05
0.000128615
4.6601e-05
8.20144e-05
0.000381677
5.40451e-05
-0.000227643
1.35559e-05
-7.32801e-05
-0.000154363
-0.000313744
-0.000303107
-0.000234945
-6.81611e-05
-0.000477929
-0.000147159
0.000192026
-2.9593e-05
-0.000237652
9.04935e-05
5.34934e-05
2.89672e-05
0.000146517
0.000116924
4.10038e-05
7.43795e-06
6.9971e-05
1.77098e-05
-4.91634e-05
-2.20393e-05
-0.000155708
-2.31059e-05
5.21946e-06
-4.51452e-05
-2.80843e-06
1.52507e-05
-1.51582e-07
4.14549e-05
-0.000103325
-5.23832e-05
-0.000271067
-0.00014875
-0.000122317
-0.000385924
0.000342329
3.9348e-05
0.000446579
6.06546e-05
9.45495e-06
3.2e-05
9.14694e-05
0.000130817
9.71352e-05
-2.71642e-05
0.000214059
-0.000236391
8.20288e-05
-0.000304553
-1.85674e-05
-5.39867e-06
-8.07344e-06
7.92186e-06
-6.56307e-06
-4.0816e-05
-4.32915e-06
-9.31992e-05
-1.27299e-05
9.92151e-06
-1.70591e-05
6.26744e-06
1.14647e-05
-3.54287e-06
4.34647e-05
-7.53203e-05
-1.78789e-05
-0.000197637
-0.000136982
3.34937e-05
9.97102e-06
0.000164311
2.73286e-05
-8.42541e-06
4.88254e-06
5.09509e-06
-8.19972e-06
-1.46798e-06
-9.89338e-06
-7.68406e-07
-7.43132e-06
-3.47406e-06
-3.03858e-05
1.33267e-05
-4.82647e-05
-1.81657e-06
8.08401e-06
1.15102e-05
8.08342e-06
1.316e-05
-8.27746e-06
2.3131e-05
3.05216e-05
-7.39057e-06
-5.78502e-05
9.58553e-06
-4.51048e-07
-9.44234e-06
-8.72851e-06
-2.52321e-06
-4.9081e-06
-1.19655e-05
-2.04739e-06
-6.9555e-06
2.83197e-06
8.6782e-06
1.24175e-05
-4.25865e-06
7.67828e-06
3.82477e-06
1.2503e-05
-2.58173e-06
-6.14678e-06
-9.9723e-06
-1.12819e-05
1.30964e-06
1.13556e-06
8.31325e-07
6.84696e-06
4.0736e-06
-8.19681e-06
-3.76874e-06
-1.43436e-05
-4.77295e-06
-8.54169e-06
4.9859e-07
6.34837e-06
1.30016e-05
1.41371e-05
-1.30109e-05
-1.33271e-06
1.17012e-05
2.43587e-06
2.14143e-06
8.48979e-06
-7.32273e-06
-8.65544e-06
-8.94862e-06
6.51275e-06
)
;

boundaryField
{
    movingWall
    {
        type            calculated;
        value           uniform 0;
    }
    fixedWalls
    {
        type            calculated;
        value           uniform 0;
    }
    frontAndBack
    {
        type            empty;
        value           nonuniform List<scalar> 0();
    }
    defaultFaces
    {
        type            empty;
        value           nonuniform List<scalar> 0();
    }
}


// ************************************************************************* //
