/*--------------------------------*- C++ -*----------------------------------*\
  =========                 |
  \\      /  F ield         | OpenFOAM: The Open Source CFD Toolbox
   \\    /   O peration     | Website:  https://openfoam.org
    \\  /    A nd           | Version:  8
     \\/     M anipulation  |
\*---------------------------------------------------------------------------*/
FoamFile
{
    version     2.0;
    format      ascii;
    class       volVectorField;
    location    "0.095";
    object      U;
}
// * * * * * * * * * * * * * * * * * * * * * * * * * * * * * * * * * * * * * //

dimensions      [0 1 -1 0 0 0 0];

internalField   nonuniform List<vector> 
656
(
(0.743372 0.0565316 -9.65482e-25)
(0.927889 0.0140691 1.86667e-24)
(0.954788 -0.00127375 0)
(-0.0910749 0.118994 2.40002e-23)
(0.556742 0.0977245 1.12098e-23)
(0.841242 0.000939743 0)
(-0.0571798 0.0672276 -4.93903e-23)
(-0.0145962 0.018846 9.85103e-24)
(0.968227 -0.00015084 0)
(-0.000504549 0.138601 -2.37828e-24)
(-0.00304955 0.193131 -7.83494e-23)
(-0.117738 0.172053 0)
(0.376006 0.139834 1.00526e-23)
(0.715019 0.00930684 0)
(0.890989 0.00127448 -1.70667e-22)
(0.906567 0.000583102 4.77898e-23)
(0.00104049 0.0823432 9.70521e-24)
(0.00137428 0.0267217 0)
(0.971852 -7.63389e-05 -3.43357e-23)
(0.913662 0.000298559 -1.43719e-22)
(-0.0123884 0.0928732 7.71103e-23)
(-0.00523407 0.062872 0)
(-0.0239222 0.125114 1.33361e-24)
(-0.00789616 0.242543 1.53981e-22)
(-0.136115 0.223437 -1.67657e-22)
(0.210343 0.18042 -2.26587e-23)
(0.577674 0.0245875 0)
(0.8007 0.00637692 2.66449e-22)
(0.829494 0.00303222 -8.91624e-23)
(-0.00144234 0.0356645 0)
(-0.000151565 0.0114448 0)
(0.916986 0.000158366 5.13467e-23)
(0.973373 -4.6946e-05 -3.66608e-23)
(0.842959 0.00161743 1.95816e-22)
(0.849424 0.000810491 -5.18089e-23)
(0.854031 6.35032e-05 -1.08889e-22)
(-0.00677975 0.0608904 -1.05381e-22)
(-0.00280708 0.0409241 1.7071e-23)
(-0.0137926 0.0825097 -1.88325e-22)
(-0.0408484 0.158564 -1.577e-22)
(-0.0167101 0.28282 1.665e-22)
(-0.143742 0.269547 -4.77702e-24)
(0.0686489 0.217917 4.55154e-22)
(0.433182 0.0474137 0)
(0.696558 0.0162323 0)
(0.739381 0.00802649 -3.69821e-22)
(-0.000821629 0.0230279 -5.40252e-24)
(-0.000128818 0.00732298 0)
(0.854943 -0.000883153 1.20144e-22)
(0.919453 2.84578e-05 -2.78104e-23)
(0.974008 -2.0205e-05 4.92918e-24)
(0.75977 0.00435532 0)
(0.769765 0.00218551 0)
(0.776843 0.000152037 -1.06666e-22)
(0.778388 -0.00237205 4.59706e-22)
(0.763627 -0.00604323 0)
(-0.0103745 0.0366041 2.00131e-22)
(-0.00502145 0.0257396 2.95145e-22)
(-0.00202819 0.0165171 -2.87513e-22)
(-0.0250269 0.104803 -1.85263e-22)
(-0.0193443 0.0489367 5.84786e-22)
(0.28681 0.0796721 -1.32799e-22)
(0.57847 0.0319868 1.75137e-22)
(0.635201 0.0165802 -5.20768e-22)
(-0.000553535 0.00884742 4.53702e-23)
(-6.70889e-05 0.00256179 6.0905e-23)
(0.844861 -0.00224246 -2.5466e-22)
(0.92 -0.00014638 8.54502e-23)
(0.974687 1.29042e-05 5.47827e-24)
(0.726768 -0.015198 -1.16792e-23)
(0.662692 0.00911928 0)
(0.676457 0.00466459 1.93316e-22)
(0.686386 0.000386454 2.04132e-22)
(0.688971 -0.00481305 -8.82331e-22)
(0.669711 -0.0125431 2.27279e-22)
(-0.00839881 0.0139349 8.88421e-22)
(-0.00405364 0.00913809 -6.83449e-24)
(-0.00182771 0.00550512 0)
(-0.000643611 0.00295303 1.0577e-22)
(0.447786 0.0558281 0)
(0.516952 0.0303682 6.66113e-22)
(-8.94479e-05 0.00127332 -1.00135e-22)
(5.5325e-05 0.00024139 -3.08628e-23)
(0.604786 -0.0240906 4.71813e-22)
(0.82026 -0.00592586 1.49694e-22)
(0.914484 -0.000374946 0)
(0.975031 4.19891e-05 -5.28356e-23)
(0.619973 -0.0302311 -2.88771e-22)
(0.468209 -0.0472383 7.26193e-22)
(0.251479 -0.190757 -8.79081e-22)
(0.550826 0.0170805 0)
(0.568151 0.00874885 4.66271e-23)
(0.58124 0.000992623 -1.45194e-22)
(0.585541 -0.00871513 5.11886e-22)
(0.56258 -0.0231808 -8.69611e-22)
(-0.0147911 0.00626418 3.73776e-22)
(-0.00924713 0.0030667 -3.98853e-22)
(-0.00537223 0.00139791 -1.97735e-22)
(-0.00279645 0.000480314 3.91348e-22)
(-0.00116583 4.38412e-05 4.713e-23)
(-0.000203188 -6.20621e-05 -2.84976e-23)
(-0.136728 -0.250241 5.90066e-23)
(0.411944 -0.147966 -6.13836e-23)
(0.732778 -0.00901641 -7.95845e-22)
(0.901186 -0.00112449 0)
(0.973747 0.000109572 0)
(0.499722 -0.0539486 5.52146e-22)
(0.325513 -0.0810145 -2.7733e-22)
(0.106283 -0.230036 1.02582e-22)
(-0.141409 -0.298198 1.38428e-21)
(-0.0465803 0.0112551 0)
(-0.0340209 0.00583953 1.86863e-22)
(-0.0235914 0.00285792 -6.59976e-22)
(-0.0149878 0.00114531 1.84041e-22)
(-0.00792709 0.000287612 -4.38527e-23)
(-0.00212802 2.17915e-05 -2.72268e-23)
(-0.00754383 -0.28903 0)
(-0.120665 -0.194926 0)
(0.582914 -0.103403 4.88166e-22)
(0.850387 -0.000878696 -3.99584e-23)
(0.970606 0.000203289 -1.0304e-22)
(-0.0155569 -0.33292 -1.64648e-21)
(-0.0760015 0.0100106 0)
(-0.0568623 0.00552754 1.9315e-22)
(-0.0403702 0.00276358 -1.41143e-24)
(-0.0262671 0.00117179 9.54886e-23)
(-0.0142712 0.000360379 -4.48734e-23)
(-0.0041164 7.18021e-05 0)
(-0.0276218 -0.164275 -5.51166e-22)
(-0.00296272 -0.233229 0)
(-0.094997 -0.136206 5.08316e-22)
(0.75789 -0.0597746 0)
(0.956555 0.00135216 7.64116e-23)
(-0.0466779 -0.205096 0)
(-0.0980846 0.00828979 0)
(-0.0741666 0.004609 1.20078e-22)
(-0.0531752 0.00234379 -3.48152e-22)
(-0.0349417 0.0010281 1.12646e-22)
(-0.0192397 0.000345413 5.03483e-23)
(-0.00578431 8.89843e-05 -1.68739e-23)
(-0.015655 -0.119028 2.82625e-22)
(-0.0145372 -0.123352 0)
(-0.000248166 -0.169217 -4.45518e-22)
(-0.0605237 -0.0776122 4.30418e-22)
(0.931395 -0.0147218 0)
(-0.0284336 -0.148595 0)
(-0.107005 0.00724214 1.53155e-22)
(-0.0810007 0.00408769 -1.47862e-22)
(-0.0581645 0.00207796 1.43073e-22)
(-0.0382911 0.000905993 -2.73887e-22)
(-0.0211551 0.000304644 3.76654e-22)
(-0.00650422 7.86168e-05 -5.02184e-23)
(-0.0133574 -0.0678611 2.43769e-22)
(-0.00771819 -0.0890989 -5.22016e-22)
(-0.00596344 -0.0840667 1.52074e-22)
(0.00181257 -0.100771 -4.6198e-22)
(-0.014189 -0.0214027 1.30993e-23)
(-0.024115 -0.0868539 0)
(-0.0154617 -0.0452168 -5.49846e-23)
(-0.107964 0.00780892 -1.88582e-22)
(-0.0816243 0.00492891 7.60119e-22)
(-0.058694 0.0026444 -7.25763e-22)
(-0.0387754 0.00113992 0)
(-0.0215135 0.000351543 0)
(-0.00671227 7.27361e-05 -5.50899e-24)
(-0.00849445 -0.0350828 1.17253e-22)
(-0.00666787 -0.0497939 3.44447e-24)
(-0.00302972 -0.0605438 3.97954e-22)
(-0.00125803 -0.0475669 -1.49542e-22)
(0.00233743 -0.0310267 0)
(-0.00873864 -0.0196312 8.91155e-22)
(-0.0632764 0.00409154 8.291e-22)
(-0.0414414 0.00257073 -8.57304e-22)
(-0.0227755 0.000908331 0)
(-0.00700821 0.000157904 -7.76625e-24)
(-0.00480667 -0.0146296 -2.36315e-22)
(-0.00418805 -0.0254856 -9.16752e-23)
(-0.00273025 -0.0332936 1.89004e-22)
(-0.000643011 -0.0342513 -1.29325e-22)
(0.000182382 -0.0143651 4.94292e-23)
(-0.00447455 -0.00526451 0)
(-0.00270608 0.00320102 -1.02407e-21)
(-0.0505275 0.0011801 0)
(-0.0176845 0.000393823 -2.71407e-23)
(-0.00152206 0.000804212 0)
(-0.00238155 -0.00358818 -2.40559e-22)
(-0.00234519 -0.0102342 -4.59275e-22)
(-0.00172137 -0.0168635 -6.24874e-23)
(-0.000724385 -0.0186277 1.27155e-22)
(7.65247e-05 -0.0106535 -4.96195e-23)
(-0.00108025 -0.000901931 2.08811e-21)
(-0.00130629 0.00154801 2.17907e-21)
(-0.00310788 0.00369394 7.02071e-23)
(-0.000132308 0.00198947 -4.81421e-22)
(-0.000749158 0.00104834 -9.82518e-25)
(-0.00111842 -0.00225135 1.24587e-22)
(-0.000958383 -0.00653699 3.71986e-22)
(-0.00048401 -0.00935177 7.62147e-24)
(-6.56822e-05 -0.00583941 -2.27909e-23)
(-0.000147405 -0.0025755 -1.88366e-24)
(-0.000453317 -0.00141138 -1.74693e-21)
(-0.000547699 0.000678939 -5.26919e-22)
(-0.00136142 0.00157887 0)
(-0.00319376 0.00914425 1.51722e-21)
(0.000389218 0.00151006 -2.58748e-22)
(-4.0113e-06 0.00176502 2.56504e-22)
(-0.000314497 0.00105891 1.28438e-22)
(-0.000440226 -0.00126608 0)
(-0.00027213 -0.00350618 -1.2192e-22)
(-6.47754e-05 -0.00293411 1.71268e-23)
(0.000229808 -0.00282418 8.27434e-22)
(1.29889e-05 -0.00241842 3.33751e-22)
(-0.000162189 -0.00146221 1.96694e-22)
(-0.000173917 0.000193313 5.36033e-23)
(-0.000334948 0.000545872 -6.14605e-23)
(-0.00045982 0.00212036 1.0924e-21)
(0.000310248 0.000534784 1.08136e-21)
(0.000248393 0.00126937 -4.0476e-22)
(2.98063e-05 0.00143274 -2.63976e-22)
(-0.00010718 0.000883874 -1.28486e-22)
(-0.000115846 -0.000584156 0)
(-3.96768e-05 -0.00106226 -1.12742e-23)
(0.000528008 -0.00205871 0)
(0.000185019 -0.00240453 -2.86303e-22)
(4.71875e-05 -0.00200886 -9.86503e-22)
(-3.77043e-05 -0.0012145 3.2149e-22)
(-2.21862e-05 -2.83823e-05 -3.58209e-22)
(-1.25e-05 1.19622e-05 9.65593e-24)
(0.000532075 0.000192061 -4.69797e-22)
(0.000171518 0.000398934 7.16204e-22)
(0.000139518 0.000980719 -6.92982e-22)
(2.76356e-05 0.00103606 1.32346e-22)
(-1.72687e-05 0.000583962 0)
(-1.10014e-05 -0.000141971 1.11475e-23)
(0.000388914 -0.000698806 0)
(0.000316799 -0.00169626 5.50365e-22)
(0.000115032 -0.00187533 7.1644e-22)
(3.78164e-05 -0.00146586 9.39679e-22)
(8.23596e-06 -0.000791219 -3.338e-22)
(9.77959e-06 -5.50458e-05 -2.20475e-23)
(0.00120546 0.000277316 -5.60813e-22)
(0.000378424 0.000104432 0)
(8.37091e-05 0.000273312 5.14328e-22)
(6.48708e-05 0.00067869 0)
(1.68366e-05 0.000614526 0)
(6.22758e-06 0.000211531 0)
(0.000718717 -0.000234864 6.27186e-22)
(0.000209887 -0.000524542 -5.69271e-22)
(0.000168865 -0.00128771 -5.60028e-22)
(5.82733e-05 -0.00130853 -4.18078e-22)
(2.38481e-05 -0.000872138 -4.34759e-22)
(1.31874e-05 -0.000279335 1.31222e-23)
(0.00168601 0.00014566 0)
(0.000961257 0.000159188 1.40554e-22)
(0.000249781 5.15533e-05 0)
(3.23399e-05 0.000167285 1.98727e-27)
(2.19697e-05 0.000385235 0)
(8.67178e-06 0.000196661 -8.98034e-23)
(0.00183423 -2.67082e-05 0)
(0.0015642 -0.000258267 -5.66059e-22)
(0.000522192 -0.000131926 -1.5799e-22)
(9.94289e-05 -0.000360124 2.91849e-22)
(7.56693e-05 -0.000877457 -4.14964e-22)
(2.45369e-05 -0.00075007 -1.31464e-22)
(1.2293e-05 -0.000280631 9.15686e-23)
(0.00135349 8.23603e-05 -1.88764e-23)
(0.000715522 8.24786e-05 -2.10202e-22)
(0.000149285 2.00356e-05 0)
(6.3174e-06 8.30135e-05 -1.0821e-22)
(5.51712e-06 0.000112643 9.05926e-23)
(0.00147073 -1.80436e-05 2.09892e-24)
(0.00124728 -0.000151884 6.35707e-22)
(0.000352538 -6.60384e-05 -4.72317e-27)
(3.77787e-05 -0.000221165 1.34932e-25)
(2.46165e-05 -0.000490535 -2.65275e-22)
(9.49858e-06 -0.000226846 8.36337e-23)
(0.00101779 4.25604e-05 1.4857e-22)
(0.00048318 3.63796e-05 1.02542e-22)
(7.34203e-05 3.85858e-06 -1.26143e-22)
(-1.2214e-06 1.91398e-05 2.30053e-23)
(0.00110589 -1.07259e-05 2.0944e-24)
(0.000931281 -8.12811e-05 -1.40607e-22)
(0.00021585 -2.61379e-05 4.54169e-22)
(7.22521e-06 -0.000110375 -2.1277e-22)
(6.0114e-06 -0.000139092 3.40376e-26)
(0.000696137 1.89757e-05 0)
(0.000271393 1.19832e-05 1.13807e-22)
(1.73681e-05 -1.10291e-06 7.96668e-23)
(0.000756908 -5.78894e-06 0)
(0.000631543 -3.70993e-05 -2.057e-22)
(0.000108927 -5.34269e-06 3.95909e-22)
(-1.46381e-06 -2.55813e-05 4.39588e-23)
(0.000398339 6.50683e-06 -9.70975e-25)
(8.26838e-05 2.82894e-06 -1.43009e-22)
(0.000433638 -2.79692e-06 9.69712e-25)
(0.000356546 -1.2966e-05 -1.14033e-22)
(2.67357e-05 1.1871e-06 1.12934e-22)
(0.000128976 1.65488e-06 4.33798e-23)
(0.000140686 -1.23319e-06 0)
(0.000109503 -3.58845e-06 -1.09967e-23)
(-0.142805 0.304015 2.22384e-21)
(-0.0269628 0.258916 5.09923e-22)
(-0.0419225 0.128296 0)
(-0.0753956 0.189539 2.78623e-21)
(-0.0629118 0.19421 -2.94436e-21)
(-0.073022 0.268242 0)
(-0.0373497 0.311078 0)
(-0.0980452 0.353175 -1.02569e-21)
(-0.0849302 0.314173 0)
(-0.0388409 0.266567 -1.88531e-21)
(0.152159 0.126701 4.23773e-21)
(-0.0955074 0.278837 0)
(-0.0338099 0.0636954 -3.65697e-22)
(-0.0560702 0.10525 0)
(-0.0162072 0.0192656 -3.81809e-21)
(-0.0385986 0.0469828 3.90722e-21)
(-0.0831657 0.121715 -2.27027e-21)
(-0.114795 0.159415 0)
(-0.0954014 0.203483 0)
(-0.119101 0.24024 6.18362e-22)
(-0.10878 0.295516 0)
(-0.0974965 0.289536 1.95869e-21)
(-0.0152742 0.19448 2.36968e-21)
(0.0946772 0.155501 -5.71835e-21)
(0.302808 0.0912268 1.1234e-21)
(-0.149953 0.235269 -5.90024e-22)
(-0.140543 0.252469 0)
(-0.0215698 0.0120701 -3.15874e-21)
(-0.0491873 0.028652 8.65326e-22)
(-0.0607813 0.052156 7.20346e-22)
(-0.0913818 0.081873 2.30837e-21)
(-0.121538 0.0806729 -4.44499e-21)
(-0.167505 0.115469 -3.93327e-21)
(-0.159415 0.156947 -3.00645e-21)
(-0.184491 0.185495 5.63124e-21)
(-0.130934 0.208746 -1.64175e-21)
(-0.0600027 0.184083 -1.71406e-21)
(0.0433093 0.128478 0)
(0.387488 0.0504159 -5.74685e-21)
(0.190368 0.106437 0)
(0.423925 0.0298138 0)
(0.243699 0.0593233 4.83684e-21)
(-0.20681 0.172881 0)
(-0.178848 0.179871 0)
(-0.0108471 -0.277365 6.03709e-21)
(-0.146114 -0.33037 0)
(0.386544 -0.0835115 0)
(0.436603 0.0148338 -1.97023e-22)
(0.273597 0.0341754 0)
(0.269521 -0.0944412 0)
(0.45653 -0.0376443 1.1832e-21)
(0.458428 0.00179155 3.69632e-21)
(0.29658 0.00855285 0)
(0.320021 -0.0442478 0)
(0.473854 -0.0152629 0)
(0.325096 -0.0149193 -3.75314e-21)
(-0.0639559 0.0225517 1.14952e-21)
(-0.0974188 0.0360227 -1.44531e-21)
(-0.120521 0.0485927 4.75467e-21)
(-0.173508 0.0548068 0)
(-0.202303 0.0851152 0)
(-0.231692 0.0954737 -3.1048e-21)
(-0.249597 0.120086 -2.36308e-21)
(-0.152318 0.139204 0)
(0.0674797 0.0804192 3.34717e-21)
(-0.0352851 0.118035 0)
(0.151949 0.0435659 0)
(0.00479672 0.0682078 -3.61974e-21)
(-0.267033 0.106391 7.84726e-21)
(-0.228673 0.113315 -2.31886e-21)
(-0.0112092 -0.264237 -3.40716e-21)
(0.172354 -0.13773 7.67052e-21)
(0.147214 -0.156983 -6.00212e-21)
(-0.114827 -0.387007 1.70474e-21)
(-0.0771425 -0.329038 -3.71048e-21)
(-0.0361738 -0.360387 2.43751e-22)
(0.0477274 -0.183755 -6.36435e-21)
(0.0511359 -0.153934 2.08615e-21)
(0.149731 -0.110152 3.22715e-21)
(0.134004 0.0100573 0)
(0.0258899 0.0381279 0)
(0.0865153 -0.0943345 -3.55657e-21)
(0.189492 -0.0572682 0)
(0.101098 -0.0463002 -3.31618e-21)
(0.200538 -0.0211012 3.02412e-21)
(0.061537 -0.00977489 4.60933e-21)
(-0.0973006 0.0161603 1.65291e-21)
(-0.141108 0.0248625 0)
(-0.16821 0.034327 0)
(-0.213582 0.040108 3.28341e-21)
(-0.245119 0.058838 0)
(-0.274295 0.0598915 8.2624e-21)
(-0.294493 0.0759783 -7.06126e-21)
(-0.108257 0.0542713 0)
(-0.132025 0.0690208 -5.67658e-21)
(-0.222718 0.0874096 1.15629e-20)
(-0.195121 0.0400586 0)
(-0.292502 0.0752982 -7.47357e-21)
(-0.306172 0.0691415 -3.98623e-21)
(-0.0856963 -0.315049 0)
(-0.0705384 -0.248577 7.72744e-21)
(-0.0719273 -0.243756 0)
(-0.063932 -0.32305 -5.27585e-22)
(-0.0899585 -0.326036 4.14361e-22)
(-0.102161 -0.242421 -7.93624e-21)
(-0.0603381 -0.188507 -7.29073e-21)
(-0.0903596 -0.162641 9.69494e-21)
(-0.0371754 -0.116158 2.98966e-21)
(-0.103642 -0.0834656 -3.91714e-21)
(-0.0500299 -0.0527866 0)
(-0.0772191 -0.017873 -3.18618e-21)
(-0.172125 0.0108967 0)
(-0.123471 0.0131842 0)
(-0.16778 0.0198124 -1.28101e-21)
(-0.198094 0.0256512 -5.01979e-21)
(-0.23252 0.0320192 4.30489e-21)
(-0.261246 0.0426993 -1.53211e-21)
(-0.279707 0.0448652 -1.96661e-21)
(-0.307512 0.0567949 6.22748e-21)
(-0.277592 0.0468822 -6.94643e-21)
(-0.30105 0.0619535 8.46946e-21)
(-0.264018 0.0155266 0)
(-0.298747 0.0397604 -1.19023e-21)
(-0.321167 0.0618841 0)
(-0.314361 0.056567 0)
(-0.0467887 -0.174297 -1.23693e-20)
(-0.0894345 -0.248998 4.26681e-21)
(-0.10988 -0.258996 5.15499e-21)
(-0.121751 -0.288646 -7.1046e-22)
(-0.137726 -0.259309 6.5544e-22)
(-0.172232 -0.210031 -7.46635e-21)
(-0.174967 -0.170587 0)
(-0.195617 -0.112958 -9.32941e-21)
(-0.281277 0.0178951 -4.39168e-21)
(-0.237521 -0.0819603 6.78736e-21)
(-0.273983 -0.0184048 2.80128e-21)
(-0.135494 0.0115885 4.51752e-21)
(-0.294669 0.0530494 2.69733e-21)
(-0.173485 0.017924 -3.22747e-21)
(-0.198936 0.023282 -2.79434e-21)
(-0.226295 0.0312887 -6.05195e-21)
(-0.261507 0.0397398 1.35422e-21)
(-0.270898 0.0439442 -3.43183e-21)
(-0.294277 0.046024 -2.6992e-21)
(-0.318238 0.0607724 6.72778e-22)
(-0.313226 0.0515549 1.23265e-21)
(-0.274839 0.0591649 4.81691e-21)
(-0.291152 0.0568448 1.99652e-21)
(-0.301957 0.0645251 -1.27921e-21)
(-0.294119 0.0611488 -1.91856e-21)
(-0.242413 0.0645941 -6.67711e-21)
(-0.0389574 -0.105086 0)
(-0.0625013 -0.165991 8.27743e-21)
(-0.183073 0.0661271 0)
(-0.221453 0.0555656 4.37741e-21)
(-0.120778 0.0615407 8.4773e-21)
(-0.146577 0.0581728 -5.59777e-21)
(-0.0860444 -0.18145 0)
(-0.125147 -0.221314 -4.90037e-21)
(-0.162279 -0.198662 1.5002e-20)
(-0.219429 0.0286147 -5.83721e-21)
(-0.245524 0.00874568 4.6204e-21)
(-0.179571 -0.157311 -1.06991e-20)
(-0.23049 -0.0769408 1.13788e-22)
(-0.222385 -0.0475247 -9.42586e-21)
(-0.135738 0.0117714 0)
(-0.266245 0.0528004 0)
(-0.245172 0.0395976 2.5967e-22)
(-0.250756 0.0463453 -3.54415e-22)
(-0.169208 0.0200998 -5.02247e-21)
(-0.197278 0.0263327 5.34141e-21)
(-0.215701 0.0314425 4.634e-21)
(-0.28484 0.0701724 1.83082e-21)
(-0.276874 0.0697529 -4.16907e-22)
(-0.24739 0.0774337 3.63316e-21)
(-0.228234 0.0764836 1.32583e-21)
(-0.259229 0.057289 -5.47572e-21)
(-0.264837 0.0719024 1.99899e-23)
(-0.271602 0.0638709 4.67546e-21)
(-0.201417 0.0821178 2.29948e-21)
(-0.176506 0.0804317 -7.50234e-21)
(-0.119858 0.0731991 2.8829e-21)
(-0.145064 0.080627 2.3815e-21)
(-0.0957097 0.0709195 -3.36804e-21)
(-0.0575657 0.0524466 0)
(-0.0759411 0.0589824 2.79832e-21)
(-0.0918712 0.054755 -2.40034e-22)
(-0.083428 0.0470404 0)
(-0.0249326 -0.0547225 -4.19627e-21)
(-0.0490763 -0.0950171 4.10557e-21)
(-0.0595069 -0.102592 2.88711e-21)
(-0.0951233 -0.138299 0)
(-0.107708 0.0317548 1.0204e-20)
(-0.141142 0.0342305 0)
(-0.1689 0.0188898 5.66236e-21)
(-0.121308 -0.116504 1.30633e-22)
(-0.152644 -0.0268254 1.53358e-21)
(-0.151436 -0.124331 -4.2194e-21)
(-0.179981 -0.0561371 8.46574e-21)
(-0.0139534 -0.0251677 -4.96204e-22)
(-0.0255738 -0.0430871 0)
(-0.126003 0.0107819 0)
(-0.0850571 0.00384017 -5.1455e-22)
(-0.102855 0.00502798 5.18696e-22)
(-0.223807 0.0441782 -3.00818e-21)
(-0.234485 0.0542648 2.64529e-21)
(-0.150076 0.0166045 0)
(-0.184907 0.0256345 -2.45617e-21)
(-0.201144 0.0351561 2.95873e-21)
(-0.199209 0.0864359 1.24116e-21)
(-0.239284 0.0767425 -2.01769e-21)
(-0.232766 0.0817433 -2.56042e-21)
(-0.218733 0.0602219 -3.409e-21)
(-0.219075 0.071647 6.75997e-22)
(-0.176344 0.0843056 0)
(-0.148088 0.0843904 0)
(-0.134587 0.0828162 0)
(-0.107081 0.079385 -2.97558e-21)
(-0.0874888 0.0727904 -1.67582e-21)
(-0.0674392 0.0661625 3.98958e-21)
(-0.0505257 0.0542452 0)
(-0.00780854 0.0145317 0)
(-0.0050005 0.00961364 -6.67879e-22)
(-0.0142651 0.0259849 3.59747e-21)
(-0.0228615 0.0350546 -3.1536e-21)
(-0.0363452 0.0471482 0)
(-0.0258687 0.0329099 -5.85684e-21)
(-0.039375 0.0403161 3.75503e-23)
(-0.0107529 0.0154364 0)
(-0.0146982 0.0201798 -4.59986e-21)
(-0.00493264 0.00587298 0)
(-0.0416705 0.0354753 1.35516e-23)
(-0.0597479 0.0401247 2.05769e-23)
(-0.0589278 0.0304376 3.55591e-21)
(-0.0924809 0.0259539 -4.32545e-21)
(-0.0363814 -0.0479476 8.81291e-21)
(-0.0604584 -0.066984 -1.85481e-20)
(-0.088205 -0.0672183 3.9511e-21)
(-0.0877756 0.0090159 -2.28004e-21)
(-0.0966005 -0.0379679 8.37686e-21)
(-0.117177 -0.0226118 -5.88531e-21)
(-0.00690015 -0.00708605 0)
(-0.0130819 -0.0154608 0)
(-0.0161975 -0.0167656 -3.64655e-21)
(-0.0323234 -0.0283303 -5.33373e-21)
(-0.00421483 0.00680782 5.65155e-22)
(-0.117803 0.0104127 1.25357e-21)
(-0.0697794 0.000824343 0)
(-0.0874992 0.00282396 -1.09677e-21)
(-0.146699 0.0292966 1.49045e-21)
(-0.173555 0.0375349 -4.4578e-21)
(-0.189331 0.0550488 -8.10664e-23)
(-0.162315 0.0678501 4.04891e-21)
(-0.181566 0.0761267 -4.75263e-21)
(-0.169063 0.081508 3.23332e-21)
(-0.0990765 0.0791466 -3.93072e-21)
(-0.128483 0.0781584 6.07468e-23)
(-0.125918 0.0828417 1.11158e-21)
(-0.0371324 0.0531466 4.04607e-21)
(-0.0566223 0.064536 -4.42167e-23)
(-0.0786213 0.0718139 1.95872e-21)
(-0.0111595 0.0273612 1.76765e-21)
(-0.0273569 0.0448946 -2.14115e-21)
(-0.00631041 0.0177609 -1.5888e-21)
(-0.0165703 0.0185406 5.23523e-21)
(-0.0262079 0.0239916 0)
(-0.00504099 0.00498546 4.11264e-21)
(-0.00739834 0.00750798 -7.26838e-21)
(-0.00222771 0.00033462 0)
(-0.00222403 0.000331498 0)
(-0.00450593 -0.00215492 -1.1554e-21)
(-0.0267826 0.0194265 5.2423e-21)
(-0.041339 0.0217627 -1.58193e-23)
(-0.041269 0.0142472 -1.0782e-20)
(-0.0632516 0.00757525 1.0884e-20)
(-0.0389592 -0.017936 3.80771e-21)
(-0.0543285 -0.0178047 -3.09013e-21)
(-0.0479362 -0.00261628 -3.8081e-21)
(-0.00654793 -0.00306619 7.17178e-22)
(-0.0130977 -0.00712763 2.03319e-21)
(-0.0214455 -0.00661989 1.40881e-21)
(-0.00507093 0.0134531 -3.05322e-21)
(-0.0292687 0.0495636 0)
(-0.0616473 0.0639654 0)
(-0.093157 0.0360271 3.94697e-21)
(-0.108841 0.0553776 -2.76841e-21)
(-0.101075 0.0672074 0)
(-0.0222631 0.00259981 3.06211e-23)
(-0.0626341 0.0148131 0)
(-0.010026 0.0309591 -1.03653e-22)
(-0.000829225 0.00176163 -6.08664e-22)
(-0.00021748 0.00204886 2.99376e-21)
(-0.00929525 0.00687244 7.49977e-21)
(-0.0147097 0.0105716 0)
(-0.00154224 -0.000792465 -3.39873e-21)
(-0.0034456 0.000626263 -1.07878e-20)
(-0.000489356 -0.00230161 5.95606e-21)
(-0.00139592 0.00147404 4.21849e-22)
(-0.0053801 -0.000676497 0)
(-0.0159001 0.00597542 0)
(-0.025775 0.00784396 0)
(-0.0282722 0.000492431 0)
(-0.00745359 -0.000584909 4.81293e-21)
(-0.0162941 -0.00291933 -4.11252e-21)
(-0.0185753 0.000574259 0)
(-0.00132114 0.00993904 0)
(-0.000409817 0.00166611 2.7225e-21)
(0.00058017 0.00166837 -6.82893e-21)
(0.000651857 0.00195463 1.18869e-20)
(0.000635497 0.00178193 -7.18398e-21)
(0.000874917 0.00122658 -2.33877e-21)
(0.00046879 0.00063563 0)
(-0.00314236 -8.88285e-05 3.51874e-21)
(-0.00669408 0.00129194 0)
(0.000156546 -0.00293461 0)
(-0.000223386 -0.00243944 0)
(0.000225397 -0.00302249 -1.29477e-21)
(-0.000778018 0.00109907 2.23582e-21)
(-0.00308813 0.00083467 0)
(-0.00238806 0.000434776 6.76851e-21)
(-0.0046328 0.000682405 1.79024e-21)
(-0.00598586 0.00148011 -6.75079e-21)
(0.00116036 0.00146334 0)
(0.000773528 0.00130193 5.27914e-21)
(0.00124127 0.00107037 8.56216e-21)
(0.00149013 0.00125015 -9.71163e-21)
(0.000673656 0.000345582 -1.74315e-22)
(0.00121944 0.000655732 7.2328e-21)
(0.000782129 -0.00231933 1.45299e-21)
(0.000204439 -0.00132587 -1.08956e-21)
(0.000750326 -0.00229655 -8.36624e-21)
(0.000954178 -0.00268608 1.14318e-20)
(0.00119871 -0.00254157 0)
(0.00133517 0.000953247 -5.358e-21)
(0.00053376 0.000832197 -7.84286e-21)
(0.00172022 -5.60437e-06 1.1628e-20)
(0.00158777 -0.00102094 0)
(0.00107276 -0.00147855 0)
(0.000583658 -0.000820093 4.46027e-21)
(0.00197106 0.000841813 3.35733e-21)
(0.00209811 0.000794873 -5.95497e-21)
(0.00144453 0.00045818 -1.30425e-22)
(0.00190985 0.000597477 1.7898e-24)
(0.00158026 -0.00134378 0)
(0.00194998 -0.00163246 1.9505e-21)
(0.00220287 -0.00110394 -1.68503e-21)
(0.00255755 0.000271589 -4.16506e-24)
(0.00246085 -0.000551075 7.99863e-22)
(0.00247626 -0.000120486 6.32241e-21)
(0.000882613 -0.000391637 -5.91228e-21)
(0.00160532 -0.000761241 0)
(0.00201972 0.000251022 -8.83114e-21)
(0.00245042 0.000199227 4.21039e-21)
(0.00220585 -3.67613e-05 4.4837e-21)
(0.00189758 -0.000437601 0)
(0.00231385 -0.000458545 -4.91229e-21)
)
;

boundaryField
{
    movingWall
    {
        type            fixedValue;
        value           uniform (1 0 0);
    }
    fixedWalls
    {
        type            noSlip;
    }
    frontAndBack
    {
        type            empty;
    }
    defaultFaces
    {
        type            empty;
    }
}


// ************************************************************************* //
