/*--------------------------------*- C++ -*----------------------------------*\
  =========                 |
  \\      /  F ield         | OpenFOAM: The Open Source CFD Toolbox
   \\    /   O peration     | Website:  https://openfoam.org
    \\  /    A nd           | Version:  8
     \\/     M anipulation  |
\*---------------------------------------------------------------------------*/
FoamFile
{
    version     2.0;
    format      ascii;
    class       volVectorField;
    location    "0.049";
    object      U;
}
// * * * * * * * * * * * * * * * * * * * * * * * * * * * * * * * * * * * * * //

dimensions      [0 1 -1 0 0 0 0];

internalField   nonuniform List<vector> 
656
(
(0.743373 0.0565317 -9.65405e-25)
(0.927889 0.0140692 1.86664e-24)
(0.954789 -0.00127369 0)
(-0.0910748 0.118995 2.4e-23)
(0.556744 0.0977246 1.12098e-23)
(0.841243 0.000939705 0)
(-0.0571797 0.0672285 -4.93912e-23)
(-0.0145962 0.0188462 9.851e-24)
(0.968225 -0.000150822 0)
(-0.000504582 0.138603 -2.37836e-24)
(-0.00304957 0.193133 -7.8353e-23)
(-0.117738 0.172055 0)
(0.376008 0.139834 1.00526e-23)
(0.715019 0.00930635 0)
(0.890984 0.00127411 -1.70657e-22)
(0.906549 0.000582291 4.77867e-23)
(0.00104049 0.0823445 9.70623e-24)
(0.00137431 0.0267221 0)
(0.971847 -7.64348e-05 -3.43333e-23)
(0.913627 0.000297368 -1.43711e-22)
(-0.0123884 0.0928744 7.71138e-23)
(-0.00523405 0.0628733 0)
(-0.0239222 0.125115 1.3337e-24)
(-0.00789621 0.242545 1.53988e-22)
(-0.136115 0.223439 -1.67664e-22)
(0.210345 0.18042 -2.26587e-23)
(0.577673 0.0245859 0)
(0.800689 0.00637523 2.66434e-22)
(0.829461 0.00302926 -8.91569e-23)
(-0.00144232 0.0356654 0)
(-0.000151552 0.0114452 0)
(0.916932 0.000157247 5.13459e-23)
(0.973362 -4.71493e-05 -3.66586e-23)
(0.842897 0.00161344 1.95805e-22)
(0.849327 0.000806765 -5.18082e-23)
(0.853911 6.15912e-05 -1.08894e-22)
(-0.00677958 0.0608925 -1.05389e-22)
(-0.00280702 0.040926 1.70721e-23)
(-0.0137922 0.0825113 -1.88339e-22)
(-0.0408483 0.158562 -1.57707e-22)
(-0.0167103 0.28282 1.66508e-22)
(-0.143742 0.269548 -4.77799e-24)
(0.0686505 0.217916 4.55148e-22)
(0.433179 0.04741 0)
(0.696541 0.0162279 0)
(0.739331 0.00801918 -3.698e-22)
(-0.00082163 0.0230292 -5.40288e-24)
(-0.000128828 0.00732345 0)
(0.85482 -0.000882552 1.20157e-22)
(0.919386 2.79317e-05 -2.78124e-23)
(0.973991 -2.04053e-05 4.92922e-24)
(0.759675 0.00434575 0)
(0.769619 0.00217659 0)
(0.776663 0.000147263 -1.06672e-22)
(0.778202 -0.00237102 4.5975e-22)
(0.763466 -0.00603627 0)
(-0.0103746 0.0366078 2.0015e-22)
(-0.00502158 0.0257432 2.9517e-22)
(-0.0020283 0.0165199 -2.8754e-22)
(-0.0250261 0.104802 -1.85277e-22)
(-0.0193442 0.0489394 5.84832e-22)
(0.286803 0.0796639 -1.328e-22)
(0.578443 0.0319773 1.75129e-22)
(0.63513 0.016565 -5.20746e-22)
(-0.000553606 0.00884916 4.5375e-23)
(-6.71259e-05 0.00256237 6.09106e-23)
(0.844755 -0.00223942 -2.5469e-22)
(0.919931 -0.000146095 8.54578e-23)
(0.974666 1.28353e-05 5.47896e-24)
(0.726661 -0.015189 -1.16714e-23)
(0.662562 0.00909986 0)
(0.676258 0.00464657 1.93319e-22)
(0.686141 0.000376489 2.04142e-22)
(0.688716 -0.0048116 -8.82416e-22)
(0.669488 -0.0125297 2.27305e-22)
(-0.0083993 0.0139378 8.88509e-22)
(-0.00405401 0.00914093 -6.83038e-24)
(-0.00182791 0.00550745 0)
(-0.000643712 0.00295469 1.05781e-22)
(0.447749 0.0558098 0)
(0.516859 0.0303404 6.66083e-22)
(-8.94821e-05 0.00127426 -1.00145e-22)
(5.53186e-05 0.000241652 -3.08658e-23)
(0.604721 -0.0240831 4.7185e-22)
(0.82019 -0.00592223 1.49704e-22)
(0.914426 -0.000373981 0)
(0.975009 4.20908e-05 -5.28405e-23)
(0.619821 -0.0302127 -2.88802e-22)
(0.468115 -0.0472227 7.26232e-22)
(0.251448 -0.190747 -8.79128e-22)
(0.550658 0.0170447 0)
(0.567896 0.00871562 4.66309e-23)
(0.580925 0.000974124 -1.45203e-22)
(0.585213 -0.00871329 5.11933e-22)
(0.562289 -0.0231571 -8.69711e-22)
(-0.0147945 0.00626462 3.73817e-22)
(-0.00925053 0.00306722 -3.98896e-22)
(-0.00537509 0.00139825 -1.97753e-22)
(-0.00279852 0.000480486 3.9139e-22)
(-0.00116703 4.39082e-05 4.71349e-23)
(-0.000203516 -6.20405e-05 -2.85006e-23)
(-0.136738 -0.250214 5.90067e-23)
(0.411924 -0.147962 -6.13864e-23)
(0.732738 -0.00901362 -7.95899e-22)
(0.901149 -0.00112356 0)
(0.973729 0.000109759 0)
(0.499519 -0.0539148 5.5219e-22)
(0.325384 -0.0809837 -2.77361e-22)
(0.106237 -0.230014 1.02587e-22)
(-0.141429 -0.298156 1.38429e-21)
(-0.0465818 0.0112522 0)
(-0.034024 0.00583858 1.86889e-22)
(-0.0235949 0.00285769 -6.60067e-22)
(-0.0149908 0.00114534 1.84066e-22)
(-0.00792905 0.000287726 -4.38586e-23)
(-0.00212866 2.18716e-05 -2.72304e-23)
(-0.00755849 -0.288934 0)
(-0.120669 -0.19491 0)
(0.582903 -0.103401 4.88191e-22)
(0.850365 -0.000878143 -3.99608e-23)
(0.970595 0.000203337 -1.0305e-22)
(-0.0155865 -0.332792 -1.64649e-21)
(-0.0759851 0.0100023 0)
(-0.0568528 0.00552355 1.93184e-22)
(-0.0403652 0.0027619 -1.41523e-24)
(-0.0262649 0.00117124 9.5508e-23)
(-0.0142705 0.000360324 -4.48826e-23)
(-0.00411636 7.18595e-05 0)
(-0.0276336 -0.164118 -5.51176e-22)
(-0.0029692 -0.233161 0)
(-0.0949985 -0.136198 5.08314e-22)
(0.757885 -0.0597745 0)
(0.956549 0.00135211 7.64197e-23)
(-0.0466993 -0.20489 0)
(-0.0980374 0.00827623 0)
(-0.0741344 0.00460205 1.20106e-22)
(-0.0531544 0.00234061 -3.48231e-22)
(-0.0349293 0.0010269 1.12673e-22)
(-0.0192335 0.000345158 5.03586e-23)
(-0.00578265 8.9014e-05 -1.68781e-23)
(-0.0156546 -0.118839 2.82623e-22)
(-0.0145433 -0.12324 0)
(-0.000250958 -0.169174 -4.45516e-22)
(-0.0605238 -0.0776087 4.30417e-22)
(0.931394 -0.014722 0)
(-0.0284316 -0.14835 0)
(-0.106924 0.00722388 1.53192e-22)
(-0.0809434 0.00407823 -1.47896e-22)
(-0.0581257 0.00207352 1.43107e-22)
(-0.0382669 0.000904275 -2.73959e-22)
(-0.0211425 0.000304229 3.76753e-22)
(-0.00650057 7.86024e-05 -5.02319e-23)
(-0.0133433 -0.0676908 2.43779e-22)
(-0.00771846 -0.0889626 -5.22036e-22)
(-0.00596608 -0.0839929 1.52073e-22)
(0.00181146 -0.100748 -4.61979e-22)
(-0.0141888 -0.0214021 1.30993e-23)
(-0.0240883 -0.0866322 0)
(-0.0154242 -0.0450742 -5.49883e-23)
(-0.107852 0.0077854 -1.88629e-22)
(-0.0815432 0.00491591 7.60323e-22)
(-0.0586375 0.00263809 -7.25959e-22)
(-0.0387392 0.00113745 0)
(-0.021494 0.000350917 0)
(-0.0067064 7.26795e-05 -5.51049e-24)
(-0.00847419 -0.0349742 1.17262e-22)
(-0.00666119 -0.0496706 3.43992e-24)
(-0.00303002 -0.0604537 3.97969e-22)
(-0.00125879 -0.0475267 -1.49542e-22)
(0.0023373 -0.0310205 0)
(-0.00870574 -0.0195703 8.91205e-22)
(-0.0631989 0.00407675 8.29322e-22)
(-0.0413931 0.00256335 -8.57541e-22)
(-0.02275 0.000906149 0)
(-0.00700089 0.000157648 -7.76863e-24)
(-0.00478876 -0.0145855 -2.36327e-22)
(-0.00417812 -0.0254078 -9.16822e-23)
(-0.00272762 -0.033212 1.89019e-22)
(-0.00064321 -0.0342015 -1.29332e-22)
(0.000182253 -0.0143534 4.94297e-23)
(-0.00445276 -0.00527078 0)
(-0.00269144 0.00319202 -1.0239e-21)
(-0.0504456 0.00117238 0)
(-0.0176575 0.000392347 -2.71515e-23)
(-0.00151508 0.000766886 0)
(-0.00236992 -0.00359653 -2.40566e-22)
(-0.0023364 -0.0102042 -4.59307e-22)
(-0.00171729 -0.0168125 -6.24922e-23)
(-0.000723741 -0.0185825 1.27161e-22)
(7.64127e-05 -0.0106384 -4.962e-23)
(-0.00107205 -0.000882786 2.08786e-21)
(-0.00129885 0.00154433 2.17871e-21)
(-0.00309555 0.00367624 7.01946e-23)
(-0.000134218 0.0019507 -4.81416e-22)
(-0.000745846 0.00101629 -9.75477e-25)
(-0.00111295 -0.00225973 1.2459e-22)
(-0.000954774 -0.00651823 3.72014e-22)
(-0.00048286 -0.00932374 7.6222e-24)
(-6.56548e-05 -0.00582533 -2.27928e-23)
(-0.000145429 -0.00254035 -1.87323e-24)
(-0.000449388 -0.00139371 -1.74671e-21)
(-0.00054435 0.000677832 -5.26834e-22)
(-0.00135588 0.00156982 0)
(-0.00318458 0.00910488 1.51674e-21)
(0.000382187 0.00148392 -2.58742e-22)
(-5.66302e-06 0.00173344 2.56503e-22)
(-0.000313086 0.00103361 1.28433e-22)
(-0.000438114 -0.001273 0)
(-0.000271104 -0.00349631 -1.21929e-22)
(-6.46165e-05 -0.00292538 1.71282e-23)
(0.000227821 -0.00278565 8.27383e-22)
(1.35705e-05 -0.00238918 3.33726e-22)
(-0.000160521 -0.00144758 1.96672e-22)
(-0.000172702 0.000193461 5.35933e-23)
(-0.000333489 0.000541923 -6.14467e-23)
(-0.000458342 0.00210883 1.09205e-21)
(0.000305298 0.000526263 1.08134e-21)
(0.000244344 0.00124866 -4.04749e-22)
(2.86559e-05 0.00140886 -2.63975e-22)
(-0.000106669 0.000865966 -1.28486e-22)
(-0.000115311 -0.000588696 0)
(-3.95288e-05 -0.00105933 -1.1275e-23)
(0.000521521 -0.00202974 0)
(0.000183537 -0.00237373 -2.86282e-22)
(4.7179e-05 -0.00198639 -9.86416e-22)
(-3.71536e-05 -0.0012038 3.2145e-22)
(-2.19387e-05 -2.78351e-05 -3.58147e-22)
(-1.23871e-05 1.12266e-05 9.65403e-24)
(0.000523762 0.000188839 -4.69784e-22)
(0.000168976 0.000393061 7.16183e-22)
(0.0001374 0.000965475 -6.92962e-22)
(2.6985e-05 0.00101975 1.32346e-22)
(-1.71986e-05 0.000573474 0)
(-1.09575e-05 -0.000143624 1.11483e-23)
(0.000384021 -0.000689444 0)
(0.000313083 -0.00167349 5.50341e-22)
(0.000114124 -0.00185237 7.16395e-22)
(3.77014e-05 -0.00145031 9.39599e-22)
(8.30195e-06 -0.000784791 -3.33757e-22)
(9.76703e-06 -5.47174e-05 -2.20437e-23)
(0.00118466 0.000272516 -5.60802e-22)
(0.000372911 0.000102749 0)
(8.25156e-05 0.000269582 5.14313e-22)
(6.39552e-05 0.000668552 0)
(1.66012e-05 0.000605307 0)
(6.17469e-06 0.00020812 0)
(0.000709301 -0.000231226 6.27155e-22)
(0.000207364 -0.000518032 -5.69245e-22)
(0.000166933 -0.00127102 -5.60003e-22)
(5.78267e-05 -0.00129305 -4.18051e-22)
(2.37486e-05 -0.000863246 -4.34723e-22)
(1.31406e-05 -0.000277212 1.31201e-23)
(0.00165648 0.000143415 0)
(0.000945298 0.000156517 1.40551e-22)
(0.000246392 5.07421e-05 0)
(3.19017e-05 0.000165172 1.98919e-27)
(2.16944e-05 0.000379676 0)
(8.60453e-06 0.000193851 -8.98012e-23)
(0.00180331 -2.5517e-05 0)
(0.00154053 -0.000253505 -5.66031e-22)
(0.000515743 -0.000130001 -1.57978e-22)
(9.82452e-05 -0.000355949 2.91839e-22)
(7.48368e-05 -0.000866394 -4.14947e-22)
(2.43572e-05 -0.000741434 -1.31456e-22)
(1.22268e-05 -0.000277872 9.1561e-23)
(0.0013305 8.11089e-05 -1.88759e-23)
(0.000704028 8.11254e-05 -2.10197e-22)
(0.000147408 1.97373e-05 0)
(6.25059e-06 8.20514e-05 -1.08207e-22)
(5.46934e-06 0.000111078 9.05903e-23)
(0.00144662 -1.73481e-05 2.09885e-24)
(0.00122901 -0.000149229 6.35675e-22)
(0.000348435 -6.51099e-05 -4.7261e-27)
(3.73447e-05 -0.000218767 1.34211e-25)
(2.43639e-05 -0.000484494 -2.65265e-22)
(9.43382e-06 -0.000224306 8.3629e-23)
(0.00100096 4.19208e-05 1.48566e-22)
(0.00047564 3.58073e-05 1.0254e-22)
(7.25737e-05 3.81319e-06 -1.26141e-22)
(-1.18884e-06 1.89449e-05 2.30046e-23)
(0.00108822 -1.03554e-05 2.09433e-24)
(0.000918024 -7.99153e-05 -1.406e-22)
(0.000213491 -2.57904e-05 4.54145e-22)
(7.15858e-06 -0.000109259 -2.12759e-22)
(5.96312e-06 -0.000137421 3.3909e-26)
(0.000684891 1.86975e-05 0)
(0.000267268 1.18104e-05 1.13806e-22)
(1.71918e-05 -1.07625e-06 7.96655e-23)
(0.000745085 -5.61905e-06 0)
(0.000622787 -3.65105e-05 -2.05689e-22)
(0.000107817 -5.2861e-06 3.95891e-22)
(-1.43183e-06 -2.53475e-05 4.3958e-23)
(0.000392042 6.41639e-06 -9.70943e-25)
(8.14627e-05 2.79864e-06 -1.43007e-22)
(0.000427005 -2.73814e-06 9.69681e-25)
(0.000351724 -1.27809e-05 -1.14027e-22)
(2.64885e-05 1.16002e-06 1.12928e-22)
(0.000126983 1.6354e-06 4.33788e-23)
(0.000138582 -1.21873e-06 0)
(0.000108062 -3.55117e-06 -1.09961e-23)
(-0.142805 0.304015 2.22388e-21)
(-0.0269624 0.258912 5.09901e-22)
(-0.0419206 0.128292 0)
(-0.0753934 0.189524 2.78639e-21)
(-0.0629119 0.194203 -2.94452e-21)
(-0.0730251 0.268229 0)
(-0.0373515 0.311074 0)
(-0.0980475 0.35317 -1.02572e-21)
(-0.0849375 0.31416 0)
(-0.0388455 0.266557 -1.8853e-21)
(0.152147 0.126687 4.23762e-21)
(-0.095512 0.278813 0)
(-0.0338083 0.063695 -3.65729e-22)
(-0.0560667 0.10524 0)
(-0.0162073 0.0192678 -3.81846e-21)
(-0.0385964 0.0469822 3.9076e-21)
(-0.0831575 0.121694 -2.27048e-21)
(-0.114785 0.159379 0)
(-0.0953979 0.203458 0)
(-0.1191 0.240201 6.18391e-22)
(-0.108794 0.295484 0)
(-0.0975118 0.289511 1.9587e-21)
(-0.0153084 0.194443 2.36968e-21)
(0.0946493 0.155475 -5.7182e-21)
(0.302759 0.0911964 1.12336e-21)
(-0.149955 0.235209 -5.90051e-22)
(-0.140562 0.25241 0)
(-0.0215723 0.0120699 -3.1591e-21)
(-0.0491874 0.0286492 8.65412e-22)
(-0.0607757 0.0521505 7.20425e-22)
(-0.0913689 0.0818554 2.30858e-21)
(-0.121515 0.0806446 -4.44551e-21)
(-0.16747 0.11541 -3.93363e-21)
(-0.159394 0.156884 -3.00668e-21)
(-0.184478 0.185412 5.63172e-21)
(-0.130971 0.208666 -1.64177e-21)
(-0.0600559 0.184017 -1.71404e-21)
(0.0432137 0.128404 0)
(0.387373 0.0503737 -5.74665e-21)
(0.190285 0.106386 0)
(0.423723 0.0297556 0)
(0.243531 0.059254 4.83665e-21)
(-0.206797 0.172759 0)
(-0.178878 0.179748 0)
(-0.0109065 -0.277324 6.03739e-21)
(-0.146152 -0.330311 0)
(0.386296 -0.0834589 0)
(0.436289 0.0147763 -1.97028e-22)
(0.273297 0.0340792 0)
(0.26917 -0.0943602 0)
(0.456179 -0.0376078 1.18333e-21)
(0.458046 0.00176216 3.69659e-21)
(0.296159 0.00849513 0)
(0.319576 -0.0442099 0)
(0.473459 -0.01526 0)
(0.324626 -0.0149312 -3.75342e-21)
(-0.0639532 0.0225442 1.14967e-21)
(-0.0974027 0.0360073 -1.44554e-21)
(-0.120496 0.0485688 4.75523e-21)
(-0.173449 0.054755 0)
(-0.202239 0.0850353 0)
(-0.231604 0.0953581 -3.10516e-21)
(-0.249528 0.119935 -2.36325e-21)
(-0.152393 0.13904 0)
(0.0673017 0.0803036 3.34723e-21)
(-0.0354172 0.1179 0)
(0.151633 0.0434474 0)
(0.00456914 0.0680524 -3.61981e-21)
(-0.266963 0.106189 7.84802e-21)
(-0.228699 0.113096 -2.31904e-21)
(-0.0113455 -0.264147 -3.4073e-21)
(0.172185 -0.137669 7.67087e-21)
(0.146988 -0.156904 -6.00257e-21)
(-0.114902 -0.386888 1.7048e-21)
(-0.0772853 -0.328901 -3.71067e-21)
(-0.0362329 -0.360225 2.43757e-22)
(0.0474727 -0.183613 -6.36453e-21)
(0.0508062 -0.153785 2.08627e-21)
(0.149334 -0.110042 3.22748e-21)
(0.133543 0.00996746 0)
(0.0255029 0.0379698 0)
(0.0860481 -0.094229 -3.55693e-21)
(0.189 -0.0572179 0)
(0.100573 -0.0462726 -3.31651e-21)
(0.200027 -0.0211194 3.02442e-21)
(0.0610412 -0.00984773 4.60978e-21)
(-0.0972744 0.0161457 1.65318e-21)
(-0.141053 0.0248352 0)
(-0.168139 0.0342858 0)
(-0.213459 0.0400341 3.28399e-21)
(-0.244979 0.0587259 0)
(-0.27411 0.0597373 8.26361e-21)
(-0.294326 0.0757715 -7.06211e-21)
(-0.108545 0.0540609 0)
(-0.132212 0.0688089 -5.67696e-21)
(-0.222777 0.0871558 1.15638e-20)
(-0.195319 0.0398383 0)
(-0.292418 0.0750137 -7.47421e-21)
(-0.305984 0.0688928 -3.98671e-21)
(-0.0858942 -0.314843 0)
(-0.0707943 -0.248355 7.72778e-21)
(-0.0719671 -0.243496 0)
(-0.064022 -0.322816 -5.27597e-22)
(-0.0900942 -0.325762 4.1437e-22)
(-0.102436 -0.242162 -7.93658e-21)
(-0.0606827 -0.188324 -7.29122e-21)
(-0.0907227 -0.162453 9.69564e-21)
(-0.0376038 -0.116019 2.99017e-21)
(-0.104069 -0.0833541 -3.91762e-21)
(-0.0505255 -0.0527516 0)
(-0.0776613 -0.0179614 -3.1865e-21)
(-0.172411 0.0107336 0)
(-0.123406 0.0131616 0)
(-0.167669 0.0197714 -1.28129e-21)
(-0.197958 0.0255936 -5.02071e-21)
(-0.232317 0.0319274 4.30576e-21)
(-0.261014 0.0425707 -1.53235e-21)
(-0.279424 0.044698 -1.96693e-21)
(-0.307229 0.0565634 6.22822e-21)
(-0.277576 0.0466065 -6.94735e-21)
(-0.300944 0.0616457 8.47054e-21)
(-0.264069 0.0153594 0)
(-0.298631 0.0394952 -1.19034e-21)
(-0.32087 0.0615795 0)
(-0.314034 0.0563032 0)
(-0.0467883 -0.173993 -1.23698e-20)
(-0.0894799 -0.248659 4.26695e-21)
(-0.109951 -0.258606 5.15519e-21)
(-0.121902 -0.288296 -7.10497e-22)
(-0.137942 -0.258973 6.55475e-22)
(-0.17242 -0.209669 -7.46653e-21)
(-0.175209 -0.170302 0)
(-0.195838 -0.112775 -9.33039e-21)
(-0.280984 0.0177103 -4.39203e-21)
(-0.237593 -0.0818576 6.78806e-21)
(-0.273959 -0.0184847 2.8015e-21)
(-0.135387 0.0115569 4.51856e-21)
(-0.294292 0.0528175 2.69775e-21)
(-0.173318 0.0178704 -3.22823e-21)
(-0.198739 0.0232131 -2.79493e-21)
(-0.226031 0.0311856 -6.05324e-21)
(-0.261202 0.0395943 1.35449e-21)
(-0.270549 0.0437693 -3.43235e-21)
(-0.293917 0.0457553 -2.69938e-21)
(-0.317878 0.0604629 6.72854e-22)
(-0.31293 0.0512571 1.23277e-21)
(-0.274402 0.0588616 4.81724e-21)
(-0.290745 0.0565998 1.99677e-21)
(-0.301533 0.0642197 -1.27936e-21)
(-0.293692 0.0608717 -1.9188e-21)
(-0.24195 0.064299 -6.67723e-21)
(-0.0389134 -0.104812 0)
(-0.0624803 -0.165622 8.27778e-21)
(-0.18264 0.0658573 0)
(-0.220995 0.0553147 4.37748e-21)
(-0.120433 0.0613021 8.47682e-21)
(-0.146182 0.0579394 -5.59745e-21)
(-0.0860112 -0.181024 0)
(-0.12518 -0.220873 -4.90056e-21)
(-0.162321 -0.19823 1.50024e-20)
(-0.218999 0.0284488 -5.83718e-21)
(-0.245153 0.00863252 4.6205e-21)
(-0.179494 -0.156935 -1.06995e-20)
(-0.230368 -0.0767925 1.13793e-22)
(-0.22212 -0.0474346 -9.42607e-21)
(-0.135592 0.0117331 0)
(-0.26584 0.052589 0)
(-0.244823 0.0394483 2.59714e-22)
(-0.250376 0.0461678 -3.54475e-22)
(-0.168996 0.0200366 -5.02368e-21)
(-0.197024 0.0262487 5.34264e-21)
(-0.215396 0.0313311 4.63505e-21)
(-0.284382 0.0698601 1.83097e-21)
(-0.276414 0.0694364 -4.16932e-22)
(-0.246923 0.077115 3.63338e-21)
(-0.227771 0.0761685 1.32586e-21)
(-0.2588 0.0570581 -5.47642e-21)
(-0.264377 0.0716139 2.00009e-23)
(-0.271153 0.0636056 4.67606e-21)
(-0.200975 0.0818013 2.29947e-21)
(-0.176089 0.0801261 -7.50228e-21)
(-0.119528 0.0729257 2.88278e-21)
(-0.144698 0.0803277 2.38149e-21)
(-0.095435 0.0706593 -3.36774e-21)
(-0.0573782 0.0522484 0)
(-0.0757036 0.0587606 2.79807e-21)
(-0.0915836 0.0545438 -2.4002e-22)
(-0.0831482 0.04686 0)
(-0.0248707 -0.0545452 -4.19657e-21)
(-0.0489885 -0.0947291 4.10586e-21)
(-0.0593958 -0.102272 2.88725e-21)
(-0.0950023 -0.137902 0)
(-0.107358 0.0316249 1.02037e-20)
(-0.140744 0.0340797 0)
(-0.168481 0.0187879 5.66233e-21)
(-0.121129 -0.116137 1.30638e-22)
(-0.152266 -0.0267497 1.53359e-21)
(-0.151254 -0.123984 -4.21955e-21)
(-0.179671 -0.0559866 8.46601e-21)
(-0.0138982 -0.0250866 -4.9623e-22)
(-0.0254846 -0.0429346 0)
(-0.125831 0.0107435 0)
(-0.0849486 0.00382141 -5.14701e-22)
(-0.10272 0.00500439 5.18848e-22)
(-0.223436 0.044017 -3.00874e-21)
(-0.234077 0.054061 2.64569e-21)
(-0.149851 0.0165459 0)
(-0.184623 0.0255439 -2.45673e-21)
(-0.200813 0.0350307 2.95928e-21)
(-0.19878 0.0861219 1.24118e-21)
(-0.238829 0.0764551 -2.01787e-21)
(-0.232308 0.081433 -2.56057e-21)
(-0.218327 0.0600103 -3.4095e-21)
(-0.218649 0.0713911 6.76085e-22)
(-0.175952 0.0840069 0)
(-0.147735 0.084095 0)
(-0.134248 0.0825202 0)
(-0.106797 0.0791062 -2.97535e-21)
(-0.0872416 0.072529 -1.67559e-21)
(-0.0672427 0.0659247 3.98915e-21)
(-0.0503669 0.0540443 0)
(-0.00777741 0.0144739 0)
(-0.00498019 0.00957413 -6.67743e-22)
(-0.0142142 0.0258843 3.59681e-21)
(-0.0227815 0.0349212 -3.15303e-21)
(-0.036228 0.0469732 0)
(-0.0257708 0.0327839 -5.85602e-21)
(-0.0392313 0.0401619 3.74251e-23)
(-0.0107053 0.0153785 0)
(-0.0146351 0.020104 -4.59922e-21)
(-0.00490702 0.00585502 0)
(-0.0415084 0.0353419 1.34879e-23)
(-0.0595248 0.0399748 2.04937e-23)
(-0.0586927 0.0303277 3.55565e-21)
(-0.0921522 0.0258574 -4.32536e-21)
(-0.036252 -0.0477718 8.81316e-21)
(-0.0602769 -0.0667388 -1.85488e-20)
(-0.0879665 -0.0669615 3.95125e-21)
(-0.0874476 0.0089911 -2.27997e-21)
(-0.096298 -0.0378144 8.37701e-21)
(-0.116824 -0.0225203 -5.88543e-21)
(-0.00686595 -0.00708798 0)
(-0.0130198 -0.0154248 0)
(-0.0161198 -0.0167238 -3.64662e-21)
(-0.0321831 -0.0282311 -5.33386e-21)
(-0.00419793 0.00677868 5.6504e-22)
(-0.117606 0.0103738 1.25412e-21)
(-0.0696666 0.000812721 0)
(-0.0873564 0.00280599 -1.09726e-21)
(-0.146433 0.0292064 1.49113e-21)
(-0.173238 0.0374138 -4.45904e-21)
(-0.188969 0.0548728 -8.09196e-23)
(-0.161979 0.0676453 4.04935e-21)
(-0.181185 0.0758753 -4.75291e-21)
(-0.168695 0.0812391 3.23348e-21)
(-0.0988181 0.0788807 -3.93036e-21)
(-0.128182 0.0779103 6.07474e-23)
(-0.12561 0.0825661 1.11151e-21)
(-0.0370209 0.0529575 4.04521e-21)
(-0.0564598 0.0643097 -4.40765e-23)
(-0.07841 0.0715741 1.9586e-21)
(-0.0111243 0.0272582 1.76712e-21)
(-0.0272736 0.0447344 -2.14065e-21)
(-0.0062914 0.0176911 -1.58832e-21)
(-0.0164928 0.0184763 5.23449e-21)
(-0.0260907 0.0239068 0)
(-0.00500945 0.004982 4.1121e-21)
(-0.00735523 0.00749603 -7.26746e-21)
(-0.00221252 0.000352697 0)
(-0.00221265 0.000291799 0)
(-0.00448105 -0.00218665 -1.15541e-21)
(-0.0266525 0.0193661 5.24189e-21)
(-0.0411501 0.0216912 -1.57502e-23)
(-0.0410704 0.0142096 -1.07814e-20)
(-0.0629786 0.00755957 1.08836e-20)
(-0.0387835 -0.0178722 3.80781e-21)
(-0.0540959 -0.0177313 -3.09017e-21)
(-0.0477083 -0.00259359 -3.80799e-21)
(-0.00651183 -0.0030937 7.17184e-22)
(-0.0130281 -0.00712969 2.03328e-21)
(-0.0213342 -0.00661145 1.40879e-21)
(-0.00505632 0.0133985 -3.05223e-21)
(-0.0291859 0.04941 0)
(-0.0614865 0.06377 0)
(-0.0929566 0.0359334 3.94718e-21)
(-0.108598 0.0552214 -2.76841e-21)
(-0.100835 0.0670038 0)
(-0.0222172 0.00259398 3.06333e-23)
(-0.0625017 0.0147767 0)
(-0.00999648 0.0308609 -1.03628e-22)
(-0.000829732 0.00171207 -6.08659e-22)
(-0.000220232 0.00200494 2.99372e-21)
(-0.00923877 0.00687568 7.49901e-21)
(-0.0146283 0.0105563 0)
(-0.00153183 -0.000755257 -3.39839e-21)
(-0.00342151 0.000663104 -1.0787e-20)
(-0.000485658 -0.00226241 5.95553e-21)
(-0.00139575 0.00142344 4.21846e-22)
(-0.00535197 -0.00071521 0)
(-0.0158067 0.00598556 0)
(-0.0256328 0.00783722 0)
(-0.028117 0.00050375 0)
(-0.00741521 -0.000615379 4.81287e-21)
(-0.0162038 -0.00292289 -4.11247e-21)
(-0.0184697 0.000578274 0)
(-0.001317 0.00990646 0)
(-0.000421303 0.00161906 2.72244e-21)
(0.000568179 0.00163715 -6.82879e-21)
(0.00063632 0.00191419 1.18866e-20)
(0.0006165 0.00173992 -7.18381e-21)
(0.000858619 0.00120377 -2.33871e-21)
(0.000460618 0.000624721 0)
(-0.00312013 -4.66559e-05 3.5185e-21)
(-0.00665175 0.00132758 0)
(0.000153767 -0.00288311 0)
(-0.00022482 -0.0023859 0)
(0.000222523 -0.00297737 -1.29468e-21)
(-0.000790598 0.00106272 2.23578e-21)
(-0.00308297 0.000802745 0)
(-0.00238972 0.000432401 6.76826e-21)
(-0.00460964 0.000711783 1.79015e-21)
(-0.00595648 0.00148826 -6.75052e-21)
(0.00113246 0.00142876 0)
(0.000743541 0.00127031 5.279e-21)
(0.00121754 0.0010488 8.56194e-21)
(0.00145841 0.00122341 -9.71139e-21)
(0.000662443 0.00033929 -1.74312e-22)
(0.00119735 0.00064307 7.23263e-21)
(0.000765496 -0.00226815 1.45291e-21)
(0.000187963 -0.0012832 -1.0895e-21)
(0.000739945 -0.00226213 -8.36582e-21)
(0.000940214 -0.00264283 1.14313e-20)
(0.00117926 -0.00249511 0)
(0.00129482 0.000934714 -5.35787e-21)
(0.000503252 0.000827589 -7.84261e-21)
(0.0016771 4.06431e-06 1.16276e-20)
(0.00155132 -0.000990932 0)
(0.00105722 -0.00145544 0)
(0.000575616 -0.000808171 4.46007e-21)
(0.00192968 0.000825463 3.35725e-21)
(0.00205108 0.000781436 -5.95478e-21)
(0.00141827 0.000449597 -1.30427e-22)
(0.00187279 0.00058656 1.78064e-24)
(0.00155579 -0.00132015 0)
(0.00191818 -0.00160098 1.95042e-21)
(0.00216407 -0.00107759 -1.68497e-21)
(0.00250664 0.000269065 -4.14204e-24)
(0.00241638 -0.000537149 7.99828e-22)
(0.00242611 -0.000114276 6.32219e-21)
(0.000870423 -0.00038512 -5.91201e-21)
(0.00158115 -0.000747638 0)
(0.00198287 0.000246992 -8.83089e-21)
(0.00240415 0.000197328 4.21027e-21)
(0.00216728 -3.45876e-05 4.48352e-21)
(0.00186769 -0.000428647 0)
(0.00227372 -0.000447708 -4.91209e-21)
)
;

boundaryField
{
    movingWall
    {
        type            fixedValue;
        value           uniform (1 0 0);
    }
    fixedWalls
    {
        type            noSlip;
    }
    frontAndBack
    {
        type            empty;
    }
    defaultFaces
    {
        type            empty;
    }
}


// ************************************************************************* //
