/*--------------------------------*- C++ -*----------------------------------*\
  =========                 |
  \\      /  F ield         | OpenFOAM: The Open Source CFD Toolbox
   \\    /   O peration     | Website:  https://openfoam.org
    \\  /    A nd           | Version:  8
     \\/     M anipulation  |
\*---------------------------------------------------------------------------*/
FoamFile
{
    version     2.0;
    format      ascii;
    class       volScalarField;
    location    "6000";
    object      nut;
}
// * * * * * * * * * * * * * * * * * * * * * * * * * * * * * * * * * * * * * //

dimensions      [0 2 -1 0 0 0 0];

internalField   nonuniform List<scalar> 
4109
(
0.000666622
0.000661487
0.000658827
0.000666316
0.000669017
0.000677405
0.000672445
0.000677786
0.000675051
0.000657101
0.000666936
0.000678544
0.000668885
0.000671417
0.000676645
0.000677636
0.000665973
0.000673717
0.000679224
0.000675739
0.000660144
0.000678637
0.000673985
0.000678073
0.000673687
0.000668225
0.000656503
0.000672637
0.000677786
0.000681378
0.000677352
0.000677058
0.000665119
0.00067127
0.0006774
0.000682465
0.000673909
0.000667057
0.000667195
0.000670338
0.000667494
0.000662781
0.000674011
0.000681482
0.000678131
0.00148609
0.000802411
0.000677802
0.000677454
0.000661439
0.000673116
0.000677465
0.000676971
0.000672724
0.000675371
0.000661431
0.000661575
0.000678053
0.000676408
0.000669715
0.000675359
0.00196424
0.000684655
0.000680091
0.000679297
0.000695077
0.00123472
0.000678704
0.000673479
0.000659803
0.000671612
0.000678935
0.000689437
0.000677355
0.000679782
0.000673515
0.000670617
0.000667121
0.000648701
0.000674918
0.000679423
0.000679847
0.000675746
0.000668644
0.000728752
0.000739174
0.00152768
0.00193019
0.00194808
0.000684498
0.000685495
0.000680569
0.000680258
0.00068046
0.00065578
0.000945888
0.000676848
0.000660903
0.00069215
0.000686003
0.000682332
0.000686539
0.000692451
0.000684845
0.000673052
0.000676288
0.000674497
0.000664956
0.000657025
0.000678699
0.000653279
0.000680782
0.000680665
0.000677041
0.00067072
0.00209733
0.00082548
0.000989838
0.00126717
0.00197048
0.0020104
0.000670064
0.000687796
0.000689215
0.000682885
0.000682035
0.000681575
0.0006771
0.000939178
0.000634927
0.000665078
0.000692982
0.000689521
0.000694141
0.000692902
0.000681225
0.000689443
0.00067653
0.00067373
0.000673219
0.000659842
0.00067766
0.00068166
0.0006815
0.000682121
0.000678212
0.000671111
0.0017569
0.00102458
0.00194688
0.00131333
0.0020112
0.000803391
0.000690524
0.000688853
0.000683248
0.000682935
0.00068298
0.000681126
0.000664765
0.000819276
0.00064241
0.000694228
0.000690487
0.000696296
0.000694303
0.000695497
0.000696317
0.000680837
0.000679227
0.000676967
0.00067097
0.000655574
0.000680022
0.000674671
0.000683537
0.000683206
0.000678964
0.000673506
0.00118908
0.00227612
0.0012157
0.00194048
0.00199558
0.000751476
0.000685815
0.000686142
0.000684843
0.000682641
0.000684504
0.000668441
0.000861118
0.000646991
0.000688896
0.000689207
0.000697155
0.000692025
0.000697555
0.000700321
0.000691743
0.000685022
0.000679231
0.00067685
0.000673287
0.000662586
0.000682557
0.000676039
0.000684286
0.000684252
0.00068152
0.000673597
0.00116451
0.00214423
0.00198175
0.00117318
0.00202822
0.000747322
0.000685985
0.00068805
0.000685588
0.000671735
0.000857736
0.000638932
0.000689096
0.00069111
0.000692439
0.000692302
0.000695298
0.000700714
0.000698417
0.000702046
0.00068664
0.000682457
0.000679883
0.000674962
0.000659728
0.000685245
0.000672569
0.000685583
0.000685895
0.000682374
0.000683523
0.000676451
0.0010974
0.00216638
0.00120687
0.001968
0.00201435
0.000729762
0.000688587
0.000688756
0.000679209
0.000857687
0.000657376
0.000692168
0.00069162
0.000694056
0.000695804
0.000695599
0.000695854
0.000701318
0.00070361
0.000696693
0.000693041
0.000682291
0.000678415
0.00066624
0.0006835
0.000688396
0.000674374
0.000687144
0.00068507
0.000676339
0.000685538
0.00218327
0.00104693
0.00198905
0.00118782
0.00204002
0.000724256
0.000782843
0.000674551
0.000681423
0.000851295
0.000659345
0.000692712
0.00068986
0.00069459
0.000698599
0.000699195
0.00069712
0.000698764
0.000704659
0.000703081
0.000707616
0.000698337
0.000692275
0.000662496
0.000680371
0.000675035
0.000684961
0.000685327
0.000692614
0.000673994
0.000690215
0.00067952
0.000687189
0.00101593
0.00217117
0.00196086
0.00114731
0.00201512
0.000713275
0.000754227
0.000791965
0.000796536
0.000776138
0.000781047
0.000789428
0.00093417
0.000660483
0.000632043
0.000675289
0.000662225
0.000688259
0.000694413
0.000701225
0.000696716
0.000699048
0.000710218
0.000699522
0.000705478
0.000710252
0.000707384
0.000699009
0.000706458
0.000701032
0.000673297
0.000677395
0.00068629
0.000688454
0.000679284
0.000694701
0.000677223
0.00069102
0.000689165
0.000986193
0.00223344
0.00196223
0.000704552
0.000781649
0.000845627
0.000776562
0.000788894
0.000787184
0.000805403
0.000707786
0.000723056
0.000731182
0.000762507
0.000766352
0.000739405
0.000774973
0.000783626
0.00147104
0.00061626
0.000602388
0.000642291
0.00069446
0.000712885
0.000697951
0.000699963
0.000702224
0.000700739
0.000709239
0.000702444
0.000709218
0.000715881
0.00071441
0.000708488
0.000719718
0.000730565
0.000729091
0.000666377
0.000682994
0.000689837
0.000688671
0.000682667
0.000690363
0.000696159
0.000674243
0.000694434
0.000954631
0.00236986
0.000812917
0.000817778
0.000783554
0.000782797
0.000801207
0.000722358
0.000710015
0.000739573
0.00072885
0.00073474
0.000743961
0.000750938
0.00078008
0.000773021
0.000771031
0.0025138
0.00108286
0.000550067
0.00061712
0.00068515
0.000713753
0.000713381
0.000700484
0.00070415
0.00070036
0.000702779
0.00070872
0.000703469
0.000718359
0.000718383
0.000723985
0.000723503
0.000728303
0.000726314
0.00067846
0.000685221
0.000693822
0.000693995
0.000691274
0.000682441
0.00069246
0.000696406
0.000699831
0.000700013
0.00067645
0.000981785
0.000792404
0.000845205
0.000813598
0.000783767
0.000789003
0.000800714
0.000729181
0.000719264
0.000725845
0.00073684
0.000740067
0.000740451
0.000729982
0.000732529
0.000734725
0.000755152
0.000775065
0.000770398
0.000767088
0.00240632
0.0018875
0.000629168
0.000630135
0.000682805
0.000713236
0.00071153
0.000699839
0.000703769
0.000705576
0.000704536
0.000706444
0.000716621
0.000717352
0.00072241
0.000722517
0.000722847
0.000726498
0.000672547
0.000695167
0.000691413
0.000696603
0.000697503
0.000685975
0.000685735
0.000693737
0.000697294
0.0006897
0.00150546
0.00177869
0.00070374
0.000651912
0.000816201
0.0008158
0.000834058
0.000843411
0.000818474
0.000779392
0.000787528
0.000804596
0.000732341
0.000729804
0.000734656
0.00074018
0.000749291
0.000738791
0.000754095
0.000735516
0.0007412
0.000764273
0.000759209
0.000770821
0.000774489
0.00278696
0.00217936
0.00237007
0.000591561
0.000604186
0.00067603
0.000707724
0.000710786
0.00070338
0.000708575
0.000705659
0.000706809
0.000712341
0.000715506
0.000717361
0.000720665
0.000723511
0.00072844
0.000729592
0.000686519
0.000689663
0.000704262
0.000697061
0.000696095
0.00069662
0.000699742
0.000705148
0.000689766
0.000692919
0.000650503
0.000609065
0.000833277
0.000811154
0.000822821
0.000772177
0.000753121
0.000853262
0.000810039
0.000783689
0.000786126
0.000799478
0.000735317
0.000733734
0.000732548
0.000762816
0.00074474
0.000749484
0.000739535
0.000741817
0.000760119
0.000755395
0.000767055
0.000773012
0.00072149
0.00284954
0.00248777
0.00250262
0.000636265
0.000600375
0.000674828
0.000708724
0.000711171
0.000707928
0.000700745
0.00070974
0.000713253
0.000715882
0.000718168
0.000720999
0.000724377
0.000726665
0.000730681
0.000732653
0.000677461
0.000699524
0.00070135
0.00070218
0.000701214
0.000703283
0.000702603
0.000701552
0.000690972
0.000698243
0.000698538
0.000682285
0.000833755
0.000762114
0.000775929
0.000825512
0.000768338
0.000858778
0.000806156
0.000785537
0.000791953
0.000800142
0.000808147
0.000738785
0.000736163
0.000736587
0.000732747
0.000742884
0.000752132
0.000748784
0.000759373
0.000764204
0.00077204
0.000772974
0.00069965
0.0029053
0.00258017
0.0026478
0.000610631
0.000589495
0.000668021
0.000714166
0.000709995
0.000712522
0.00070761
0.000714458
0.000718745
0.000723482
0.000719201
0.000724656
0.000729711
0.000729242
0.000734192
0.000737182
0.000690588
0.0006943
0.000709379
0.00070781
0.000704253
0.000705805
0.000709927
0.000693733
0.000695739
0.000699236
0.000655071
0.00082534
0.000807001
0.000754352
0.000745641
0.000768304
0.000808853
0.000760515
0.000818821
0.00084857
0.000783231
0.000794061
0.00079613
0.000809212
0.000741998
0.000737883
0.0007391
0.000738971
0.000738733
0.00074731
0.000747499
0.000745284
0.000756144
0.000765072
0.000775426
0.00077977
0.000796889
0.00293697
0.00277189
0.00267164
0.000640313
0.000581628
0.000682366
0.00071571
0.000712706
0.000705245
0.000715772
0.000719126
0.000722539
0.000720526
0.000726677
0.000731712
0.000734371
0.000735653
0.000738368
0.000685476
0.000706242
0.00070806
0.000694951
0.000708174
0.000706523
0.000708097
0.000704475
0.000699423
0.000700358
0.000650099
0.000845329
0.000821365
0.000823159
0.000792267
0.000736472
0.000737744
0.000751785
0.000773107
0.000801711
0.000773511
0.000735648
0.000829516
0.000837311
0.000849638
0.000782745
0.000796472
0.000798009
0.000798372
0.000743635
0.000740385
0.000737117
0.000738383
0.000747728
0.000753438
0.000746811
0.000783374
0.000761238
0.000761566
0.000773242
0.000720934
0.00298091
0.00287774
0.00282519
0.000682837
0.000615371
0.000594927
0.000721142
0.00071227
0.000722621
0.000718704
0.000725864
0.000726003
0.000723093
0.000732464
0.000734354
0.000735737
0.000700274
0.000704206
0.000713071
0.000697667
0.000700476
0.000712301
0.000707509
0.000709267
0.000715088
0.000700203
0.000645316
0.000694303
0.000705103
0.00082477
0.000810524
0.000811036
0.00078288
0.000733993
0.00075163
0.000771076
0.000765716
0.000792585
0.000723135
0.00072049
0.000719677
0.000711725
0.000703352
0.000833502
0.000814181
0.000830033
0.000815876
0.000786427
0.000785195
0.000787096
0.000784132
0.000745601
0.000741332
0.000743365
0.000755038
0.00075122
0.000749793
0.00074309
0.000772467
0.000772577
0.000765881
0.000769388
0.000861911
0.00308051
0.00301784
0.00266116
0.00060167
0.000591601
0.000716407
0.000668602
0.000733369
0.000721327
0.000731
0.000734063
0.000737601
0.000699793
0.000716518
0.000699384
0.000702584
0.000708991
0.000713352
0.000710726
0.000712196
0.000647418
0.00070036
0.000704605
0.000705744
0.000704582
0.000810358
0.000803001
0.000801587
0.000773699
0.000731446
0.000758601
0.000788226
0.000758369
0.000739198
0.000722787
0.000722326
0.000714225
0.000711871
0.000701136
0.000712633
0.000819152
0.000851431
0.000813152
0.000820597
0.000772634
0.000775945
0.000779165
0.000764174
0.000744145
0.000743613
0.000752779
0.000747537
0.000753148
0.000748821
0.000747914
0.000773077
0.000774199
0.000764009
0.000600664
0.00301782
0.00303528
0.00271893
0.000583619
0.000579217
0.000739748
0.00103259
0.000729074
0.000734089
0.000737361
0.000726354
0.000701943
0.000705363
0.000719139
0.000713343
0.000717107
0.000710644
0.000668289
0.000709529
0.000715242
0.000722546
0.000798206
0.000800707
0.000795473
0.000791689
0.000765053
0.00076085
0.000779182
0.000751578
0.000743675
0.000753169
0.000736905
0.000726932
0.000734466
0.000729807
0.00072856
0.000729323
0.000780501
0.00080262
0.000785539
0.000810352
0.000764549
0.00076335
0.000772525
0.000767059
0.000786337
0.0007447
0.000759009
0.000754338
0.000753462
0.000751402
0.000747543
0.000761087
0.000763733
0.000762832
0.000652
0.0031659
0.00311468
0.00308797
0.000521595
0.000730972
0.000624388
0.000737299
0.000739589
0.000704122
0.000706802
0.000713763
0.000716704
0.000718305
0.000715131
0.000681464
0.000709605
0.000731107
0.000706684
0.000796965
0.000794569
0.000788689
0.000778046
0.000756886
0.000774881
0.000746095
0.000767532
0.000764999
0.00075651
0.000736836
0.000740971
0.000751557
0.000743502
0.000747355
0.000811957
0.000786016
0.000803334
0.000757013
0.000755443
0.000762665
0.000778092
0.000778295
0.000754648
0.000751565
0.000747881
0.000756304
0.000753959
0.000752845
0.000541478
0.00315374
0.00451627
0.000982954
0.000747211
0.000624577
0.00074293
0.000710469
0.000723583
0.000717953
0.000724021
0.000714952
0.000687652
0.000709299
0.000711613
0.000785508
0.000782357
0.000777861
0.000770986
0.000751427
0.000740671
0.000736378
0.000731843
0.000728245
0.000711949
0.000714869
0.000724374
0.000717777
0.00072109
0.000778716
0.000794243
0.000788784
0.00075298
0.000759067
0.000774432
0.000752274
0.000774514
0.000752664
0.000748297
0.000751739
0.000750803
0.000752073
0.000756263
0.00543043
0.00515294
0.00141655
0.000765294
0.000573443
0.000718993
0.000721464
0.000716404
0.000720209
0.000692826
0.000715807
0.000728339
0.00078169
0.000783999
0.000769992
0.000762461
0.000745371
0.000741587
0.000736439
0.000733801
0.000716941
0.000721389
0.000729071
0.000722717
0.0007273
0.000768415
0.000776976
0.000780054
0.000761135
0.000763823
0.000753084
0.000769159
0.000747996
0.000747101
0.000746548
0.000749368
0.00112687
0.00097906
0.00628479
0.00682735
0.00239502
0.00122808
0.000722932
0.000720011
0.000727585
0.000725507
0.000632152
0.000724663
0.0007265
0.000766126
0.000767333
0.000764502
0.000760206
0.000752361
0.000751606
0.000743994
0.000733394
0.000730727
0.000744563
0.000738681
0.000737047
0.000768886
0.000764093
0.000769744
0.000759114
0.000750436
0.00075362
0.000760966
0.000871409
0.000966711
0.00155519
0.00833101
0.00824033
0.0013578
0.00103474
0.00190878
0.000724318
0.000722462
0.000726676
0.000734786
0.000564476
0.000728244
0.000724396
0.000769562
0.000767398
0.000759356
0.000754433
0.000749872
0.000746371
0.000731887
0.000733979
0.000742773
0.000739921
0.00073696
0.000766272
0.000765846
0.000757014
0.0007548
0.00075496
0.000758227
0.000575856
0.000754575
0.000793207
0.0024553
0.00119626
0.000836347
0.00188699
0.00179726
0.000728776
0.000725072
0.000749352
0.000536491
0.00073077
0.000726196
0.000755613
0.000757067
0.000754632
0.000749544
0.000747144
0.000729115
0.000736721
0.000742528
0.000741541
0.000736524
0.000765151
0.000762563
0.000749426
0.000763755
0.000750749
0.000752232
0.00047333
0.000481699
0.00062545
0.000612693
0.000561981
0.00184236
0.000996387
0.00063873
0.00161917
0.00166805
0.000729452
0.000736928
0.000767657
0.000732451
0.000731867
0.000731431
0.000756101
0.000749955
0.000748684
0.000743728
0.000737027
0.000732882
0.000743406
0.000739524
0.000737736
0.000760134
0.000748736
0.000759779
0.000747323
0.000747857
0.000374419
0.000387188
0.000487774
0.000432043
0.00163635
0.000406787
0.00191215
0.00153339
0.000776417
0.000447339
0.00133284
0.00152392
0.000725603
0.000745317
0.0007311
0.000733566
0.000735272
0.000750786
0.000749783
0.000749192
0.000745041
0.000737949
0.000737593
0.000743947
0.000740854
0.000739965
0.000755116
0.000745847
0.000742821
0.00138675
0.000287846
0.000294465
0.000346583
0.000258397
0.00141382
0.000280421
0.00197259
0.00159876
0.00122105
0.000550732
0.000267531
0.00103024
0.00136442
0.000739045
0.000729005
0.000734995
0.000731145
0.000740011
0.000742338
0.000745446
0.00074354
0.000736341
0.000737014
0.000743289
0.000740247
0.000740391
0.00141056
0.00115371
0.00021416
0.000204411
0.000207641
0.000103103
0.00116624
0.000183708
0.0020284
0.00164683
0.00128529
0.000922144
0.000332106
0.00010873
0.000728003
0.00118285
0.00162016
0.00114866
0.000939181
0.000150818
0.000119976
8.139e-05
7.25039e-06
0.000908398
0.000109495
0.00223957
0.001697
0.00132344
0.00098021
0.000643953
0.000138628
8.7237e-06
0.000443201
0.000977892
0.00189982
0.00129665
0.000928272
0.000734206
9.26497e-05
4.46847e-05
4.63509e-06
0.000653165
5.7509e-05
0.0012556
0.00194707
0.00136941
0.0010091
0.000691597
0.000392988
1.45477e-05
0.000197862
0.00257255
0.00147368
0.00102262
0.000727891
0.000534199
3.76539e-05
1.52166e-06
0.000408084
3.12031e-05
0.00113314
0.000963888
0.00160764
0.0010507
0.000712212
0.000426934
0.000178141
3.37996e-05
0.0042547
0.00197188
0.00111919
0.000798757
0.0005393
0.000341552
1.08612e-06
0.000186905
0.00141733
0.00094735
0.000716807
0.0012465
0.000746594
0.000440586
0.00019664
2.72817e-05
0.00438254
0.00366665
0.00146696
0.000820702
0.000599989
0.00035729
0.000162359
2.6292e-05
0.00183978
0.00121074
0.000772482
0.000507445
0.000886756
0.000465265
0.000204825
3.21046e-05
0.00546692
0.00366301
0.00300724
0.00104952
0.000579479
0.000414109
0.000181677
2.4278e-05
0.00217779
0.00146715
0.00100062
0.000604805
0.000331549
0.000550653
0.000218711
3.50737e-05
0.00451729
0.00470131
0.00292845
0.00234641
0.000710061
0.000394275
0.000229539
3.46993e-05
0.0023627
0.00172919
0.00112089
0.000785302
0.000441624
0.000188064
0.000260341
3.9535e-05
0.00400153
0.00376526
0.00389145
0.00221449
0.00173574
0.000415386
0.000242317
6.24881e-05
0.00238555
0.00187164
0.00131702
0.000808094
0.000560755
0.0002854
7.85088e-05
5.33383e-05
0.00381883
0.00336732
0.00301126
0.00309155
0.00156823
0.00119341
0.000209177
8.85782e-05
0.00222802
0.00189042
0.00142246
0.000947995
0.000533774
0.000326934
0.00013069
1.52297e-05
0.00377006
0.0032045
0.0027011
0.00225711
0.00233401
0.00101276
0.000647908
8.02271e-05
0.00186878
0.00177233
0.00143751
0.00102198
0.000626272
0.000301662
0.00012439
1.38363e-05
0.00394458
0.00316269
0.0025699
0.0020489
0.00154843
0.00164002
0.000552311
0.000141259
0.00142724
0.0014903
0.00135217
0.0010335
0.000674068
0.000354755
0.000117221
9.39175e-06
0.00437282
0.00329219
0.00253505
0.00195189
0.00143709
0.000928362
0.00096024
0.000214819
0.00109244
0.00121605
0.00113908
0.000975066
0.000682269
0.00038129
0.000139651
9.39167e-06
0.00524927
0.00364473
0.00262854
0.00192442
0.00137222
0.00088981
0.000449211
0.000258545
0.00125119
0.000913543
0.00100251
0.000821996
0.000645278
0.000386395
0.00015051
1.31747e-05
0.00408197
0.00451463
0.00291775
0.00198683
0.00135191
0.000852488
0.000435693
0.000143446
0.00220888
0.000961776
0.000746231
0.000784756
0.000543531
0.000366302
0.00015287
1.51713e-05
0.00401417
0.00330658
0.00368375
0.00220829
0.00138809
0.000838502
0.000418871
0.000125054
0.00202486
0.0019117
0.000713028
0.000585217
0.000558064
0.000307665
0.000144939
1.56565e-05
0.00253859
0.00337276
0.00253458
0.00281574
0.0015575
0.00085187
0.000410415
0.00012019
0.00194535
0.00168962
0.0015726
0.000503563
0.00042747
0.000324366
0.00012024
1.42459e-05
0.00192687
0.00189781
0.00260637
0.00181615
0.00196159
0.00099234
0.000409247
0.000115777
0.00187624
0.00161793
0.00135863
0.00121487
0.000328607
0.000275852
0.000123384
1.00567e-05
0.00169454
0.00150122
0.00133094
0.00179473
0.00120811
0.0011562
0.000520686
0.00011141
0.00181157
0.00156266
0.00129531
0.00103896
0.000861616
0.000186276
0.000125366
9.38443e-06
0.00141579
0.00136219
0.0011467
0.000864924
0.00105806
0.000697001
0.000393841
0.000163279
0.00191326
0.00186856
0.00150151
0.00125161
0.000984467
0.000736049
0.000533208
7.70952e-05
1.26008e-05
0.00139072
0.00115046
0.00106989
0.000853014
0.000508451
0.000478552
0.000304113
3.52871e-05
0.00137002
0.00179335
0.00159702
0.00119073
0.000951522
0.000692419
0.000457025
0.000249952
1.39576e-05
0.00161505
0.00115643
0.000928479
0.000821057
0.000606953
0.000267025
0.000146797
8.94955e-05
0.000566017
0.00120786
0.00119358
0.00165774
0.00131043
0.000896199
0.000669293
0.000426027
0.000213199
4.94583e-05
0.00140779
0.000941375
0.000731131
0.000605497
0.000410669
0.000137309
4.02174e-05
0.000408357
0.000501505
0.00116318
0.00101653
0.000985537
0.00150879
0.0010096
0.000624272
0.000411386
0.000196407
3.72609e-05
0.000630499
0.000940874
0.00116918
0.000736477
0.00054453
0.000409695
0.000252379
9.46011e-05
0.000280042
0.000399707
0.000994833
0.000819451
0.00076299
0.00134489
0.000710681
0.000380249
0.000188083
3.21271e-05
0.000523455
0.000815872
0.000914599
0.000536485
0.00036114
0.000227108
9.66587e-05
0.000183532
0.000308879
0.000814228
0.000623508
0.000537587
0.0011607
0.000430389
0.000171695
2.93578e-05
0.000418948
0.000677296
0.000659872
0.000343275
0.000183976
6.45667e-05
0.000109871
0.000231161
0.000627614
0.000434803
0.000321838
0.000953847
0.000189814
2.53535e-05
0.000317674
0.000528773
0.000413457
0.000163501
3.60937e-05
5.95547e-05
0.000163992
0.000441707
0.000258554
0.000132429
3.08789e-05
0.00022048
0.000376424
0.000190283
2.47263e-05
3.2253e-05
0.000101612
0.000263595
0.000103702
1.30159e-05
0.000130237
0.000226769
2.73934e-05
4.19059e-05
0.000105294
7.69086e-06
4.95966e-05
9.0525e-05
1.35774e-06
7.52693e-06
1.96946e-06
5.85698e-06
0.000739588
0.000739069
0.000740661
0.000740886
0.000741782
0.000740994
0.000741169
0.000742209
0.000740029
0.000738891
0.000740177
0.000740637
0.00074146
0.000741405
0.000742017
0.000744871
0.000758723
0.000764142
0.000768458
0.000778221
0.00078202
0.000744
0.000747459
0.000741948
0.000743732
0.000742493
0.000740669
0.000742165
0.000743593
0.000741022
0.000794515
0.000798723
0.000740024
0.000740088
0.000740996
0.000741209
0.000742342
0.000742152
0.000745564
0.000748112
0.000751264
0.000753326
0.000756774
0.000764369
0.000771698
0.000775682
0.000789545
0.000793996
0.000819024
0.00082095
0.000750104
0.000753159
0.000755798
0.000759581
0.000764053
0.000771565
0.000780727
0.000743756
0.000747904
0.000741674
0.000742637
0.000742634
0.000740883
0.000743437
0.000744616
0.00074238
0.000778281
0.000786236
0.000840184
0.000849126
0.000808808
0.000808845
0.000833518
0.000739881
0.000740635
0.000741249
0.000742469
0.000743913
0.000745483
0.000749447
0.000751002
0.000757969
0.000759938
0.000764888
0.000770569
0.000786354
0.000792145
0.000807897
0.000809405
0.000831188
0.000834036
0.000860251
0.0008695
0.00090685
0.000900051
0.000923192
0.000747041
0.000751963
0.000753486
0.000758207
0.000763775
0.000743762
0.000746852
0.000741635
0.000741948
0.000743588
0.000741543
0.000744497
0.000744468
0.000744743
0.000763738
0.000780067
0.000780923
0.000803467
0.000811542
0.000906079
0.000853184
0.000892851
0.000835638
0.000850509
0.00074289
0.000743162
0.000745435
0.000746176
0.000750146
0.000750597
0.000757215
0.000756245
0.000766295
0.000762585
0.000776185
0.000779756
0.000816105
0.000811567
0.000835057
0.000837153
0.000857537
0.000866316
0.000886177
0.000897374
0.000950785
0.000952285
0.0010002
0.00101937
0.000983362
0.00102584
0.00103221
0.00122917
0.000746523
0.000751758
0.000753082
0.000756977
0.00074594
0.000745379
0.000743833
0.000746528
0.000742158
0.000741969
0.000744434
0.00074375
0.000741999
0.000746274
0.000745148
0.00076093
0.000772031
0.000780453
0.00152835
0.00135216
0.00150215
0.000800576
0.000803218
0.00083086
0.000844901
0.000907008
0.00091955
0.00106699
0.000972685
0.000861844
0.000910127
0.000750673
0.000748161
0.000754305
0.000750836
0.000759274
0.000754538
0.000764737
0.000762346
0.000765716
0.000770904
0.000780545
0.000783673
0.00079246
0.000817314
0.000845744
0.000820837
0.00085007
0.000970446
0.000970971
0.000964779
0.00103128
0.00202984
0.00209301
0.00175562
0.00118042
0.00118109
0.0012993
0.00124935
0.00125152
0.00137709
0.00138958
0.00186934
0.00156538
0.00355223
0.00332322
0.00339966
0.00210647
0.0029965
0.00280578
0.00246309
0.00212329
0.000746575
0.000750836
0.000750457
0.000755435
0.000744147
0.000743567
0.000743951
0.000745659
0.000742594
0.000742567
0.000742169
0.000746426
0.00074544
0.000744281
0.000743668
0.000760326
0.000773826
0.000803104
0.000781695
0.000798241
0.00366316
0.00367482
0.00284449
0.00272651
0.00214537
0.00111886
0.00137304
0.00156638
0.00192718
0.000837914
0.000839655
0.000848672
0.000847641
0.000891997
0.000903278
0.00099319
0.00097713
0.00105786
0.00363304
0.00342497
0.00126151
0.0032821
0.00288467
0.00263634
0.00148375
0.0017903
0.00189194
0.00263069
0.000779563
0.000766976
0.000783172
0.000769828
0.000785867
0.000774989
0.000789602
0.00078989
0.000797978
0.000795408
0.000810317
0.000809889
0.000848057
0.000876087
0.000928578
0.000900964
0.00114091
0.00133196
0.00110007
0.00173971
0.00142775
0.00132841
0.00163089
0.00146226
0.00143886
0.00252524
0.00304925
0.00350319
0.00304443
0.00268146
0.00228384
0.00180612
0.0016708
0.00184481
0.00200661
0.00259988
0.00190791
0.00204264
0.00348497
0.00355012
0.00361248
0.00369944
0.00357002
0.00340351
0.00329254
0.00330272
0.0013858
0.00136694
0.00284748
0.00297166
0.00153376
0.00160433
0.00191163
0.00254638
0.00207317
0.00240967
0.000746572
0.000749741
0.000749115
0.000758516
0.00074321
0.000742992
0.000742975
0.000743889
0.000745188
0.000746442
0.000745199
0.000744521
0.000743517
0.00074339
0.000743107
0.000758587
0.000774332
0.000776412
0.00079505
0.000799475
0.000825799
0.000793903
0.00349732
0.00374799
0.00338279
0.0037103
0.00365095
0.00274201
0.00332351
0.00262482
0.00215128
0.000838294
0.001923
0.00117647
0.00175749
0.00134677
0.000882099
0.000877426
0.000898241
0.000889999
0.000923221
0.000912212
0.00103538
0.00102995
0.00117536
0.00369702
0.00339281
0.00375741
0.00113347
0.00120528
0.000952179
0.00323809
0.00280036
0.00265888
0.001802
0.00114182
0.00157838
0.000621187
0.000826483
0.00386749
0.00129118
0.000684719
0.000842237
0.000776445
0.000875581
0.000862176
0.000903716
0.000942208
0.000879273
0.000869585
0.000945263
0.000951619
0.00114598
0.00121729
0.00170997
0.00132756
0.00174812
0.00134681
0.00131237
0.00176795
0.00148382
0.00160882
0.00186876
0.00223697
0.00184411
0.00156223
0.002031
0.00181036
0.0021529
0.00203332
0.0027413
0.00314681
0.00354081
0.0033526
0.00294843
0.00246929
0.00247835
0.00227111
0.00280536
0.00231857
0.00251948
0.00360719
0.0034986
0.0036851
0.00355574
0.00362701
0.00333171
0.00339062
0.00287823
0.00312545
0.00303478
0.00146098
0.00162584
0.00247898
0.00263927
0.00227153
0.00215567
0.00196178
0.000757599
0.000746428
0.000748858
0.000748619
0.000743111
0.000743739
0.000744834
0.00075942
0.000745965
0.000744883
0.000744501
0.000743737
0.000743855
0.000743355
0.000743826
0.000743902
0.000746843
0.000745109
0.000744493
0.000748485
0.000748035
0.000750366
0.000772464
0.000773735
0.000776471
0.000785485
0.000841804
0.000812975
0.000811801
0.000797594
0.00381304
0.00380595
0.00353986
0.00244595
0.00335198
0.00284034
0.000871131
0.000913116
0.000922742
0.00241449
0.00141355
0.00227143
0.00154635
0.00095084
0.000928434
0.00100741
0.000989303
0.00116462
0.00116948
0.00133814
0.00376722
0.00378152
0.00357329
0.00387873
0.00392593
0.00339505
0.000839727
0.000904338
0.000674218
0.00293988
0.00271202
0.00207919
0.00150871
0.000864578
0.00910676
0.00821119
0.00217157
0.000903069
0.00742682
0.005282
0.00139104
0.000907963
0.00114822
0.000910141
0.00107607
0.000993438
0.00112821
0.00127147
0.00124607
0.00177123
0.00180886
0.00151483
0.00223598
0.00173137
0.00194781
0.0025069
0.00247202
0.0027017
0.00222146
0.00239209
0.00258328
0.0028706
0.00222861
0.00242727
0.00264741
0.00234688
0.00273306
0.00243563
0.00348765
0.00319293
0.00339254
0.00330544
0.00307374
0.00305358
0.00318687
0.00305964
0.00297702
0.00365252
0.00349403
0.00341749
0.00352624
0.00349061
0.00302816
0.0032811
0.0025732
0.00277349
0.00215376
0.00228756
0.000756057
0.000753083
0.000749769
0.000756929
0.000744125
0.00074602
0.000747582
0.0007551
0.000761141
0.000745236
0.000744222
0.000744298
0.000743614
0.000744014
0.000743628
0.000744637
0.000744821
0.000748051
0.00074203
0.000747165
0.000748482
0.000751013
0.000752564
0.000771371
0.00077436
0.000785957
0.000795378
0.000861048
0.000841898
0.000837374
0.000815771
0.00317581
0.00330854
0.0038436
0.000924167
0.000943623
0.000945458
0.0010299
0.000981194
0.00233494
0.00297655
0.00165191
0.00209812
0.00138184
0.00129174
0.0016725
0.00169809
0.00150313
0.00370251
0.00391685
0.00394131
0.00374349
0.00374679
0.00351733
0.00303296
0.00276476
0.000615789
0.000704649
0.00239459
0.00188374
0.00145953
0.000788079
0.00915443
0.0103077
0.00382715
0.00830539
0.010174
0.00984353
0.00550948
0.00340397
0.00942711
0.0089559
0.0045665
0.00252708
0.00352415
0.0020443
0.0029401
0.00185599
0.00253174
0.00252367
0.00203372
0.00299141
0.00261549
0.00261871
0.00252041
0.00265102
0.00315533
0.00306913
0.00311574
0.0033447
0.0030654
0.00279489
0.00323992
0.00342017
0.00288883
0.00317152
0.00338466
0.00308263
0.00338511
0.00361042
0.00345793
0.00359873
0.00346798
0.00357021
0.00344422
0.0034504
0.00347532
0.00355049
0.00354193
0.00315438
0.00337488
0.0026957
0.00284733
0.00216568
0.00232794
0.000759238
0.00075684
0.000756165
0.000753957
0.000749406
0.000749898
0.000753659
0.000759009
0.000766022
0.000746978
0.00074182
0.000746822
0.000742317
0.000748183
0.000744803
0.000750847
0.000746208
0.000747584
0.000749213
0.000750673
0.000752761
0.000754039
0.000776087
0.000777015
0.000787259
0.000814977
0.000803429
0.000780851
0.000911325
0.000871884
0.000875729
0.000845662
0.000950447
0.00383016
0.00337828
0.000983202
0.000929754
0.00121238
0.00111215
0.00181076
0.00214504
0.00219818
0.00211065
0.00305107
0.00258093
0.00229528
0.00248685
0.00234446
0.00394845
0.00414324
0.00377832
0.00396767
0.00324251
0.00293781
0.00237933
0.00219336
0.00189144
0.00179615
0.00060844
0.00134831
0.00767528
0.00987819
0.00229552
0.005762
0.00967
0.0106803
0.0085752
0.00738797
0.0107099
0.010259
0.00694947
0.00582202
0.00571911
0.00380064
0.00439576
0.00351575
0.00316369
0.00331504
0.00416146
0.00345197
0.00393338
0.00334423
0.00360604
0.003636
0.00388176
0.00378885
0.00375845
0.00362671
0.00356738
0.00335288
0.0036642
0.00381449
0.00345258
0.00361677
0.00372646
0.00359417
0.00370648
0.00358703
0.00354848
0.00355153
0.00364194
0.00363174
0.00361912
0.00326291
0.00342248
0.00276565
0.00293815
0.00222336
0.00239942
0.000788362
0.000666736
0.000759282
0.000760242
0.000759201
0.00075762
0.000756803
0.000754807
0.000757001
0.000757585
0.000763028
0.000763712
0.000780486
0.000747335
0.000746668
0.000748153
0.000748488
0.00075194
0.000749102
0.000749958
0.000751785
0.000753126
0.000753997
0.000755738
0.000775506
0.00079967
0.000803096
0.000849135
0.000792959
0.000800321
0.000948948
0.000897371
0.000906588
0.000849522
0.0010111
0.00115597
0.000903305
0.0038983
0.00373885
0.00190478
0.00167883
0.00239424
0.00347159
0.00316613
0.00282686
0.00308425
0.00340531
0.00363703
0.00305695
0.00384863
0.00446917
0.00305734
0.00354717
0.0025544
0.00225548
0.00181893
0.00167006
0.000597354
0.000906372
0.00597487
0.00920826
0.0015608
0.00343681
0.00873015
0.0103384
0.00975907
0.00878851
0.00961962
0.0102192
0.00720586
0.00850381
0.00785521
0.00651273
0.00567735
0.00561714
0.00492392
0.00393429
0.0040966
0.00509719
0.00443062
0.00397847
0.00418032
0.00376565
0.0038422
0.00411735
0.00397748
0.00382265
0.00391642
0.00364257
0.00367332
0.00378599
0.00360512
0.00375749
0.0036208
0.00368013
0.00352084
0.00356937
0.00352827
0.00344866
0.00330519
0.00350112
0.00342437
0.00287465
0.00304801
0.00229639
0.00250616
0.000760841
0.000779346
0.00080699
0.000701118
0.000758862
0.000756994
0.000757587
0.000758819
0.000758648
0.000758482
0.000757316
0.000758369
0.000755016
0.000757556
0.000772266
0.000764271
0.000759193
0.000760992
0.000750717
0.000751912
0.000752999
0.000753151
0.000753996
0.000755659
0.000756896
0.000757978
0.000758133
0.000779411
0.000793975
0.000815045
0.000837845
0.00084871
0.00082144
0.000946526
0.00103385
0.0008934
0.000956647
0.00109375
0.00130675
0.00127154
0.00147635
0.00181414
0.00358725
0.00404853
0.00482022
0.00298592
0.0040472
0.00377961
0.0039873
0.0043052
0.00425171
0.00466039
0.00351859
0.0039902
0.00284645
0.0024227
0.00196719
0.00171863
0.000658161
0.000719844
0.00447877
0.00770182
0.0011409
0.00231234
0.00720627
0.008899
0.00990108
0.00940976
0.00848263
0.00940279
0.00774619
0.00822361
0.00928233
0.0086949
0.00570101
0.0072938
0.00672479
0.00648582
0.00596905
0.00444668
0.00476762
0.00534322
0.00509939
0.00431359
0.00447398
0.00422595
0.00352724
0.00369957
0.00373111
0.0038681
0.00397248
0.00312524
0.00303733
0.00333886
0.00355136
0.0035542
0.00316178
0.00328593
0.00333959
0.00332578
0.00309961
0.00318257
0.00294027
0.00312359
0.00308165
0.0023785
0.00257549
0.000745287
0.00075599
0.00076475
0.000787719
0.000809438
0.000720338
0.000756971
0.000755319
0.000756723
0.000757822
0.000760088
0.000759757
0.000761005
0.000758398
0.000749881
0.000753629
0.000753326
0.000756415
0.000746194
0.000747147
0.000743662
0.000743828
0.000783089
0.000764614
0.000757847
0.000762973
0.00075699
0.000762198
0.000761736
0.000759715
0.000759938
0.000759756
0.000766008
0.000764348
0.000767304
0.000796934
0.000825121
0.000806453
0.00083909
0.00088248
0.000877046
0.00090677
0.00102776
0.00110781
0.000957751
0.00102195
0.00120979
0.00141849
0.00270309
0.00307006
0.00223161
0.00347619
0.00398857
0.00439292
0.00391309
0.00469383
0.00484863
0.00564202
0.00511441
0.00450966
0.00533907
0.00336888
0.00278638
0.00229584
0.00195114
0.000725542
0.000704537
0.00337534
0.00549611
0.000937298
0.00182638
0.00554387
0.00801482
0.00915736
0.0093702
0.00762899
0.00854309
0.00803543
0.0086212
0.00913518
0.00889854
0.00576394
0.00622
0.00796419
0.0067119
0.00747373
0.0070772
0.0055043
0.00481756
0.0049628
0.00443422
0.00478604
0.00398791
0.00440225
0.00304033
0.00341188
0.00346691
0.00373943
0.00273728
0.00232263
0.00238587
0.00232617
0.00268452
0.003019
0.00303205
0.00256844
0.0026509
0.00264622
0.00255625
0.00231872
0.00271535
0.00074939
0.000737664
0.000745623
0.000748959
0.000760174
0.000772107
0.000791266
0.000815395
0.000735609
0.000737833
0.000734047
0.000737065
0.000733537
0.000735784
0.000742157
0.000740941
0.000741197
0.00074014
0.000741641
0.000739805
0.000742127
0.000739409
0.000735703
0.00073651
0.000739027
0.000737502
0.000741134
0.000738739
0.000738947
0.000756259
0.000754542
0.000756585
0.000757626
0.00076203
0.000763997
0.000758665
0.00074902
0.000753137
0.000753079
0.000755969
0.000745694
0.000748172
0.000743075
0.000744611
0.000767691
0.000769369
0.00077693
0.000768212
0.000769238
0.000770937
0.000770206
0.000769006
0.000771967
0.000775431
0.0007739
0.000776021
0.000771827
0.00078371
0.000810342
0.000791838
0.000854627
0.000828108
0.000877026
0.000930415
0.000912286
0.000979735
0.0011693
0.00126878
0.00105031
0.00118674
0.00170163
0.00266578
0.00550907
0.00509969
0.00483964
0.00449283
0.00501176
0.00534909
0.00571972
0.00355194
0.00428683
0.00552074
0.00430785
0.00540228
0.00286045
0.0023688
0.000822365
0.000702165
0.00462354
0.0025935
0.00350266
0.000843094
0.00146243
0.00611756
0.00714398
0.00822551
0.00868337
0.00662347
0.0074042
0.00618881
0.00859538
0.00839525
0.00870212
0.00593613
0.00660812
0.00818695
0.00767114
0.00695362
0.00746085
0.00563992
0.00512536
0.0046381
0.00506706
0.00398308
0.00441019
0.00290572
0.00371435
0.00329868
0.00290712
0.00220937
0.0025086
0.0018689
0.00178928
0.00214463
0.00212212
0.0017206
0.00167534
0.00162726
0.000805855
0.000796841
0.000821759
0.000740607
0.000749474
0.00075593
0.000767399
0.000780604
0.000738872
0.000742899
0.000737152
0.000738788
0.000733545
0.000737768
0.000740808
0.000741782
0.00073801
0.000740231
0.000735411
0.000739316
0.000731565
0.000737678
0.000732191
0.000736566
0.000731085
0.000736222
0.000736022
0.000756697
0.000755256
0.000757727
0.000759825
0.000761616
0.000749216
0.000753261
0.000753574
0.000754909
0.000745957
0.000748963
0.000744098
0.000745747
0.000762983
0.000771896
0.000767495
0.000785622
0.00078175
0.00078327
0.000786896
0.000784404
0.000789634
0.000793601
0.000783933
0.000786335
0.000781986
0.000825067
0.000805137
0.000806331
0.000885682
0.000851061
0.000925351
0.00100272
0.000989075
0.00109356
0.00110513
0.00208007
0.00118881
0.00137029
0.00345929
0.00479686
0.00587484
0.00584332
0.00646191
0.0064116
0.00708849
0.00659024
0.00581747
0.00563979
0.00511122
0.00296123
0.00400043
0.000875818
0.000874301
0.000841503
0.0032802
0.00448005
0.0019272
0.00298237
0.00120726
0.00495695
0.0055815
0.00749338
0.00815915
0.00491543
0.0069691
0.0054352
0.00605949
0.00645777
0.00598165
0.00808774
0.00798361
0.00612291
0.0066883
0.00780326
0.00755685
0.00689916
0.00729101
0.00594539
0.00541553
0.00471005
0.00522368
0.00406146
0.00460204
0.00337726
0.00393794
0.00276909
0.00333395
0.00197242
0.00252054
0.00137654
0.00155966
0.0014001
0.000749966
0.000812386
0.000851501
0.000775705
0.000791609
0.000746633
0.000757156
0.000764956
0.000745154
0.000748902
0.00074325
0.000743715
0.000741781
0.00074276
0.000742763
0.00074364
0.000742551
0.000742393
0.000742455
0.000742401
0.00074189
0.000742302
0.000741244
0.000741887
0.000742411
0.000757938
0.000758012
0.000761107
0.000761929
0.000750048
0.00075422
0.000755079
0.000757301
0.000747491
0.000750644
0.000745321
0.000748837
0.000770781
0.00077086
0.000787442
0.000779406
0.000811609
0.000802982
0.000816667
0.000811818
0.000800016
0.000804982
0.000817357
0.000809822
0.000795645
0.000820657
0.000802788
0.00080439
0.000866984
0.000861881
0.000950977
0.000928807
0.0010524
0.00106947
0.00123185
0.00118558
0.00160315
0.00262468
0.00139046
0.00177222
0.00514333
0.0063278
0.00743728
0.00627712
0.00585686
0.00698546
0.00698645
0.00642193
0.00521188
0.00487655
0.00154581
0.000857344
0.000891358
0.000851453
0.00109326
0.00111631
0.0038087
0.00256428
0.00286723
0.00453103
0.0040068
0.00748307
0.00702712
0.00449069
0.00502416
0.00654967
0.00616559
0.00511429
0.00548938
0.00538036
0.0057675
0.00753233
0.00732125
0.00629112
0.00668883
0.00730834
0.00720181
0.00689414
0.00513368
0.00600698
0.0055183
0.00454491
0.00513237
0.00370194
0.00434938
0.00281024
0.00334901
0.00179354
0.00231923
0.000793
0.000803671
0.000755127
0.000766634
0.000778654
0.000747447
0.000759064
0.000745515
0.00075059
0.000745331
0.000744593
0.000743022
0.000746872
0.000741785
0.000745259
0.000742285
0.000745252
0.000741321
0.000744914
0.000745541
0.000766037
0.000760093
0.00076354
0.00076765
0.000754233
0.00075615
0.000760689
0.000757999
0.000752041
0.000754446
0.000750727
0.000752752
0.000788687
0.000784705
0.000785421
0.000804138
0.000791848
0.000837628
0.000835911
0.000831563
0.000846505
0.000868166
0.000858779
0.00086398
0.000845699
0.000844672
0.000827809
0.000815234
0.000858385
0.000845625
0.000875722
0.000950992
0.000943051
0.00125837
0.00121649
0.00108135
0.00113245
0.00161132
0.00152644
0.00380839
0.00507757
0.00369098
0.00646677
0.00724423
0.00714099
0.00689561
0.00639184
0.00607605
0.00518777
2.50743e-05
0.00265429
0.000818078
0.00149254
0.00207284
0.000862663
0.000860527
0.000927799
0.000953114
0.00110895
0.00112904
0.00367358
0.00346495
0.00436208
0.00405983
0.00685713
0.00647464
0.00443774
0.00472499
0.00598616
0.00564405
0.00464834
0.00502128
0.00513654
0.00698124
0.00667468
0.00624321
0.00666309
0.00673881
0.00660992
0.00555443
0.00599688
0.00457478
0.0051906
0.0034474
0.00396266
0.00232127
0.00282984
0.000797852
0.000763945
0.000780978
0.000789495
0.000786601
0.000755397
0.000765497
0.000749868
0.000758224
0.000749906
0.000753087
0.000748418
0.000750834
0.00074941
0.000748702
0.000749306
0.000749075
0.000748935
0.000755371
0.000767589
0.000764086
0.000781492
0.000763225
0.000759974
0.000759222
0.00078321
0.000761669
0.000760639
0.000762021
0.000789255
0.000787074
0.000798962
0.0008124
0.00081206
0.000838007
0.000829613
0.000876299
0.000884262
0.000895703
0.000894208
0.000963517
0.000926453
0.000928741
0.000882767
0.000878667
0.000914299
0.000906982
0.00095285
0.000956584
0.00111836
0.00105669
0.0015751
0.00138429
0.00148602
0.00140577
0.00655627
0.0040096
0.0064735
0.00604605
0.00605038
0.00645727
0.00580819
0.00604025
0.00324779
0.00249746
0.00314384
0.000863643
0.000825286
0.00145048
0.00184386
0.000921433
0.000934508
0.00103151
0.0010639
0.00119732
0.00402618
0.00383661
0.00419494
0.00404359
0.00611798
0.00573204
0.00409224
0.00433928
0.00425263
0.00469633
0.00505115
0.00626404
0.00594619
0.00601075
0.00608175
0.00623117
0.00512844
0.00559109
0.00388181
0.00436979
0.00271335
0.00315981
0.00081003
0.000832734
0.000773783
0.000778474
0.000795353
0.000814851
0.000764088
0.000770605
0.000757269
0.000764618
0.000753638
0.000760519
0.000758703
0.000756309
0.000757678
0.000760492
0.000759701
0.000795769
0.000767066
0.000767305
0.000769457
0.000769953
0.000786661
0.000766706
0.000794226
0.000787874
0.000772297
0.000768051
0.000819446
0.000814591
0.000842511
0.000827049
0.000871924
0.000860947
0.00091529
0.00090402
0.000952538
0.000989857
0.00108884
0.00101786
0.00101401
0.000968432
0.000961725
0.000988006
0.000991315
0.00105657
0.00111785
0.00108066
0.00148079
0.00128136
0.00570354
0.00252836
0.00303507
0.0023441
0.00602218
0.00570562
0.00558851
0.00583449
0.0052569
0.00497943
0.00361636
0.00297005
0.00351457
0.0023855
0.00285346
0.000900302
0.000853682
0.00147946
0.00183575
0.000999856
0.00104843
0.0012479
0.00395711
0.00391161
0.00389783
0.00387861
0.00456976
0.00485313
0.00541874
0.00372494
0.00387179
0.00367698
0.0039832
0.00369505
0.00567486
0.00532987
0.00521608
0.00532214
0.00407024
0.00440526
0.00296066
0.00330007
0.000830057
0.000862417
0.000782643
0.000799432
0.000814375
0.000832639
0.0007767
0.000783541
0.000766767
0.000770745
0.00077423
0.000776488
0.000773965
0.000769085
0.000774171
0.000815392
0.000811318
0.000776434
0.000773815
0.000781809
0.000781371
0.000797351
0.00080646
0.000788451
0.000802028
0.000793261
0.000875709
0.000870115
0.000854337
0.000899796
0.000883535
0.000959938
0.000978617
0.000981164
0.00103557
0.00102473
0.00140168
0.00114527
0.00110605
0.00115524
0.00111462
0.00109524
0.00128453
0.0012252
0.00132372
0.00120949
0.00161447
0.00379658
0.00369994
0.00574644
0.00492468
0.00535987
0.0054227
0.00548392
0.00459315
0.00474919
0.00349556
0.00373312
0.00389938
0.00287917
0.0033975
0.00221058
0.00278306
0.000916071
0.000975887
0.00136668
0.00181121
0.00112297
0.00116555
0.00381468
0.00388222
0.00378151
0.00352073
0.00364449
0.00446109
0.00392136
0.00478983
0.00307895
0.00319813
0.003215
0.00284634
0.00340827
0.00467567
0.00452428
0.00393399
0.00403258
0.00298223
0.00319724
0.000871592
0.00091146
0.000799362
0.000807168
0.000842704
0.000870729
0.000786045
0.000788364
0.000797659
0.000795619
0.000785688
0.000789109
0.000787232
0.000847386
0.000823597
0.000811348
0.000806218
0.000797485
0.000819066
0.000822892
0.000813122
0.000830537
0.000817172
0.000946109
0.000931213
0.000922848
0.000885116
0.00104852
0.00108779
0.00105803
0.00109235
0.00114439
0.0011152
0.00130423
0.001233
0.00241336
0.00140472
0.00148324
0.00158829
0.00181111
0.00175993
0.00195975
0.00506017
0.00374163
0.00587064
0.00600035
0.0054345
0.00550869
0.00447046
0.00473159
0.00355574
0.00376153
0.00385259
0.00293455
0.00332869
0.00213533
0.00278911
0.00108852
0.00104703
0.00157077
0.00130701
0.00170733
0.00380264
0.00349588
0.00362728
0.00361247
0.00378884
0.00372277
0.00292236
0.00319121
0.00344366
0.0038975
0.00247361
0.00253829
0.0024327
0.00287463
0.00351731
0.00348314
0.00276988
0.00288451
0.00106934
0.000908412
0.00096075
0.00082655
0.000848219
0.000863763
0.000917207
0.000823644
0.000811788
0.000842787
0.00082679
0.000827386
0.000856867
0.000846417
0.000881972
0.000862954
0.00084462
0.000838133
0.000859698
0.000864163
0.000865101
0.000869599
0.00105461
0.00100278
0.000995263
0.000946832
0.00141017
0.0014702
0.0013478
0.00130865
0.00124265
0.00179097
0.00204261
0.00307101
0.00529546
0.00575072
0.00496947
0.0037326
0.00512984
0.00551204
0.00603574
0.00595064
0.00583751
0.00541684
0.00581748
0.00449635
0.00480082
0.00356807
0.0037404
0.00213131
0.0028726
0.00277954
0.00332446
0.00128013
0.00136957
0.00148175
0.00171264
0.00374629
0.00370076
0.00373646
0.0031001
0.00334346
0.00352589
0.00350866
0.00323284
0.00225478
0.00254782
0.00265482
0.00292683
0.00187764
0.00206696
0.00202523
0.00235152
0.00235668
0.00122014
0.00129113
0.000984682
0.00120291
0.00089787
0.000894176
0.000978299
0.000890031
0.000870288
0.000871021
0.00090826
0.000815117
0.00095977
0.000916115
0.000900172
0.000924984
0.000955147
0.000929881
0.000935675
0.000907833
0.000922117
0.001145
0.00113095
0.00104148
0.0010458
0.00244447
0.00327302
0.00251232
0.00346751
0.00286893
0.00396416
0.00261279
0.00463522
0.00477247
0.00606133
0.00743043
0.00607998
0.00600121
0.00657281
0.0066768
0.00756811
0.00565
0.00587922
0.00456978
0.00495107
0.00344577
0.00364205
0.00237824
0.00277471
0.00312603
0.00331224
0.00144045
0.00166242
0.00197979
0.002187
0.00375833
0.00364136
0.00352966
0.00325439
0.00325956
0.00246707
0.00292829
0.00294571
0.001708
0.00202222
0.00136607
0.00159345
0.0018266
0.0015994
0.000871739
0.00142642
0.0015337
0.00107631
0.00107706
0.00134227
0.000947794
0.00092533
0.000912318
0.0010996
0.0012113
0.00119614
0.00121898
0.00122591
0.000973856
0.000939413
0.00103074
0.000999666
0.000952197
0.00304583
0.00170602
0.00202617
0.00152558
0.00293954
0.00517069
0.00548296
0.00446811
0.00535506
0.00393205
0.00475592
0.00347927
0.00421575
0.0063947
0.00625279
0.00687604
0.00690648
0.00602181
0.00663866
0.00659871
0.00506256
0.00554562
0.00366203
0.00366405
0.00313445
0.00295365
0.00339975
0.0019616
0.00233596
0.00290476
0.00370543
0.00361945
0.0034972
0.0032245
0.00303222
0.0025177
0.00250909
0.00205098
0.00159814
0.00133324
0.00251331
0.00179161
0.00214804
0.00147331
0.00149928
0.00144528
0.00152905
0.00173582
0.00152008
0.00174611
0.00137741
0.00142785
0.00146235
0.00137518
0.0015609
0.00153665
0.00180092
0.00185522
0.00233519
0.00362597
0.00270092
0.00291816
0.00295872
0.00369089
0.00442904
0.00474583
0.00624426
0.00584327
0.00581513
0.00553392
0.00567104
0.00508989
0.0055452
0.0062723
0.00610951
0.00578423
0.0061076
0.00583039
0.00348046
0.00361475
0.00293902
0.00318474
0.00332906
0.00369457
0.00358596
0.00346071
0.00323238
0.00306418
0.00268821
0.00225364
0.00164463
0.00281452
0.00326603
0.00219717
0.00261242
0.00169068
0.00171401
0.00184661
0.00223645
0.00202922
0.00166218
0.00194026
0.00173758
0.00224397
0.0020843
0.00214237
0.00281614
0.00282641
0.00273356
0.00390745
0.00357072
0.0036081
0.00360203
0.00482512
0.00487295
0.00502595
0.00546458
0.00567259
0.00573159
0.00549598
0.00552348
0.00528992
0.00493163
0.00501803
0.00359976
0.00363099
0.00346267
0.00337338
0.00368894
0.00350617
0.00342357
0.00313838
0.00300712
0.00260071
0.00255029
0.00335373
0.00326157
0.00310572
0.00307186
0.00287981
0.00267932
0.00284627
0.0030431
0.00302726
0.00265328
0.00301967
0.00349338
0.00366628
0.00327407
0.0035042
0.0034663
0.00391468
0.00432372
0.00466492
0.00447529
0.00485393
0.00443832
0.00473907
0.00429578
0.00411857
0.00468307
0.00494724
0.00393618
0.00375519
0.00363406
0.00365592
0.00359523
0.0035865
0.00339772
0.00328767
0.00300812
0.00288872
0.00249912
0.00239162
0.00360145
0.00352897
0.00354573
0.00347197
0.00369536
0.0034909
0.00356951
0.00357114
0.00351754
0.00381136
0.00399403
0.00397029
0.00388986
0.00399858
0.00418246
0.00416456
0.00445611
0.00402369
0.00421792
0.00335798
0.00325124
0.00301241
0.00285725
0.00371253
0.00356129
0.00372809
0.00367946
0.00350923
0.00325652
0.00314788
0.00290897
0.00277743
0.00238271
0.00227918
0.00391718
0.00369803
0.00368397
0.00374339
0.0037511
0.00391826
0.00379557
0.00379273
0.0040009
0.00409976
0.00399841
0.00388843
0.00392248
0.00397535
0.0041265
0.00355168
0.00367868
0.00285789
0.00287011
0.00235785
0.00232887
0.0036435
0.00368514
0.00354481
0.0033657
0.00311274
0.00306969
0.00278649
0.00270247
0.00230699
0.00220184
0.00377609
0.00384575
0.00366364
0.00368791
0.00371612
0.00378096
0.0036732
0.00378943
0.00387171
0.00359214
0.00370166
0.00355691
0.00354676
0.00343935
0.00317682
0.00338197
0.00241873
0.00259015
0.00201639
0.00199178
0.00343303
0.00335015
0.00296131
0.00287174
0.00262846
0.00255956
0.00224686
0.00212871
0.00339046
0.00352768
0.00323915
0.00334691
0.00322351
0.00302723
0.00317043
0.00314816
0.0030133
0.00289331
0.0030497
0.00288588
0.00230184
0.00249286
0.00172424
0.00184963
0.00287525
0.00279705
0.00245585
0.00243852
0.00225521
0.00204498
0.00213335
0.00286052
0.00289329
0.00267043
0.00258314
0.00260222
0.00241532
0.00224763
0.00247975
0.00222862
0.00247115
0.00218153
0.00169094
0.00186335
0.00221827
0.00220323
0.00197458
0.00189521
0.00153606
0.00201606
0.00209633
0.00187561
0.00208263
0.00197523
0.00137085
0.00140719
0.0017873
0.0018625
0.00121277
0.000652518
0.00169201
0.00168737
0.00150769
0.00145262
0.00128955
0.0015033
0.00148468
0.000787152
0.00103893
0.000675205
0.00129203
0.00131917
0.000747296
0.000992894
0.0010702
0.000724307
2.60822e-05
)
;

boundaryField
{
    top
    {
        type            symmetryPlane;
    }
    bottom
    {
        type            symmetryPlane;
    }
    inlet
    {
        type            calculated;
        value           uniform 0.000851986;
    }
    outlet
    {
        type            calculated;
        value           nonuniform List<scalar> 
17
(
0.000666622
0.000658827
0.000677786
0.000668885
0.000660144
0.000656503
0.000677786
0.000665119
0.000670338
0.000674011
0.00148609
0.000802411
0.000661575
0.000675359
0.00196424
0.000739174
0.00152768
)
;
    }
    deck
    {
        type            nutkWallFunction;
        Cmu             0.09;
        kappa           0.41;
        E               9.8;
        value           nonuniform List<scalar> 
60
(
3.31323e-07
0
0
0
0
8.70224e-08
0
0
0
0
0
0
0
0
0
0
0
0
0
0
0
0
0
0
0
0
0
0
0
0
0
0
0
0
0
0
0
0
0
0
0
0
0
0
0
0
0
0
0
0
0
0
0
0
0
0
0
0
0
0
)
;
    }
    frontAndBack
    {
        type            empty;
    }
    defaultFaces
    {
        type            empty;
    }
}


// ************************************************************************* //
