/*--------------------------------*- C++ -*----------------------------------*\
  =========                 |
  \\      /  F ield         | OpenFOAM: The Open Source CFD Toolbox
   \\    /   O peration     | Website:  https://openfoam.org
    \\  /    A nd           | Version:  8
     \\/     M anipulation  |
\*---------------------------------------------------------------------------*/
FoamFile
{
    version     2.0;
    format      ascii;
    class       volVectorField;
    location    "0.082";
    object      U;
}
// * * * * * * * * * * * * * * * * * * * * * * * * * * * * * * * * * * * * * //

dimensions      [0 1 -1 0 0 0 0];

internalField   nonuniform List<vector> 
424
(
(-0.00293621 -0.00019 6.81144e-26)
(-0.014652 0.000961575 0)
(-0.0131023 0.00276779 2.04595e-23)
(0.000179602 0.00315106 -1.1671e-24)
(-0.047355 0.00514744 -2.47656e-23)
(-0.0230456 0.000844538 -3.38784e-23)
(-0.00299442 0.0138302 3.23465e-24)
(-0.000995358 0.015506 -7.93798e-25)
(-0.0687382 0.00259473 -3.61313e-23)
(-0.025766 0.000296803 3.10979e-23)
(-0.0703257 0.00228288 9.63784e-23)
(-0.0240388 0.000465983 0)
(-0.00519775 0.0503255 1.16755e-24)
(-0.00096365 0.0244886 0)
(-0.0744425 0.000564815 3.30262e-23)
(-0.025582 -4.07925e-05 1.75111e-23)
(-0.0590509 0.000689219 0)
(-0.0196487 7.81013e-05 0)
(-0.000341382 0.0271141 0)
(-0.00267693 0.0732647 -2.78435e-23)
(-0.0734048 4.81241e-05 3.49547e-23)
(-0.0258215 -0.000338613 -1.87546e-23)
(-0.0573217 0.000236502 0)
(-0.019638 5.60108e-05 0)
(1.31928e-05 0.0260443 1.30696e-23)
(-0.000172601 0.0781352 2.51264e-23)
(-0.00233369 0.0684531 -3.74645e-23)
(-0.000418221 0.0233108 -3.89039e-23)
(-0.0750864 -0.000327185 5.88744e-23)
(-0.0232416 -0.00084801 0)
(-0.0150336 -0.000969417 -1.31699e-22)
(-0.00303884 0.000215713 0)
(-0.0530534 -1.92102e-05 -1.05689e-22)
(-0.0180556 3.82493e-05 9.88301e-23)
(-0.0222842 0.0479302 6.83822e-23)
(0.000239871 0.0268009 0)
(0.000145882 0.0295885 -2.27069e-22)
(0.00335075 0.0631454 2.33921e-22)
(8.24675e-05 0.074666 2.79496e-23)
(-0.000419356 0.0601158 3.92267e-24)
(-6.77577e-06 0.0199989 -3.85032e-24)
(-0.0699969 -0.00256861 -1.05446e-22)
(-0.0489926 -0.00549414 1.33518e-22)
(-0.0141029 -0.00310154 0)
(0.000224065 -0.00336418 -2.9552e-22)
(-0.0494752 -0.000265433 3.47e-22)
(-0.0162229 -3.37426e-05 0)
(-0.106049 0.152678 -1.89065e-22)
(0.809203 0.0278417 -5.01856e-23)
(-0.000696195 0.0781784 -1.62202e-23)
(-0.00573082 0.0866583 0)
(-0.00507354 0.16685 -3.61594e-24)
(-0.000244499 0.0579455 0)
(-4.4391e-05 0.0199182 0)
(-0.00400049 -0.0151981 5.94384e-23)
(-0.00125643 -0.0170692 2.58428e-22)
(-0.0531167 -0.000629312 0)
(-0.0174759 -0.000155198 0)
(0.405639 0.118729 1.41482e-22)
(0.861377 -0.00378849 -1.19167e-23)
(0.000144676 0.0544644 -9.27304e-23)
(-8.89672e-06 0.0187231 8.78983e-23)
(-0.00671241 -0.0544275 0)
(-0.0010417 -0.0268099 0)
(0.551439 0.0129209 1.56435e-22)
(0.882731 -0.00213942 0)
(0.000408103 0.0516101 -7.97503e-23)
(9.87662e-05 0.0174754 7.33891e-23)
(-0.000335118 -0.0292969 6.02646e-23)
(-0.00298282 -0.0790297 -1.8595e-23)
(0.880718 -0.00128592 -1.38276e-23)
(0.626377 0.00206134 -1.15916e-22)
(-0.00228602 0.05588 0)
(-0.000204675 0.0209852 0)
(7.71613e-05 -0.028887 4.72764e-23)
(-0.000366265 -0.0834872 1.91048e-23)
(-0.0018994 -0.0659017 -3.97209e-22)
(-0.000343535 -0.0224368 0)
(0.879096 -0.000317033 1.30632e-23)
(0.637005 -0.000768031 -4.91208e-23)
(0.826678 -0.0267487 0)
(0.000338166 -0.0288253 -9.09961e-23)
(0.881774 0.0014074 0)
(0.886712 0.00204224 0)
(0.86584 0.00377292 0)
(-0.019522 -0.0491257 0)
(0.00355481 -0.0683082 -4.80777e-22)
(0.000174795 -0.0308338 5.95672e-22)
(0.000290597 -0.0821771 4.36576e-23)
(-0.000559852 -0.0577273 0)
(-3.69129e-05 -0.0192448 0)
(0.639156 -0.000725824 -2.08443e-23)
(-0.104736 0.00186897 -4.20516e-23)
(0.447584 -0.115196 9.64676e-22)
(-0.000518009 -0.0839588 -8.91269e-23)
(0.641641 0.00131801 -1.2372e-22)
(0.643165 -0.00139843 2.57371e-22)
(0.570046 -0.010839 -1.24185e-21)
(-0.1084 -0.154019 -1.80905e-22)
(-0.00644842 -0.179398 7.0105e-22)
(-0.00653524 -0.0905127 -5.69201e-22)
(5.52813e-05 -0.0573294 -3.09734e-23)
(3.5183e-05 -0.019693 3.00378e-23)
(-0.0932054 5.79653e-05 0)
(-0.0405074 -4.34195e-05 -4.09737e-23)
(0.000387569 -0.0594266 -1.38401e-22)
(6.08819e-05 -0.0204909 -1.31588e-22)
(-0.0956109 -0.000318148 2.40234e-23)
(-0.0338639 6.27922e-06 0)
(-6.40121e-05 -0.0579804 9.9537e-23)
(8.55268e-05 -0.0199461 -9.48901e-23)
(-0.0893455 -0.000141652 -2.48828e-22)
(-0.0351832 -0.000111242 -2.27469e-23)
(-0.00299844 -0.0605837 0)
(-0.000220434 -0.023498 0)
(-0.0824072 0.000297715 1.35986e-22)
(-0.0326823 -6.71747e-05 0)
(-0.0935475 -0.0016189 0)
(-0.0294517 -9.46638e-06 1.21641e-22)
(-0.03509 -0.000114702 0)
(-0.079732 0.0171039 2.51295e-24)
(-0.0236561 0.0118481 0)
(-0.0636807 0.0352366 0)
(-0.0121547 0.0248785 -1.84932e-24)
(-0.129976 0.107082 2.70487e-23)
(-0.157667 0.0741225 4.77136e-22)
(-0.0864189 0.136106 3.60161e-23)
(-0.107477 0.116589 -1.33056e-23)
(-0.154488 0.0625104 -8.02907e-22)
(-0.15926 0.0373131 -2.6392e-23)
(-0.1365 0.0285387 -7.20603e-22)
(-0.122901 0.0288309 -1.92553e-22)
(-0.146446 0.0477395 -6.42764e-22)
(-0.166192 0.0511777 8.39108e-22)
(-0.173063 0.0243202 -6.0014e-22)
(-0.18049 0.0268219 1.08107e-22)
(-0.112014 0.00669864 1.81304e-22)
(-0.16521 0.00739676 1.24484e-21)
(-0.109431 0.00549312 2.62645e-22)
(-0.136146 0.0029564 3.40127e-22)
(-0.036795 0.0645067 2.99003e-23)
(-0.103697 0.113235 0)
(-0.0718242 0.068087 -2.47506e-23)
(-0.101903 0.0915944 0)
(-0.0735691 0.138995 5.2999e-23)
(-0.0750857 0.148147 -1.36483e-22)
(-0.0193365 0.0863865 -2.96741e-25)
(-0.0501186 0.16508 2.19494e-22)
(-0.069759 0.133919 -4.78428e-23)
(-0.0472396 0.157528 2.86958e-22)
(-0.0615906 0.10386 -5.76507e-23)
(-0.0975239 0.0922584 -2.77379e-23)
(-0.108765 0.0662129 0)
(-0.0950893 0.0359807 1.22423e-22)
(-0.0232887 0.00244745 -2.99282e-22)
(-0.0654528 0.0141522 3.45284e-22)
(-0.16069 0.00870842 0)
(-0.179708 0.00904304 0)
(-0.188162 0.00221193 -8.63636e-22)
(-0.124783 0.000722848 -1.54644e-21)
(-0.181815 0.00212983 2.80048e-21)
(-0.102248 0.00153802 7.08787e-22)
(-0.144518 -0.000259792 7.39602e-22)
(-0.0349224 0.131605 -2.11259e-23)
(-0.0443209 0.153552 2.05784e-23)
(-0.0339302 0.178059 -2.34685e-22)
(-0.00640148 0.118415 7.74653e-22)
(-0.0204743 0.182828 1.1594e-22)
(-0.0260384 0.150759 4.82124e-23)
(-0.0147849 0.168128 -3.00195e-22)
(-0.0335775 0.0890478 1.67345e-22)
(-0.0206283 0.131576 -1.1726e-21)
(-0.0144274 0.0642291 0)
(-0.00246985 0.0228902 0)
(-0.170577 -0.000968541 8.75419e-22)
(-0.187706 -0.000297731 -2.61181e-21)
(-0.127502 0.00071134 -9.19981e-22)
(-0.178982 0.000117982 2.91445e-21)
(-0.100097 -4.62385e-05 -1.15726e-21)
(-0.145376 -0.00044748 1.4386e-21)
(-0.00533172 0.164868 -6.92781e-22)
(-0.00649979 0.183319 5.23056e-22)
(0.00121433 0.128621 0)
(-0.00490275 0.160078 0)
(-0.00167917 0.187762 -1.05471e-21)
(-0.00396855 0.103317 8.0192e-22)
(-0.000375951 0.133327 0)
(-0.17038 0.0021782 8.74408e-22)
(-0.185668 0.00138099 1.97117e-22)
(-0.131551 0.000716773 1.261e-21)
(-0.178106 -0.00155612 -1.91414e-21)
(-0.183752 -0.00332111 -2.01379e-21)
(-0.0963176 -0.000686808 -2.26911e-21)
(-0.13644 -0.000602634 9.84814e-22)
(0.00381302 0.168855 7.66839e-22)
(0.000864428 0.122818 -8.12003e-22)
(-0.000312751 0.181908 2.55928e-21)
(0.00248016 0.187942 -1.97768e-21)
(-0.000652052 0.105071 0)
(0.000628261 0.145955 0)
(-0.162263 -0.00625049 -1.45071e-21)
(-0.181825 -0.00877912 0)
(-0.180359 -0.0274053 1.76531e-21)
(-0.114265 -0.00652881 1.05929e-21)
(-0.17028 -0.035517 -1.96641e-21)
(-0.171154 -0.0328459 -3.24545e-21)
(-0.154731 -0.00740733 1.95861e-21)
(-0.161121 -0.0241943 1.79043e-21)
(-0.0954481 -0.000730656 -2.94385e-22)
(-0.122675 0.000427555 0)
(-0.000571295 0.168874 -4.27417e-22)
(-0.00393657 0.132695 0)
(0.00113359 0.180573 0)
(-0.000381225 0.186296 3.26982e-22)
(-6.54127e-05 0.099103 0)
(0.00167035 0.144387 0)
(-0.148563 -0.0653405 0)
(-0.161663 -0.0580386 -2.1617e-21)
(-0.162013 -0.0621514 2.9199e-21)
(-0.134407 -0.0871563 0)
(-0.0786445 -0.0163426 0)
(-0.127568 -0.0277474 -1.22211e-21)
(-0.146688 -0.0352268 -2.28638e-21)
(-0.134201 -0.0691472 2.80832e-21)
(-0.146145 -0.0820312 -1.4793e-22)
(-0.0647449 -0.0339415 -7.03441e-22)
(-0.0248713 -0.0119635 0)
(-0.0137942 -0.0257317 2.1484e-21)
(-0.136469 -0.0334228 7.37918e-22)
(-0.140755 -0.0566628 -1.83379e-21)
(-0.086808 -0.00147803 -1.29961e-21)
(-0.11818 -0.0266908 1.85713e-21)
(-0.117378 -0.0719276 8.61229e-22)
(-0.121011 -0.0882661 0)
(-0.104342 -0.102068 1.57276e-21)
(-0.0302053 0.234871 3.19097e-24)
(-0.128204 0.299478 -2.98934e-21)
(-0.141198 0.2238 3.13432e-21)
(0.118559 0.18675 -2.51992e-21)
(-0.015448 0.171949 1.44027e-21)
(-0.0177908 0.139175 -1.74392e-21)
(-0.0481459 0.207909 -8.93421e-22)
(-0.0168484 0.183938 -3.07492e-21)
(0.00077226 0.1768 -7.8775e-22)
(-0.00789494 0.181164 3.18216e-21)
(0.00109409 0.0941245 0)
(0.00223929 0.134328 2.89811e-22)
(-0.0626409 0.19977 4.23152e-21)
(-0.0997079 0.192643 -1.31935e-21)
(-0.107519 -0.119148 4.15216e-21)
(-0.128713 -0.104843 2.4784e-21)
(-0.125953 -0.106707 -3.33255e-21)
(-0.0773417 -0.0621163 5.3392e-22)
(-0.0964967 -0.120793 0)
(-0.102261 -0.0866783 2.48066e-22)
(-0.0382328 -0.062917 -3.0029e-21)
(-0.0847188 -0.141333 -5.8435e-21)
(-0.0226884 -0.0888591 0)
(-0.0698215 -0.142169 2.05127e-21)
(-0.0497001 -0.159884 0)
(-0.0788916 -0.0274558 3.18106e-21)
(-0.0957406 -0.0620454 0)
(-0.0602292 -0.10603 -4.67065e-21)
(-0.0861544 -0.0946139 1.13909e-21)
(-0.0172819 -0.00145214 1.35887e-21)
(-0.0507196 -0.00948899 -5.47204e-21)
(-0.105469 0.238431 -5.34549e-22)
(-0.127765 0.20261 0)
(0.00997141 0.194911 1.96851e-21)
(-0.135427 0.1091 -1.29744e-21)
(0.264747 0.0573693 9.57977e-22)
(-0.0273371 0.180244 2.01689e-21)
(-0.0485774 0.178461 -2.2714e-21)
(-0.00850181 0.150351 -1.66482e-21)
(-0.0187018 0.153299 2.87485e-21)
(0.000855259 0.0913693 1.34302e-21)
(-0.00632755 0.118254 -8.88796e-22)
(-0.15513 0.0189398 0)
(-0.108121 0.126072 -1.91578e-21)
(-0.13949 0.0884275 1.08995e-22)
(-0.146368 0.0485678 3.14563e-21)
(-0.053043 0.137961 -1.22836e-21)
(-0.0850104 0.113889 1.19671e-21)
(-0.0634101 -0.147593 2.24966e-22)
(-0.0629154 -0.162591 5.05551e-22)
(-0.0471755 -0.172972 0)
(-0.0377285 -0.127873 -2.84041e-22)
(-0.00865085 -0.129644 1.90402e-23)
(-0.0279935 -0.178663 -3.58784e-21)
(-0.0307188 -0.154787 1.83877e-21)
(-0.021204 -0.167539 -2.03165e-21)
(-0.0332076 -0.0926045 3.19133e-21)
(-0.0244246 -0.132069 -2.661e-21)
(-0.0126081 -0.0609831 0)
(-0.00220222 -0.0213964 0)
(-0.0530296 0.0573311 -4.54544e-22)
(-0.113839 0.0269367 1.63241e-21)
(0.105246 0.0607376 -6.68e-22)
(0.37544 0.0176543 1.67353e-21)
(-0.123018 0.0162646 0)
(-0.172582 0.0106477 0)
(-0.0163135 0.11915 -2.08481e-21)
(-0.0331323 0.11446 0)
(-0.163598 -0.00422687 0)
(-0.160853 0.00215923 0)
(-0.00694388 0.0859444 0)
(-0.00615592 0.097208 -9.49255e-22)
(-0.123091 0.00539112 0)
(-0.121483 0.0338203 -3.18303e-21)
(-0.0434854 0.0642327 0)
(-0.0821222 0.0683802 0)
(-0.0965803 0.0406597 2.69347e-21)
(-0.150181 -0.0106021 5.67791e-22)
(-0.0119628 -0.182394 2.51299e-21)
(-0.0113697 -0.167618 0)
(0.000252551 -0.135176 -4.01939e-23)
(-0.00728745 -0.159292 0)
(-0.00351159 -0.186136 0)
(-0.00453415 -0.102101 -3.52124e-21)
(-0.00281882 -0.132143 3.21295e-21)
(-0.0441257 0.0167196 0)
(0.124828 0.0123441 -1.38807e-21)
(0.375688 0.00255079 0)
(-0.182732 0.00432349 -4.68444e-22)
(-0.15312 0.00878666 1.1815e-23)
(-0.142648 0.00537149 -2.50514e-22)
(-0.172593 0.00599822 1.30656e-22)
(-0.00425776 0.0314642 5.48588e-21)
(-0.032076 0.0259314 -1.03255e-21)
(-0.0693664 0.012329 -2.11791e-21)
(-0.0823751 -0.0142282 0)
(-0.0825943 -0.00359446 0)
(0.000298178 0.00911768 1.72035e-21)
(-2.29133e-05 0.0229907 -6.5031e-21)
(-0.0634982 -0.00552299 0)
(0.00202327 -0.175052 -5.4429e-22)
(0.000380858 -0.134966 3.98485e-23)
(-0.00164375 -0.179633 -4.63203e-21)
(0.00125195 -0.187523 4.30828e-21)
(-0.00146795 -0.0997897 0)
(0.000229442 -0.143154 -5.3596e-22)
(0.0990926 -0.00268345 0)
(0.363312 -0.00154231 0)
(-0.166798 -0.00193056 4.27494e-22)
(-0.0927945 -0.00224104 -3.64904e-22)
(-0.148394 0.000225629 3.31489e-22)
(-0.182007 0.00674319 -5.56594e-22)
(-0.0244859 -0.000849023 0)
(0.131224 -0.186402 -5.76534e-21)
(-0.150136 -0.226962 9.8275e-21)
(-0.00061928 -0.173004 1.67242e-22)
(-0.0034286 -0.137474 0)
(0.000954997 -0.17922 3.94843e-21)
(-0.000664181 -0.186344 -2.8781e-21)
(0.000625346 -0.097035 0)
(0.00241494 -0.148323 -1.02843e-21)
(0.0909817 -0.000121614 -3.84593e-23)
(0.357841 -0.00326452 -2.0955e-21)
(-0.189021 -0.00314947 -2.14092e-21)
(-0.101894 -0.00017791 -6.25799e-22)
(-0.15164 0.00168137 5.32875e-22)
(-0.189759 -0.00175636 0)
(0.267642 -0.0533256 -6.96174e-21)
(0.026378 -0.16661 -6.40574e-21)
(-0.0150104 -0.173318 0)
(-0.0192393 -0.143806 0)
(0.131367 -0.00836382 -3.06327e-21)
(0.383164 -0.0157358 2.61088e-21)
(0.128938 -0.0594238 1.15832e-20)
(-0.0540535 -0.21281 0)
(-0.112194 -0.219811 9.1946e-21)
(-0.0350484 -0.250749 1.60225e-21)
(-0.147575 -0.306097 -2.59642e-21)
(-0.06654 -0.195537 -1.80327e-23)
(-0.0153805 -0.183525 -3.8379e-21)
(0.000210815 -0.178016 1.65009e-21)
(-0.00636359 -0.180816 6.07317e-21)
(0.00117437 -0.106714 -3.64512e-21)
(0.000157346 -0.145253 2.36684e-21)
(-0.0479152 -0.013828 2.45578e-21)
(-0.169378 0.00266202 3.73796e-21)
(-0.164809 -0.00565767 -3.37347e-21)
(-0.143884 7.09722e-05 2.48791e-22)
(-0.174275 -0.000250882 0)
(-0.0616512 -0.0658553 -3.84541e-21)
(-0.147683 -0.173658 -2.63116e-21)
(-0.0446728 -0.175865 -6.38868e-21)
(-0.0270791 -0.177154 7.55009e-22)
(-0.126359 -0.015069 0)
(-0.114875 -0.0286259 -9.97056e-22)
(-0.130297 -0.17351 -6.74511e-21)
(-0.0889185 -0.178286 8.70803e-21)
(-0.0734739 -0.131089 6.39506e-21)
(-0.0510663 -0.140301 0)
(-0.00744725 -0.143666 0)
(-0.0175684 -0.147978 -2.51028e-21)
(-0.00140215 -0.0992765 0)
(-0.00755863 -0.121877 0)
(-0.186493 0.000122232 2.82188e-21)
(-0.177038 -0.00531152 -5.44353e-21)
(-0.136607 0.00214878 -2.61904e-22)
(-0.168411 -0.002955 -1.59655e-21)
(-0.155212 -0.0198209 5.16631e-21)
(-0.147628 -0.0742908 -4.46188e-21)
(-0.0183608 -0.117652 1.505e-21)
(-0.0341588 -0.116475 3.62303e-21)
(-0.173419 0.00442176 4.46161e-21)
(-0.155496 0.00194167 -1.78856e-22)
(-0.0429277 -0.0654252 -8.0097e-21)
(-0.0769078 -0.0786351 3.85608e-22)
(-0.109516 -0.0626822 1.41767e-21)
(-0.00735667 -0.0840879 0)
(-0.00803358 -0.0946654 -2.74651e-21)
(-0.137208 -0.00455778 -2.16307e-21)
(-0.157896 0.00805666 1.53813e-21)
(-0.0879517 0.0166486 1.42689e-21)
(-0.00658551 -0.0285027 0)
(-0.0340082 -0.0216171 3.56602e-21)
(-0.102336 0.0107549 1.60376e-22)
(-0.0931693 -0.00936181 0)
(0.00015489 -0.00962622 0)
(-0.00109515 -0.0231284 0)
(-0.0611989 0.00665157 -3.74767e-21)
(-0.0225736 0.00111853 2.94956e-21)
)
;

boundaryField
{
    movingWall
    {
        type            fixedValue;
        value           uniform (1 0 0);
    }
    fixedWalls
    {
        type            noSlip;
    }
    frontAndBack
    {
        type            empty;
    }
    defaultFaces
    {
        type            empty;
    }
}


// ************************************************************************* //
