/*--------------------------------*- C++ -*----------------------------------*\
  =========                 |
  \\      /  F ield         | OpenFOAM: The Open Source CFD Toolbox
   \\    /   O peration     | Website:  https://openfoam.org
    \\  /    A nd           | Version:  8
     \\/     M anipulation  |
\*---------------------------------------------------------------------------*/
FoamFile
{
    version     2.0;
    format      ascii;
    class       volScalarField;
    location    "16000";
    object      nut;
}
// * * * * * * * * * * * * * * * * * * * * * * * * * * * * * * * * * * * * * //

dimensions      [0 2 -1 0 0 0 0];

internalField   nonuniform List<scalar> 
4109
(
0.000666256
0.000661143
0.000658994
0.000666494
0.000669128
0.000677724
0.000672309
0.000677834
0.000675094
0.000656953
0.000666836
0.000678393
0.00066775
0.000671225
0.000676896
0.000677628
0.000666099
0.00067377
0.00067917
0.00067574
0.000660308
0.000678074
0.000675373
0.000678083
0.000673687
0.000668148
0.000656648
0.000672777
0.000677476
0.000681392
0.000677358
0.00067659
0.000669874
0.000671165
0.00067748
0.000682464
0.000673898
0.000667083
0.000667092
0.000669716
0.000667236
0.000662686
0.00067409
0.000681481
0.000678126
0.00148304
0.000834402
0.000677923
0.000677392
0.000664012
0.00067318
0.000677457
0.000676978
0.000672719
0.000675359
0.00066061
0.000660609
0.000678151
0.000676611
0.000669908
0.000675933
0.00196292
0.000684656
0.000680092
0.000679294
0.000741784
0.00123239
0.000678716
0.00067353
0.000660745
0.000671611
0.000678935
0.000689437
0.000677356
0.000679782
0.000673456
0.000670828
0.00066769
0.000647677
0.000675095
0.00067932
0.000679842
0.000675674
0.000668512
0.000726727
0.000741477
0.00152876
0.00193121
0.00194659
0.000684498
0.000685493
0.000680569
0.000680244
0.00068043
0.000680323
0.000942905
0.000676796
0.000663063
0.00069215
0.000686003
0.000682332
0.000686539
0.000692451
0.000684845
0.000673051
0.000676312
0.000674465
0.000666981
0.000657623
0.000678674
0.000651985
0.000680807
0.00068068
0.000677074
0.000670761
0.00210016
0.000824408
0.000992878
0.00126644
0.00196967
0.00201117
0.000668883
0.000687798
0.000689215
0.000682885
0.000682043
0.000681575
0.000676994
0.00093718
0.000657096
0.000665116
0.000692982
0.000689521
0.000694141
0.000692902
0.000681226
0.000689443
0.000676515
0.000673601
0.000671088
0.000659656
0.000677542
0.000682076
0.000681496
0.000682112
0.000678205
0.000671111
0.00175773
0.0010241
0.00194702
0.00131181
0.00201078
0.000801712
0.000690524
0.000688852
0.000683249
0.000682933
0.000682979
0.000681023
0.000665571
0.000818551
0.000635771
0.000694228
0.000690487
0.000696296
0.000694303
0.000695497
0.000696317
0.000680837
0.000679238
0.00067706
0.00067123
0.000655706
0.000680032
0.000674259
0.000683535
0.000683208
0.000678961
0.000673496
0.0011895
0.00227657
0.00121377
0.00194053
0.00199597
0.00075066
0.000685814
0.000686142
0.000684843
0.00068279
0.000684422
0.000668604
0.00086014
0.000634038
0.000688896
0.000689207
0.000697156
0.000692025
0.000697555
0.000700321
0.000691743
0.000685023
0.000679222
0.00067681
0.00067338
0.00066249
0.000682532
0.000676086
0.000684285
0.000684251
0.000681517
0.000673604
0.00116432
0.00214258
0.00198161
0.00117129
0.00202795
0.000748279
0.000685986
0.00068805
0.000685624
0.000671571
0.000858388
0.000647799
0.000689095
0.000691109
0.000692439
0.000692303
0.000695298
0.000700714
0.000698417
0.000702046
0.00068664
0.000682464
0.000679902
0.000674913
0.000659732
0.000685262
0.000672514
0.000685586
0.000685889
0.000682373
0.000683524
0.000676447
0.00109781
0.00216674
0.00120796
0.001968
0.00201426
0.000727585
0.000688585
0.000688749
0.000679213
0.000857258
0.000655255
0.000692144
0.00069162
0.000694055
0.000695813
0.000695599
0.000695854
0.000701318
0.00070361
0.000696693
0.000693042
0.000682302
0.000678389
0.000666235
0.000683504
0.000688391
0.000674496
0.000687144
0.000685072
0.00067634
0.000685539
0.0021834
0.00104743
0.00198896
0.00118719
0.00203991
0.000725497
0.000782843
0.000674348
0.000680934
0.000851161
0.000657077
0.000692621
0.000690042
0.000694584
0.000698565
0.000699208
0.00069712
0.000698764
0.000704659
0.000703081
0.000707616
0.000698337
0.000692275
0.000662487
0.000680376
0.000675023
0.000684955
0.000685328
0.000692616
0.000673954
0.000690215
0.00067952
0.000687188
0.00101651
0.00217069
0.00196059
0.00114786
0.00201499
0.000712756
0.000754227
0.000791965
0.000796536
0.000776138
0.000781047
0.000789428
0.000933764
0.000657991
0.000630108
0.000676563
0.000661393
0.000688517
0.000694437
0.000701276
0.000696714
0.000699048
0.000710218
0.000699522
0.000705478
0.000710252
0.000707384
0.000699009
0.000706458
0.000701032
0.000673305
0.0006774
0.000686291
0.000688451
0.000679284
0.000694701
0.000677221
0.000691019
0.000689166
0.000985892
0.0022334
0.00196208
0.000704634
0.000781649
0.000845627
0.000776562
0.000788894
0.000787184
0.000805403
0.000707786
0.000723057
0.000731182
0.000762507
0.000766352
0.000739405
0.000774973
0.000783626
0.00147095
0.000617695
0.000601106
0.000642126
0.000694909
0.000712885
0.00069793
0.000699944
0.000702225
0.000700739
0.000709239
0.000702444
0.000709218
0.000715881
0.00071441
0.000708488
0.000719718
0.000730565
0.000729091
0.000666374
0.000682993
0.000689835
0.000688673
0.000682667
0.000690362
0.000696156
0.000674261
0.000694434
0.000954457
0.00236971
0.000812917
0.000817778
0.000783554
0.000782797
0.000801207
0.000722358
0.000710015
0.000739573
0.00072885
0.00073474
0.000743961
0.000750938
0.00078008
0.000773021
0.000771031
0.00251418
0.00108342
0.000550391
0.000616966
0.000684841
0.000713753
0.000713381
0.000700474
0.000704157
0.000700361
0.000702779
0.00070872
0.000703469
0.000718359
0.000718383
0.000723985
0.000723503
0.000728303
0.000726314
0.000678461
0.000685222
0.000693821
0.000693996
0.000691275
0.000682441
0.000692461
0.000696405
0.000699828
0.000700011
0.000676532
0.000982062
0.000792404
0.000845205
0.000813598
0.000783767
0.000789003
0.000800714
0.000729181
0.000719264
0.000725845
0.00073684
0.000740067
0.000740451
0.000729982
0.000732529
0.000734725
0.000755152
0.000775065
0.000770398
0.000767088
0.0024063
0.00188754
0.000629065
0.000630263
0.000682898
0.000713236
0.00071153
0.000699834
0.000703763
0.000705577
0.000704536
0.000706444
0.000716621
0.000717352
0.00072241
0.000722517
0.000722847
0.000726497
0.000672547
0.000695167
0.000691415
0.000696599
0.000697502
0.000685976
0.000685735
0.000693736
0.000697295
0.000689702
0.00150558
0.00177895
0.000703757
0.000651946
0.000816201
0.0008158
0.000834058
0.000843411
0.000818474
0.000779392
0.000787528
0.000804595
0.000732342
0.000729804
0.000734656
0.00074018
0.000749291
0.000738791
0.000754095
0.000735516
0.0007412
0.000764273
0.000759209
0.000770821
0.000774489
0.00278696
0.00217925
0.00237039
0.000591698
0.000604255
0.000676027
0.000707724
0.000710786
0.000703375
0.000708563
0.00070566
0.000706809
0.000712341
0.000715506
0.000717361
0.000720665
0.000723511
0.000728441
0.000729592
0.000686519
0.000689662
0.000704268
0.00069706
0.000696097
0.000696621
0.000699745
0.000705147
0.000689766
0.000692914
0.00065052
0.000609114
0.000833277
0.000811154
0.000822821
0.000772177
0.000753121
0.000853262
0.000810039
0.000783689
0.000786126
0.000799478
0.000735317
0.000733734
0.000732548
0.000762816
0.00074474
0.000749484
0.000739535
0.000741817
0.000760119
0.000755396
0.000767055
0.000773012
0.00072152
0.0028497
0.00248788
0.00250268
0.000636172
0.000600573
0.000674866
0.000708724
0.000711171
0.000707912
0.000700743
0.000709742
0.000713253
0.000715882
0.000718168
0.000720999
0.000724378
0.000726663
0.000730681
0.000732654
0.000677461
0.000699525
0.000701346
0.00070218
0.000701213
0.000703283
0.000702603
0.000701552
0.000690968
0.000698237
0.000698539
0.000682303
0.000833755
0.000762114
0.000775929
0.000825512
0.000768338
0.000858778
0.000806156
0.000785537
0.000791953
0.000800142
0.000808147
0.000738785
0.000736163
0.000736588
0.000732746
0.000742885
0.000752132
0.000748784
0.000759373
0.000764204
0.00077204
0.000772974
0.000699696
0.00290536
0.0025804
0.00264817
0.000610326
0.000589553
0.000668024
0.000714169
0.000709997
0.000712516
0.000707618
0.000714456
0.000718744
0.000723482
0.000719201
0.000724659
0.00072971
0.000729241
0.000734191
0.000737181
0.000690587
0.0006943
0.000709379
0.000707812
0.000704253
0.000705804
0.000709921
0.000693728
0.000695727
0.000699242
0.000655393
0.00082534
0.000807001
0.000754352
0.000745641
0.000768304
0.000808853
0.000760515
0.000818821
0.00084857
0.000783231
0.000794061
0.00079613
0.000809212
0.000741998
0.000737881
0.0007391
0.000738971
0.000738732
0.00074731
0.000747499
0.000745284
0.000756144
0.000765072
0.000775426
0.00077977
0.000797008
0.00293718
0.00277238
0.00267192
0.000639311
0.000581233
0.000682165
0.000715726
0.000712734
0.000705268
0.000715765
0.000719124
0.000722538
0.000720519
0.000726678
0.000731714
0.000734373
0.000735649
0.000738373
0.000685476
0.000706243
0.00070806
0.000694955
0.000708171
0.000706522
0.000708098
0.000704476
0.000699446
0.000700369
0.000650407
0.000845329
0.000821365
0.000823159
0.000792267
0.000736472
0.000737744
0.000751785
0.000773107
0.000801711
0.000773511
0.000735647
0.000829516
0.00083731
0.000849638
0.000782745
0.000796472
0.000798009
0.000798372
0.000743636
0.000740387
0.000737116
0.000738383
0.000747728
0.000753438
0.000746811
0.000783374
0.000761238
0.000761567
0.000773242
0.00072116
0.00298109
0.00287842
0.00282559
0.000682558
0.000613313
0.00059365
0.000721206
0.000712276
0.000722611
0.000718752
0.000725872
0.000726003
0.00072307
0.000732459
0.000734356
0.000735733
0.000700274
0.000704206
0.00071307
0.000697666
0.000700463
0.000712301
0.00070751
0.000709266
0.000715087
0.000700227
0.000645651
0.000694303
0.000705103
0.00082477
0.000810524
0.000811036
0.00078288
0.000733993
0.00075163
0.000771076
0.000765716
0.000792585
0.000723135
0.00072049
0.000719677
0.000711725
0.000703351
0.000833502
0.00081418
0.000830032
0.000815876
0.000786427
0.000785195
0.000787096
0.000784132
0.000745601
0.000741333
0.000743366
0.000755038
0.00075122
0.000749793
0.00074309
0.000772467
0.000772577
0.00076588
0.000769388
0.000862222
0.00308127
0.00301789
0.00266157
0.000600166
0.000588946
0.000716562
0.000668498
0.000733371
0.000721289
0.000731016
0.000734071
0.00073761
0.000699794
0.000716519
0.000699384
0.000702589
0.000708991
0.000713348
0.000710727
0.000712196
0.000647734
0.000700412
0.000704605
0.000705744
0.000704582
0.000810358
0.000803001
0.000801587
0.000773699
0.000731446
0.000758601
0.000788226
0.000758369
0.000739198
0.000722786
0.000722326
0.000714225
0.000711871
0.000701136
0.000712633
0.000819153
0.000851431
0.000813152
0.000820598
0.000772633
0.000775945
0.000779164
0.000764174
0.000744144
0.000743613
0.00075278
0.000747537
0.000753147
0.000748821
0.000747916
0.000773077
0.000774199
0.000764009
0.000600713
0.00301884
0.0030352
0.00271923
0.000584588
0.00057667
0.000739599
0.00104347
0.000729145
0.0007341
0.000737334
0.000726353
0.000701943
0.000705363
0.000719139
0.000713343
0.000717107
0.000710645
0.000668278
0.000709484
0.000715242
0.000722547
0.000798206
0.000800707
0.000795473
0.000791689
0.000765053
0.00076085
0.000779182
0.000751578
0.000743675
0.000753169
0.000736905
0.000726932
0.000734466
0.000729807
0.00072856
0.000729323
0.0007805
0.00080262
0.000785539
0.000810352
0.000764549
0.000763349
0.000772526
0.000767059
0.000786337
0.0007447
0.000759009
0.000754338
0.000753462
0.000751401
0.000747544
0.000761087
0.000763733
0.000762832
0.000652096
0.00316699
0.00311455
0.00308825
0.000521789
0.000730758
0.000623733
0.000737303
0.000739601
0.000704123
0.000706801
0.000713763
0.000716704
0.000718301
0.000715132
0.000681495
0.000709617
0.000731107
0.000706684
0.000796965
0.000794569
0.000788689
0.000778046
0.000756886
0.000774881
0.000746095
0.000767532
0.000764999
0.00075651
0.000736836
0.000740971
0.000751557
0.000743503
0.000747355
0.000811957
0.000786015
0.000803335
0.000757013
0.000755443
0.000762665
0.000778093
0.000778296
0.000754647
0.000751564
0.000747879
0.000756304
0.000753959
0.000752845
0.000541553
0.00315468
0.00451661
0.000982424
0.000747255
0.000624854
0.000742931
0.000710469
0.000723583
0.000717953
0.00072402
0.000714953
0.000687668
0.000709299
0.000711613
0.000785508
0.000782358
0.000777861
0.000770986
0.000751427
0.000740671
0.000736378
0.000731843
0.000728246
0.000711949
0.000714869
0.000724374
0.000717777
0.00072109
0.000778717
0.000794244
0.000788784
0.00075298
0.000759067
0.000774433
0.000752274
0.000774513
0.000752665
0.0007483
0.000751739
0.000750803
0.000752074
0.000756514
0.00543134
0.00515346
0.0014158
0.000765266
0.000573567
0.000718993
0.000721465
0.000716384
0.00072021
0.00069284
0.000715807
0.000728339
0.00078169
0.000783999
0.000769992
0.000762461
0.000745371
0.000741587
0.000736439
0.000733801
0.000716941
0.000721389
0.000729071
0.000722717
0.0007273
0.000768413
0.000776975
0.000780054
0.000761136
0.000763823
0.000753084
0.00076916
0.000747994
0.000747102
0.00074655
0.000749367
0.00112689
0.000979403
0.0062872
0.00682815
0.0023933
0.00122805
0.000722932
0.00072001
0.000727592
0.000725509
0.000632231
0.000724663
0.0007265
0.000766126
0.000767333
0.000764502
0.000760206
0.000752361
0.000751606
0.000743994
0.000733394
0.000730727
0.000744563
0.000738681
0.000737047
0.000768885
0.000764094
0.000769744
0.000759114
0.000750434
0.000753618
0.000760965
0.000871561
0.000966687
0.00155561
0.00833653
0.00824138
0.00135776
0.00103471
0.00190871
0.00072432
0.000722461
0.000726677
0.00073478
0.000564677
0.000728245
0.000724396
0.000769562
0.000767398
0.000759356
0.000754433
0.000749872
0.000746371
0.000731887
0.00073398
0.000742773
0.000739921
0.00073696
0.000766272
0.000765846
0.000757014
0.000754803
0.00075496
0.000758227
0.000576008
0.00075467
0.000793168
0.00245554
0.00119624
0.000836331
0.00188681
0.00179718
0.000728772
0.000725081
0.00074934
0.000536932
0.000730773
0.00072619
0.000755614
0.000757067
0.000754633
0.000749545
0.000747144
0.000729114
0.000736722
0.000742528
0.000741542
0.000736525
0.000765151
0.000762563
0.000749421
0.000763757
0.000750747
0.000752231
0.000473549
0.00048176
0.000625504
0.000612653
0.000562091
0.00184241
0.000996383
0.000638722
0.00161902
0.00166798
0.000729455
0.000736939
0.000767631
0.000732448
0.000731862
0.000731431
0.000756101
0.000749952
0.000748684
0.000743728
0.000737028
0.000732881
0.000743406
0.000739525
0.000737736
0.000760135
0.000748741
0.000759778
0.000747319
0.000747855
0.000374642
0.000387167
0.000487803
0.000432011
0.00163629
0.000407111
0.00191218
0.00153346
0.000776429
0.000447339
0.00133269
0.00152387
0.00072561
0.000745328
0.000731105
0.000733565
0.000735267
0.000750788
0.000749787
0.000749184
0.000745056
0.000737953
0.000737592
0.00074393
0.000740867
0.000739955
0.000755115
0.000745848
0.00074282
0.00138571
0.000288039
0.000294386
0.000346599
0.000258378
0.00141384
0.000280797
0.00197267
0.00159876
0.00122109
0.000550752
0.000267536
0.00103008
0.00136438
0.000739018
0.00072902
0.000735003
0.000731119
0.000739998
0.000742354
0.000745418
0.000743557
0.000736378
0.000737003
0.000743286
0.000740251
0.00074039
0.00140431
0.00115318
0.000214317
0.000204304
0.000207652
0.000103094
0.00116623
0.000184118
0.00202841
0.00164689
0.00128524
0.000922171
0.00033212
0.000108732
0.000727862
0.00118282
0.00166812
0.00114091
0.000939096
0.000150933
0.000119892
8.13977e-05
7.24912e-06
0.000908315
0.000109788
0.00223966
0.00169699
0.00132345
0.000980146
0.000643976
0.000138632
8.72199e-06
0.000443095
0.000977872
0.00198428
0.00134293
0.000922157
0.00073457
9.27024e-05
4.46534e-05
4.63549e-06
0.000653063
5.76883e-05
0.0012554
0.00194715
0.00136934
0.0010091
0.000691533
0.000393021
1.45476e-05
0.000197807
0.00276928
0.00155791
0.00105636
0.000727707
0.000534632
3.7678e-05
1.52106e-06
0.000408035
3.12264e-05
0.00113318
0.000963698
0.00160765
0.00105061
0.000712213
0.000426887
0.000178176
3.37923e-05
0.00417829
0.00216855
0.00120493
0.000813281
0.000540886
0.00034186
1.08538e-06
0.000186946
0.00141741
0.000947409
0.000716626
0.00124649
0.000746508
0.000440605
0.000196614
2.72917e-05
0.00427371
0.0036429
0.00163188
0.000910915
0.000603444
0.000358466
0.000162511
2.63206e-05
0.0018398
0.00121073
0.000772527
0.000507289
0.000886739
0.000465203
0.000204856
3.20993e-05
0.00532746
0.00350854
0.00304084
0.00117567
0.000658951
0.000410198
0.000182419
2.4296e-05
0.00217772
0.00146717
0.00100063
0.000604837
0.000331424
0.000550652
0.000218681
3.50834e-05
0.0046169
0.00437188
0.00272033
0.002397
0.000806639
0.000451694
0.00022779
3.48755e-05
0.00236271
0.00172913
0.00112092
0.000785354
0.000441659
0.000187984
0.000260359
3.95293e-05
0.00399229
0.00393998
0.00326561
0.00197045
0.00177541
0.000508071
0.000274872
6.33687e-05
0.00238551
0.00187165
0.00131697
0.000808133
0.000560845
0.00028544
7.84656e-05
5.33497e-05
0.0038181
0.00335525
0.00329901
0.00213861
0.00131187
0.00120543
0.000284635
9.6166e-05
0.00222806
0.00189037
0.00142248
0.000947958
0.000533815
0.000326994
0.000130728
1.52155e-05
0.00377056
0.00320372
0.00268479
0.00268313
0.00119623
0.000805215
0.000701838
0.000121563
0.00186881
0.00177235
0.00143747
0.001022
0.00062624
0.000301697
0.000124395
1.38437e-05
0.00392911
0.00316324
0.00256935
0.00202926
0.00210567
0.000549669
0.000455731
0.000266298
0.00142729
0.00149031
0.00135219
0.00103345
0.000674086
0.000354723
0.000117244
9.38814e-06
0.00437769
0.00327601
0.0025355
0.00195145
0.00141713
0.001497
0.000197799
0.000232861
0.00109242
0.00121613
0.00113907
0.000975075
0.000682227
0.000381308
0.000139625
9.39423e-06
0.00527729
0.00364289
0.00261068
0.00192479
0.00137188
0.000874633
0.000719219
5.08968e-05
0.00125136
0.000913508
0.00100257
0.000821976
0.000645286
0.000386359
0.000150523
1.31707e-05
0.00434433
0.00457057
0.00290394
0.00196912
0.00135214
0.000852222
0.000429088
0.000148408
0.00220861
0.000961918
0.000746219
0.000784767
0.000543505
0.000366315
0.000152846
1.51732e-05
0.0042427
0.00363908
0.00381546
0.00216987
0.00137381
0.00083854
0.000418661
0.000124554
0.00202462
0.00191164
0.000713168
0.000585213
0.000558058
0.000307638
0.000144953
1.56537e-05
0.00261965
0.0036867
0.00291053
0.00305436
0.00148394
0.000846692
0.000410301
0.000120066
0.00194522
0.00168947
0.00157262
0.000503684
0.000427459
0.000324366
0.000120221
1.42485e-05
0.0018969
0.00202233
0.00306076
0.00221321
0.00232121
0.000885425
0.000411132
0.000115726
0.00187618
0.00161782
0.00135863
0.00121489
0.000328705
0.000275834
0.000123398
1.00551e-05
0.00165663
0.00148237
0.00151844
0.00242989
0.00158029
0.00163534
0.000421804
0.000113366
0.00181148
0.00156263
0.00129528
0.00103901
0.000861628
0.000186338
0.000125344
9.38951e-06
0.00141868
0.00132873
0.00113605
0.00109746
0.00181021
0.00101877
0.000945995
0.000126472
0.00191324
0.00186852
0.00150144
0.00125163
0.000984466
0.000736107
0.000533208
7.71243e-05
1.25971e-05
0.00139195
0.00115816
0.00105001
0.000841198
0.00074681
0.00123756
0.000558151
0.000236951
0.00136999
0.00179332
0.00159698
0.0011907
0.000951566
0.000692432
0.000457072
0.00024994
1.39648e-05
0.00161549
0.00115771
0.000937456
0.00082049
0.000598858
0.000437629
0.000659525
0.000213908
0.000565704
0.00120784
0.00119356
0.0016577
0.00131045
0.000896184
0.000669348
0.000426037
0.000213229
4.94516e-05
0.00140789
0.000942321
0.000736581
0.000616211
0.000407374
0.000219529
0.000143657
0.000408088
0.000501368
0.00116312
0.00101651
0.000985522
0.00150874
0.00100965
0.000624266
0.000411436
0.000196406
3.72662e-05
0.00063043
0.000940792
0.00116916
0.000736938
0.000546007
0.000424892
0.000248699
8.27574e-05
0.000279891
0.000399567
0.0009948
0.00081944
0.000762977
0.00134484
0.000710747
0.000380238
0.000188116
3.21246e-05
0.000523454
0.000815827
0.00091455
0.000536569
0.000361792
0.000235153
8.95062e-05
0.000183364
0.00030876
0.000814219
0.000623499
0.000537579
0.00116066
0.000430448
0.00017168
2.93618e-05
0.000418995
0.000677265
0.000659838
0.000343231
0.000183983
6.41726e-05
0.000109717
0.000231056
0.00062762
0.000434794
0.000321839
0.000953814
0.000189846
2.53487e-05
0.000317752
0.000528747
0.000413381
0.00016343
3.58533e-05
5.94082e-05
0.000163903
0.000441719
0.000258548
0.000132433
3.08808e-05
0.000220568
0.000376402
0.000190169
2.46936e-05
3.22321e-05
0.00010157
0.000263607
0.000103703
1.30155e-05
0.000130301
0.000226749
2.73563e-05
4.18974e-05
0.000105302
7.69223e-06
4.9613e-05
9.05127e-05
1.35891e-06
7.52813e-06
1.96839e-06
5.8565e-06
0.000739588
0.000739075
0.000740653
0.000740889
0.000741773
0.000740944
0.000741172
0.000742206
0.000740032
0.000738885
0.000740176
0.000740617
0.000741479
0.000741392
0.000742108
0.000744857
0.000758709
0.000763664
0.000768589
0.000778111
0.000782265
0.000744007
0.000747462
0.000741884
0.000743737
0.000742496
0.00074069
0.000742165
0.000743589
0.000741022
0.000794618
0.000798722
0.000740016
0.000740079
0.000740969
0.00074117
0.000742295
0.00074208
0.000745554
0.000748092
0.000751266
0.000753311
0.00075681
0.000764269
0.00077002
0.000777232
0.00078914
0.000794232
0.000819077
0.000820807
0.000750108
0.000753176
0.000755793
0.000759532
0.000764074
0.000771429
0.000780763
0.000743744
0.000747902
0.000741667
0.000742632
0.000742631
0.000740879
0.000743438
0.000744629
0.000742379
0.000778152
0.000786061
0.000840088
0.000848779
0.000808778
0.000808914
0.000833214
0.000739885
0.000740617
0.000741244
0.000742456
0.000743896
0.000745482
0.000749483
0.000751036
0.000758005
0.000759948
0.000764684
0.000771232
0.000785336
0.00079673
0.000804464
0.000814385
0.00083082
0.000834821
0.000859842
0.000869209
0.000905638
0.000899182
0.000921988
0.000747039
0.000751969
0.000753492
0.000758223
0.00076381
0.000743759
0.000746852
0.000741631
0.00074195
0.000743581
0.000741547
0.000744497
0.000744468
0.000744747
0.000763734
0.000779942
0.000780854
0.000803479
0.000811563
0.000905193
0.000853022
0.000891745
0.00083548
0.000850255
0.000742843
0.000743125
0.000745375
0.000746148
0.000750081
0.000750646
0.00075744
0.000756094
0.000766201
0.000762327
0.000776109
0.000779504
0.000816106
0.000811947
0.000827746
0.000849175
0.000853866
0.000865654
0.000885708
0.000897165
0.000950593
0.000951709
0.000999097
0.00101808
0.000981589
0.00102421
0.00103088
0.00122677
0.000746523
0.000751762
0.000753083
0.000756989
0.00074594
0.000745379
0.000743833
0.000746526
0.000742154
0.00074197
0.000744434
0.000743745
0.000742
0.000746275
0.000745148
0.000760926
0.000772107
0.000780769
0.0015233
0.00134598
0.00149667
0.000800718
0.000803289
0.0008308
0.000844533
0.000905943
0.000918206
0.00106666
0.000971409
0.000861059
0.000909299
0.000750661
0.00074826
0.000754511
0.00075084
0.00075963
0.000754633
0.000764915
0.000761062
0.000765331
0.000771047
0.000781185
0.000783708
0.000794108
0.000819205
0.00084948
0.000824578
0.000851806
0.000972181
0.000969915
0.000963861
0.00103005
0.00202969
0.002096
0.001755
0.001179
0.00117951
0.00129795
0.00124816
0.00125076
0.00137743
0.00138845
0.00187007
0.0015658
0.00355229
0.00332334
0.00339982
0.00210687
0.00299667
0.00280599
0.00246339
0.00212368
0.000746577
0.000750826
0.000750465
0.000755438
0.000744147
0.000743568
0.00074395
0.000745657
0.000742594
0.000742563
0.000742171
0.000746427
0.00074544
0.000744281
0.000743668
0.000760289
0.000774179
0.000803317
0.000781911
0.000798381
0.00366327
0.00367491
0.00284315
0.00272416
0.00214515
0.00111758
0.00136799
0.00156107
0.00192375
0.000837621
0.000839231
0.000848053
0.000847598
0.000891224
0.000903417
0.000986938
0.000977624
0.00105813
0.0036332
0.00342526
0.00126162
0.00328266
0.00288498
0.00263668
0.00148421
0.00179075
0.0018923
0.00263111
0.000779839
0.000766943
0.000783209
0.000769654
0.000786084
0.00077498
0.000790015
0.000790133
0.000798794
0.000796393
0.000811102
0.000811388
0.000851389
0.00087581
0.000930193
0.000903009
0.00112266
0.00133498
0.00110337
0.00173939
0.00142769
0.00132857
0.00163027
0.00146236
0.00143871
0.00252841
0.00305366
0.00350343
0.00304534
0.00267823
0.00227943
0.0018085
0.00167442
0.00184305
0.00201162
0.00259809
0.00190413
0.00204005
0.00348472
0.00355012
0.00361268
0.00369947
0.00356997
0.0034034
0.00329253
0.00330261
0.00138588
0.00136689
0.00284759
0.00297162
0.00153385
0.00160465
0.00191213
0.00254642
0.00207323
0.00240975
0.000746573
0.00074974
0.000749111
0.000758468
0.000743209
0.000742992
0.000742975
0.000743889
0.000745189
0.000746443
0.000745197
0.000744522
0.000743516
0.000743389
0.000743107
0.000758537
0.000774497
0.000775642
0.000795336
0.00079925
0.00082634
0.000794282
0.0034973
0.00374811
0.00338345
0.00371057
0.00365117
0.00274292
0.00332366
0.0026264
0.00214972
0.000837583
0.00192047
0.00117601
0.00174359
0.00137038
0.000884271
0.000874872
0.000901205
0.000889229
0.000923316
0.000910151
0.00103563
0.00101909
0.00117431
0.00369739
0.00339351
0.00375769
0.00113374
0.00120563
0.000952374
0.00323911
0.00280129
0.00265936
0.00180215
0.00114212
0.0015786
0.000621427
0.000829459
0.00386288
0.00129154
0.000686292
0.000845452
0.000779054
0.000878386
0.000864403
0.000903705
0.0009407
0.000879608
0.000870379
0.000944471
0.000951011
0.00115069
0.00122246
0.00165717
0.001325
0.00174561
0.001359
0.00132089
0.00176845
0.00148423
0.00160843
0.00186909
0.00223686
0.00184471
0.00156237
0.00203115
0.0018103
0.00215305
0.00203321
0.00274169
0.00314777
0.0035405
0.00335282
0.00294901
0.00246942
0.0024785
0.00227134
0.00280544
0.00231873
0.00251945
0.00360702
0.00349853
0.00368501
0.00355561
0.00362695
0.00333155
0.0033905
0.00287816
0.00312549
0.00303482
0.00146093
0.00162582
0.00247862
0.00263927
0.00227153
0.00215559
0.00196173
0.000757547
0.000746429
0.000748848
0.000748628
0.000743112
0.000743739
0.000744833
0.000759365
0.000745966
0.000744884
0.000744501
0.000743738
0.000743854
0.000743355
0.000743827
0.000743909
0.00074684
0.000745109
0.000744487
0.000748486
0.000748047
0.000750369
0.0007726
0.00077382
0.000776589
0.000785946
0.000841035
0.000812514
0.000808861
0.00079762
0.00381287
0.00380605
0.00353969
0.00244518
0.00335139
0.00284338
0.000869546
0.000903826
0.000932025
0.00241436
0.00142047
0.00226894
0.00154763
0.00094469
0.00092612
0.00100686
0.000989728
0.0011595
0.00117411
0.00134196
0.00376711
0.0037818
0.00357379
0.00387848
0.00392582
0.00339531
0.000839957
0.000904497
0.000674463
0.00293978
0.00271257
0.00207878
0.00150878
0.000864513
0.00908833
0.00821581
0.00217144
0.000903922
0.00742696
0.0052821
0.00139174
0.000908691
0.00114822
0.000911765
0.00107632
0.000993606
0.001128
0.00126841
0.00124463
0.00176664
0.00180714
0.00150526
0.00223782
0.00173171
0.00194995
0.00250716
0.00247212
0.00270185
0.00222167
0.00239236
0.00258342
0.00287068
0.00222872
0.00242747
0.00264749
0.00234691
0.00273323
0.00243583
0.00348761
0.00319304
0.00339253
0.00330575
0.00307392
0.0030536
0.00318696
0.00305974
0.00297706
0.00365249
0.00349409
0.00341738
0.00352622
0.00349056
0.00302791
0.003281
0.00257289
0.00277313
0.00215359
0.00228738
0.000756057
0.000753081
0.000749738
0.000756938
0.000744113
0.000746011
0.00074756
0.000755087
0.000761038
0.000745234
0.00074422
0.000744297
0.000743614
0.000743999
0.000743628
0.000744638
0.000744797
0.000748055
0.00074203
0.000747125
0.00074847
0.00075102
0.000752569
0.000770399
0.000774851
0.000785724
0.000794155
0.000861938
0.000842917
0.00084244
0.000813143
0.00317654
0.00330775
0.00384333
0.000924313
0.000946788
0.000939019
0.00104735
0.000984092
0.00233443
0.00297731
0.00164893
0.00209651
0.00138293
0.00128779
0.00170603
0.00167594
0.00149888
0.00370216
0.00391665
0.00394108
0.00374254
0.00374673
0.00351694
0.0030302
0.00276387
0.000615995
0.000704393
0.00239335
0.00188316
0.00145908
0.000787924
0.00915323
0.0103062
0.00382687
0.00830505
0.010175
0.00984342
0.00550986
0.00340448
0.00942716
0.00895597
0.00456718
0.00252712
0.00352401
0.00204358
0.00293893
0.00185597
0.00251778
0.00252366
0.00203755
0.00300056
0.00263552
0.00261685
0.00252035
0.00265102
0.00315497
0.00306934
0.00311571
0.00334499
0.00306545
0.00279496
0.00323994
0.00342007
0.00288887
0.00317153
0.00338466
0.00308269
0.00338514
0.0036105
0.003458
0.00359882
0.00346803
0.00357025
0.00344425
0.00345042
0.00347538
0.00355052
0.00354191
0.00315437
0.00337491
0.00269561
0.00284742
0.00216572
0.00232805
0.000759238
0.00075684
0.000756165
0.000753957
0.000749332
0.000750124
0.000753872
0.000759926
0.000764761
0.000746979
0.000741818
0.000746828
0.000742309
0.000748227
0.000744797
0.000750456
0.000746287
0.000747634
0.000749189
0.000750655
0.000752757
0.000754043
0.000775563
0.000777549
0.00078567
0.000816841
0.000801373
0.000780722
0.000912063
0.000872522
0.000876108
0.000845797
0.000952137
0.00382948
0.00337796
0.0009769
0.000937329
0.00119393
0.00115932
0.00177517
0.00218049
0.00223553
0.00211214
0.00305101
0.00257673
0.00227258
0.00251322
0.00235045
0.00394794
0.00414233
0.00377666
0.00396576
0.00323703
0.00293343
0.00237426
0.00219109
0.00188978
0.00179597
0.000609173
0.00134885
0.00767556
0.00987862
0.00229572
0.00576101
0.00966998
0.0106804
0.00857526
0.00738784
0.01071
0.0102592
0.00694949
0.00582203
0.00571911
0.00380066
0.00439554
0.00351526
0.003164
0.00331405
0.00416063
0.00345041
0.00393268
0.00334476
0.00360702
0.00363589
0.00388124
0.00378621
0.00375752
0.00362543
0.00356739
0.00335287
0.00366503
0.00381415
0.00345258
0.0036168
0.0037264
0.0035941
0.00370638
0.00358709
0.00354847
0.00355153
0.00364197
0.00363169
0.00361897
0.00326295
0.00342259
0.00276583
0.00293824
0.00222347
0.00239957
0.0007884
0.000665854
0.000759282
0.000760242
0.000759201
0.000757619
0.000756804
0.000754806
0.000755974
0.000758362
0.000763608
0.000763913
0.00078038
0.000747284
0.00074668
0.000748049
0.000748546
0.000751146
0.000749147
0.000750007
0.00075179
0.000753115
0.000754001
0.000755744
0.000775833
0.000799664
0.000803096
0.00084887
0.000792961
0.000800087
0.000949691
0.000896959
0.000905122
0.00085139
0.00101098
0.00115571
0.000902044
0.00389745
0.00373828
0.00192163
0.00161174
0.00243018
0.00319379
0.00318605
0.00282784
0.00299591
0.00342728
0.00363568
0.0030545
0.00384575
0.0044677
0.00305133
0.00354343
0.00254862
0.00224975
0.00181578
0.00166871
0.000597734
0.000907262
0.0059751
0.00920829
0.00156177
0.00343598
0.00873007
0.0103383
0.00975918
0.00878867
0.00961959
0.0102194
0.00720599
0.00850397
0.00785541
0.00651268
0.00567727
0.00561706
0.00492366
0.00393698
0.00409486
0.0050967
0.00443007
0.00397696
0.00418653
0.00376589
0.00383979
0.00411604
0.00397333
0.00382385
0.00390799
0.00364262
0.0036729
0.00378691
0.00360487
0.00375721
0.00362096
0.00367962
0.00352088
0.0035696
0.00352808
0.00344901
0.00330547
0.0035012
0.00342394
0.00287506
0.00304815
0.00229655
0.0025064
0.000760899
0.000779642
0.000807299
0.000700629
0.000758863
0.000756995
0.000757587
0.000758819
0.000758646
0.00075848
0.000757318
0.000758372
0.000755019
0.000757555
0.000772563
0.000764351
0.000758897
0.000760957
0.000750695
0.000751922
0.000752921
0.000753147
0.000753999
0.000755654
0.000756859
0.000757971
0.000758122
0.000779551
0.000794269
0.000812791
0.000838868
0.000849307
0.000822053
0.000945718
0.00103392
0.00088801
0.000954363
0.00109984
0.00130062
0.00128621
0.00144848
0.00180932
0.00377247
0.00404711
0.00481966
0.0029626
0.00409922
0.00377111
0.00400258
0.00430254
0.00425326
0.0046659
0.00351581
0.00399345
0.00285443
0.00241668
0.00197017
0.00171091
0.000658649
0.000720707
0.00447822
0.00770173
0.0011421
0.00231205
0.0072061
0.00889888
0.00990139
0.00941024
0.00848253
0.00940293
0.00774611
0.00822359
0.00928278
0.00869494
0.0057009
0.00729358
0.00672468
0.00648551
0.00596855
0.0044502
0.00476862
0.00534311
0.00509953
0.00431848
0.00447812
0.00422688
0.00352797
0.00369958
0.00373087
0.00386921
0.00397287
0.00312536
0.0030374
0.00333883
0.00355114
0.00355325
0.00316167
0.00328571
0.00333891
0.00332519
0.00309947
0.00318276
0.00294047
0.00312365
0.0030819
0.00237861
0.00257562
0.000745216
0.000756113
0.000764883
0.000787634
0.000809498
0.000721341
0.000756971
0.000755319
0.000756723
0.000757826
0.000760087
0.000759753
0.00076102
0.00075839
0.00074988
0.00075363
0.000753328
0.000756414
0.000746195
0.000747149
0.000743664
0.000743828
0.000783083
0.000764651
0.000757829
0.000762911
0.000756993
0.00076218
0.000761766
0.000759754
0.000759948
0.000759781
0.000766041
0.00076436
0.000767314
0.000797283
0.000824424
0.000805375
0.000842886
0.000879738
0.000874537
0.000906971
0.00102676
0.00109911
0.00095976
0.00102342
0.0012239
0.00138753
0.00271601
0.00309582
0.00222437
0.00346656
0.00398642
0.00438158
0.00392314
0.00470399
0.00485127
0.00564686
0.00511711
0.0045312
0.00534059
0.00340478
0.00280582
0.00232871
0.00197114
0.000727655
0.000704975
0.00337537
0.0054959
0.00093853
0.00182683
0.00554389
0.00801476
0.00915798
0.00937117
0.00762935
0.00854384
0.00803536
0.00862107
0.00913567
0.00889789
0.00576364
0.00621951
0.00796412
0.00671159
0.00747358
0.00707697
0.00550447
0.00481858
0.00496352
0.00443326
0.00478538
0.00398781
0.00440193
0.00304034
0.00341157
0.00346662
0.00373913
0.00273728
0.00232272
0.00238596
0.00232632
0.00268464
0.00301886
0.00303187
0.0025684
0.00265066
0.00264618
0.00255644
0.00231859
0.00271578
0.000753097
0.000737656
0.000745578
0.000748915
0.000760316
0.000772305
0.000791289
0.000815478
0.000735655
0.00073783
0.000733929
0.000737086
0.00073364
0.000735649
0.000742137
0.000740935
0.000741272
0.000740169
0.000741514
0.000739682
0.000742308
0.00073951
0.000735663
0.000736576
0.000739101
0.00073746
0.000741007
0.000738418
0.0007391
0.000756258
0.000754542
0.000756583
0.000757624
0.000762017
0.000764016
0.000758674
0.00074902
0.000753138
0.000753082
0.000755968
0.000745693
0.000748173
0.000743079
0.000744613
0.000767717
0.000769223
0.000777464
0.000768149
0.000769226
0.000770926
0.000770204
0.000768925
0.00077199
0.000775462
0.000773902
0.000775995
0.000771834
0.000783877
0.000810594
0.000792121
0.000854332
0.00082764
0.000876851
0.000929608
0.000921073
0.000973887
0.00115811
0.00128394
0.00104976
0.00118332
0.00170007
0.00266482
0.00551249
0.00509034
0.00484128
0.00450552
0.00500291
0.00534125
0.00572354
0.00361487
0.00435636
0.00550725
0.00439612
0.00540196
0.0029896
0.00243334
0.000825375
0.000703244
0.0046236
0.0025943
0.00350295
0.000844712
0.00146187
0.00611755
0.00714429
0.00822691
0.00868499
0.00662325
0.00740593
0.00618803
0.00859567
0.00839506
0.00870173
0.00593584
0.00660791
0.00818675
0.00767099
0.00695349
0.00746075
0.00563966
0.00512501
0.00463782
0.00506681
0.00398283
0.00440995
0.00290568
0.00371417
0.00329848
0.00290718
0.00220968
0.00250883
0.00186938
0.00178984
0.00214451
0.00212211
0.00172087
0.00167521
0.00162711
0.000806163
0.000796397
0.000821189
0.000740595
0.000749455
0.000755901
0.000767553
0.000780936
0.000738971
0.000742884
0.000736716
0.000738837
0.000734005
0.000737874
0.000740787
0.000741768
0.000738094
0.000740272
0.00073528
0.000739189
0.000731721
0.000737998
0.000732218
0.000736332
0.000731048
0.000735981
0.000735918
0.000756695
0.000755258
0.000757729
0.000759719
0.000761673
0.000749217
0.000753263
0.000753576
0.000754908
0.000745956
0.000748964
0.000744101
0.00074575
0.000762867
0.000771975
0.000767568
0.00078557
0.000781709
0.000783227
0.000786858
0.000784283
0.000789739
0.000793642
0.000783924
0.000786285
0.000781858
0.000825259
0.000805338
0.000806506
0.000885092
0.000850258
0.000926031
0.00100235
0.00098847
0.00109438
0.00110478
0.00208154
0.00118933
0.00137281
0.00344335
0.00480458
0.00586459
0.00581825
0.00644338
0.00638699
0.00709328
0.00659094
0.00579107
0.00561176
0.00506881
0.00315416
0.00413502
0.000879469
0.000874183
0.000842691
0.00327898
0.00447946
0.0019269
0.00298136
0.00120693
0.00495708
0.00558135
0.00749397
0.00815929
0.00491505
0.00696907
0.00543403
0.00605783
0.00645734
0.00598126
0.00808757
0.00798352
0.00612281
0.0066882
0.00780308
0.00755673
0.00689904
0.00729092
0.00594523
0.00541532
0.00470982
0.00522347
0.00406133
0.00460182
0.00337729
0.0039379
0.00276942
0.00333407
0.00197307
0.00252121
0.00137656
0.00155999
0.00140036
0.000749949
0.000810318
0.000848986
0.000775707
0.000792355
0.000746612
0.000757175
0.000765088
0.000745156
0.000748842
0.000743631
0.000743825
0.000741232
0.000742652
0.000742747
0.000743626
0.000742604
0.000742433
0.000742331
0.000742238
0.000741799
0.000742719
0.000740954
0.000742024
0.000743066
0.000757931
0.000758002
0.000761113
0.000761906
0.000750049
0.000754221
0.000755081
0.000757298
0.000747491
0.000750644
0.000745324
0.000748839
0.000770772
0.000770768
0.000787414
0.000779221
0.000811581
0.000802833
0.000816662
0.00081193
0.000799292
0.000805719
0.000817653
0.000811229
0.000795655
0.000820732
0.000802802
0.000804364
0.00086593
0.000861561
0.000946247
0.000931105
0.00105296
0.00106727
0.00123197
0.00118035
0.00161133
0.00261735
0.00139302
0.00177916
0.00513332
0.00633747
0.00745229
0.00625397
0.00583675
0.00700052
0.00698983
0.00641173
0.00519231
0.0048477
0.00154731
0.000860216
0.000903094
0.000843957
0.00108934
0.00111107
0.00380848
0.00256392
0.00286608
0.00453113
0.00400699
0.00748308
0.0070273
0.0044907
0.00502323
0.00654994
0.0061659
0.00511371
0.0054883
0.0053791
0.00576775
0.00753224
0.00732125
0.00629098
0.0066887
0.00730825
0.00720171
0.00689404
0.00513351
0.00600683
0.00551808
0.00454491
0.00513226
0.00370206
0.00434939
0.00281047
0.00334916
0.00179383
0.00231929
0.000793348
0.000805091
0.000755159
0.000766644
0.000778849
0.000747062
0.000759058
0.000745955
0.00075028
0.000744579
0.00074511
0.000743017
0.000746863
0.000741833
0.000745343
0.000741994
0.000745132
0.00074225
0.000745017
0.000744712
0.000765996
0.000760091
0.000763573
0.000767661
0.000754233
0.000756148
0.00076068
0.000758
0.000752039
0.000754446
0.000750719
0.000752756
0.000788744
0.000784726
0.000785749
0.000804098
0.000791943
0.000837715
0.000835832
0.000831597
0.000846385
0.000871418
0.000859562
0.000863857
0.000845888
0.000845506
0.000827886
0.000815528
0.000858222
0.000845223
0.000875904
0.00095449
0.000937854
0.00125837
0.00122104
0.00107805
0.00113053
0.00161283
0.001526
0.0038065
0.00507724
0.00368433
0.00646634
0.00725253
0.00715428
0.00691651
0.00640926
0.00607633
0.00514045
2.50938e-05
0.00265427
0.000817033
0.00149449
0.00206987
0.000858776
0.000879659
0.000953812
0.000953049
0.00110243
0.00112539
0.00367405
0.00346489
0.00436209
0.00406195
0.00685723
0.00647487
0.00443738
0.00472476
0.0059863
0.005644
0.00464807
0.005019
0.00513561
0.00698119
0.00667473
0.0062431
0.00666301
0.0067388
0.00660987
0.00555437
0.00599681
0.00457477
0.00519056
0.00344736
0.00396264
0.0023213
0.00282979
0.000798403
0.000763882
0.00078123
0.000790019
0.000787034
0.000755293
0.000765511
0.000749777
0.000758114
0.000749989
0.000753186
0.000748424
0.000750828
0.00074944
0.000748721
0.000749293
0.000749035
0.00074895
0.000755367
0.0007676
0.000764111
0.00078156
0.00076324
0.000759979
0.000759222
0.000783266
0.000761661
0.000760641
0.000762023
0.000789408
0.00078714
0.000799048
0.000812395
0.000812024
0.000837882
0.000830964
0.000876597
0.000884116
0.000895266
0.000894008
0.000959017
0.000927657
0.000928239
0.000883441
0.000878767
0.00091421
0.000906715
0.000952755
0.000956781
0.00112347
0.00106507
0.00155831
0.00138
0.00145406
0.00138963
0.00653449
0.00401029
0.00647891
0.00603526
0.00605325
0.00647375
0.00584983
0.00602431
0.00324702
0.00249919
0.00314189
0.00085898
0.000825491
0.00145398
0.00184328
0.000917832
0.000920411
0.00104037
0.00106354
0.00119598
0.00402935
0.00383564
0.00419454
0.00404278
0.00611804
0.00573215
0.00409198
0.00433942
0.00425241
0.00469449
0.00505076
0.00626409
0.00594637
0.00601069
0.00608175
0.00623113
0.00512838
0.00559103
0.00388176
0.00436976
0.00271328
0.00315977
0.000810542
0.000833407
0.000773401
0.000778435
0.000796486
0.000815712
0.000764175
0.000770545
0.000757261
0.000764579
0.000753649
0.000760543
0.0007587
0.000756307
0.000757679
0.000760492
0.000759702
0.00079572
0.000767068
0.000767307
0.000769439
0.000769882
0.000786604
0.000766731
0.000793944
0.000787923
0.000772322
0.000768052
0.000819147
0.000814254
0.000843036
0.000829314
0.000868599
0.000857254
0.000915239
0.000902811
0.000952403
0.000989891
0.00109487
0.00101874
0.00101335
0.000968799
0.000961718
0.000988508
0.000990959
0.00105486
0.00111905
0.00108017
0.00146654
0.00127731
0.00571731
0.00257471
0.00307378
0.00238266
0.00602019
0.00569717
0.00558901
0.00583517
0.00527528
0.00497929
0.00361606
0.0029691
0.00351429
0.00238656
0.00285345
0.00091393
0.00085481
0.00148179
0.00183565
0.00100525
0.00103237
0.00124743
0.00395774
0.00391135
0.0038973
0.00387842
0.00456966
0.0048534
0.00541895
0.00372474
0.0038718
0.00367676
0.00398283
0.00369498
0.0056749
0.00533001
0.00521604
0.00532214
0.00407022
0.00440523
0.00296065
0.00330007
0.000832572
0.00085388
0.00078248
0.000797221
0.000815908
0.000831902
0.000777063
0.000782485
0.000766678
0.000770693
0.000774523
0.000776438
0.000773995
0.000769016
0.000774319
0.000814981
0.000812553
0.000776427
0.000773827
0.000781818
0.000781359
0.000797496
0.000806473
0.000788689
0.000801898
0.000793422
0.000871803
0.000867186
0.000854355
0.000905277
0.000882698
0.000954579
0.000980387
0.000981204
0.00103529
0.00102244
0.00140077
0.00114793
0.00110379
0.00115696
0.00111263
0.001095
0.00127933
0.00122952
0.00132448
0.00121151
0.00160778
0.00380991
0.00371857
0.00574338
0.00492359
0.00536262
0.00542307
0.00548538
0.00458586
0.00474883
0.00349536
0.00373294
0.00389923
0.00287863
0.00339729
0.00221146
0.00278301
0.000925973
0.000952
0.0013662
0.00181036
0.00112904
0.00116324
0.00381463
0.00388214
0.00378148
0.00352065
0.00364472
0.00446126
0.00392145
0.00479003
0.00307903
0.00319797
0.00321491
0.00284654
0.00340839
0.00467568
0.00452436
0.00393399
0.00403257
0.0029822
0.00319725
0.00086817
0.000917713
0.000796516
0.000810726
0.00084678
0.000861231
0.000786299
0.00078805
0.0007997
0.000795524
0.000785689
0.0007891
0.000787155
0.00084718
0.000823895
0.000811299
0.000806075
0.000797384
0.00081914
0.000822764
0.000813157
0.000830242
0.000817047
0.000945427
0.000931067
0.000923116
0.000885846
0.00104804
0.0010872
0.00105651
0.00109139
0.00114804
0.00111645
0.00130181
0.00123366
0.00243182
0.00142043
0.00148237
0.00157359
0.00178084
0.00175413
0.00194858
0.00505658
0.00373975
0.00586989
0.00600105
0.00543469
0.00550968
0.00447158
0.0047324
0.00355557
0.0037614
0.00385258
0.00293421
0.00332851
0.0021361
0.002789
0.00108423
0.00105085
0.00157184
0.00130508
0.00170682
0.00380256
0.00349613
0.00362804
0.00361352
0.00378897
0.00372451
0.00292264
0.00319156
0.00344366
0.00389752
0.00247363
0.00253846
0.0024327
0.00287458
0.00351736
0.00348306
0.00276992
0.00288456
0.0010686
0.000906451
0.000960432
0.000829086
0.000842748
0.000866582
0.000913355
0.000823613
0.000814553
0.000839522
0.000826775
0.000826849
0.00085801
0.000846345
0.000882218
0.000863113
0.000844683
0.000838104
0.000859493
0.000864136
0.000865227
0.000869559
0.00105395
0.00100339
0.000995804
0.000947355
0.00141077
0.00147306
0.00134625
0.00130793
0.00124169
0.00179133
0.00202873
0.00307634
0.00525028
0.00574931
0.00498362
0.00372015
0.00518238
0.00549807
0.00604314
0.00595163
0.00584336
0.00541883
0.00581971
0.00449703
0.00480426
0.00356791
0.00374015
0.00213079
0.00287293
0.00278158
0.0033244
0.00128033
0.00136937
0.00148114
0.00170583
0.0037461
0.00370006
0.00373639
0.00310054
0.00334415
0.00352399
0.00351159
0.00323365
0.00225474
0.00254775
0.00265458
0.00292679
0.00187749
0.00206683
0.002025
0.00235154
0.00235674
0.00121983
0.00129132
0.000982336
0.00120258
0.0008961
0.000895538
0.000976955
0.000890525
0.000869899
0.000871153
0.000908609
0.000815031
0.000960958
0.000914417
0.000899934
0.000925706
0.00095514
0.000930468
0.000935733
0.000907957
0.000921994
0.00114542
0.00113003
0.00104159
0.0010476
0.00243553
0.00329788
0.00252415
0.00347858
0.00286936
0.00396588
0.00260519
0.00463029
0.00474026
0.00607239
0.00743339
0.00608465
0.0060064
0.00658336
0.006688
0.00759709
0.00565314
0.00588297
0.00456925
0.00494748
0.00344582
0.00364182
0.00236834
0.00277721
0.00312351
0.00331245
0.00143933
0.00166277
0.00198344
0.00217805
0.00375813
0.00364142
0.00353016
0.00325702
0.00325543
0.00246693
0.00292707
0.00294543
0.00170781
0.00202216
0.00136592
0.00159337
0.00182647
0.00159845
0.000872304
0.00142613
0.00153312
0.00107501
0.00107374
0.00134215
0.00094872
0.000926064
0.000913211
0.00111012
0.00120658
0.00119944
0.00121713
0.00122437
0.000973487
0.000939423
0.00102747
0.00100108
0.000952758
0.00303854
0.00170595
0.00202153
0.00152189
0.00294341
0.00515219
0.00545685
0.00445961
0.00534444
0.00393087
0.00475752
0.00348028
0.00421393
0.00638588
0.00623715
0.00690645
0.00691714
0.0060129
0.00664528
0.00661953
0.00505711
0.00552994
0.0036615
0.00366365
0.00313546
0.00295288
0.00339956
0.00196096
0.00233896
0.00290475
0.00370516
0.00361904
0.00349716
0.00322236
0.0030332
0.00251809
0.0025088
0.00205098
0.00159822
0.00133319
0.00251183
0.00179151
0.00214659
0.00146325
0.00152392
0.00144472
0.00152965
0.00173588
0.00152283
0.00174285
0.00137853
0.00142366
0.00146198
0.00137439
0.00156119
0.00154421
0.00178256
0.00185398
0.00234559
0.00361891
0.00269171
0.0029159
0.00295492
0.00368946
0.00442721
0.00474486
0.00622754
0.00581989
0.00579419
0.00551891
0.00564984
0.00508591
0.00554241
0.0063235
0.00611475
0.00579576
0.00613019
0.00594461
0.00347982
0.00361435
0.00293873
0.00318428
0.00332887
0.00369423
0.00358603
0.00345997
0.00323133
0.00305957
0.00268659
0.00225357
0.00164477
0.00281078
0.0032655
0.00219753
0.00260893
0.00168882
0.00171345
0.00184599
0.00223656
0.00203023
0.00165899
0.00193941
0.00173717
0.00224446
0.00208322
0.00214233
0.00281318
0.00282868
0.0027317
0.00390739
0.00357141
0.00360872
0.00360568
0.00482696
0.00487081
0.00500737
0.00547407
0.00571607
0.00573003
0.00551751
0.00551009
0.00526326
0.00512631
0.00513555
0.00360011
0.00363039
0.00345894
0.00337471
0.0036887
0.0035058
0.00342352
0.00313845
0.00300638
0.00260012
0.00254955
0.00335633
0.00325743
0.0031041
0.00307468
0.00288069
0.00267918
0.00284704
0.00304162
0.00302653
0.00265162
0.00301987
0.00349419
0.00366322
0.00327393
0.00350226
0.00346691
0.00391491
0.004326
0.00466173
0.00447189
0.00485263
0.00442423
0.00473076
0.00425321
0.00406116
0.00483026
0.00501845
0.00388183
0.00375494
0.0036337
0.00365588
0.00359534
0.00358638
0.0033977
0.00328714
0.0030077
0.00288877
0.00249898
0.00239109
0.00360098
0.00352832
0.00354531
0.00347173
0.00369711
0.00349187
0.00356963
0.00357092
0.00351724
0.00381237
0.00398842
0.00396998
0.00388929
0.00399982
0.0041836
0.00416333
0.00445778
0.00401217
0.0042139
0.00332692
0.00322094
0.00295243
0.00280269
0.0037123
0.00356109
0.00372791
0.00367934
0.00350908
0.00325647
0.0031479
0.00290893
0.0027772
0.00238255
0.00227893
0.00391713
0.00369786
0.00368371
0.00374323
0.00375097
0.00391829
0.00379557
0.00379261
0.00400215
0.0041007
0.00399902
0.00388895
0.00392286
0.00397598
0.00412818
0.00354774
0.00367934
0.00284087
0.00285873
0.00231295
0.00230101
0.00364332
0.00368496
0.00354465
0.00336545
0.00311251
0.00306967
0.00278652
0.00270237
0.00230688
0.00220168
0.00377635
0.00384593
0.0036635
0.00368776
0.00371625
0.00378094
0.0036731
0.00379028
0.00387278
0.00359274
0.00370255
0.00355752
0.00354765
0.00344026
0.00317717
0.00338339
0.00241254
0.00258889
0.00199059
0.00198193
0.00343298
0.00334999
0.0029611
0.00287153
0.00262848
0.00255961
0.00224683
0.00212858
0.00339101
0.00352794
0.00323954
0.00334679
0.00322326
0.00302799
0.00317146
0.00314908
0.00301374
0.00289397
0.00305037
0.0028864
0.00230161
0.00249344
0.00172347
0.00184972
0.00287512
0.00279686
0.00245579
0.00243857
0.00225523
0.00204498
0.00213329
0.002861
0.00289354
0.00267062
0.00258293
0.00260223
0.00241592
0.00224828
0.00248041
0.00222919
0.00247161
0.00218202
0.00169167
0.00186382
0.00221807
0.00220312
0.00197446
0.00189518
0.00153602
0.00201652
0.00209648
0.00187527
0.00208223
0.00197487
0.00137145
0.00140772
0.00178759
0.00186293
0.00121339
0.000651999
0.00169187
0.00168719
0.00150759
0.00145256
0.00128976
0.00150302
0.00148463
0.000786667
0.00103866
0.000675013
0.00129196
0.00131907
0.000747159
0.000992702
0.00107004
0.000724286
2.60565e-05
)
;

boundaryField
{
    top
    {
        type            symmetryPlane;
    }
    bottom
    {
        type            symmetryPlane;
    }
    inlet
    {
        type            calculated;
        value           uniform 0.000851986;
    }
    outlet
    {
        type            calculated;
        value           nonuniform List<scalar> 
17
(
0.000666256
0.000658994
0.000677834
0.00066775
0.000660308
0.000656648
0.000677476
0.000669874
0.000669716
0.00067409
0.00148304
0.000834402
0.000660609
0.000675933
0.00196292
0.000741477
0.00152876
)
;
    }
    deck
    {
        type            nutkWallFunction;
        Cmu             0.09;
        kappa           0.41;
        E               9.8;
        value           nonuniform List<scalar> 
60
(
5.71536e-07
0
0
0
9.38879e-08
0
0
0
0
6.28406e-08
7.55761e-08
0
0
0
0
0
0
0
0
0
0
0
0
0
0
0
0
0
0
0
0
0
0
0
0
0
0
0
0
0
0
0
0
0
0
0
0
0
0
0
0
0
0
0
0
0
0
0
0
0
)
;
    }
    frontAndBack
    {
        type            empty;
    }
    defaultFaces
    {
        type            empty;
    }
}


// ************************************************************************* //
