/*--------------------------------*- C++ -*----------------------------------*\
  =========                 |
  \\      /  F ield         | OpenFOAM: The Open Source CFD Toolbox
   \\    /   O peration     | Website:  https://openfoam.org
    \\  /    A nd           | Version:  8
     \\/     M anipulation  |
\*---------------------------------------------------------------------------*/
FoamFile
{
    version     2.0;
    format      ascii;
    class       volVectorField;
    location    "0.443";
    object      U;
}
// * * * * * * * * * * * * * * * * * * * * * * * * * * * * * * * * * * * * * //

dimensions      [0 1 -1 0 0 0 0];

internalField   nonuniform List<vector> 
656
(
(0.743372 0.0565316 -9.65488e-25)
(0.927889 0.0140691 1.86667e-24)
(0.954788 -0.00127375 0)
(-0.0910749 0.118994 2.40002e-23)
(0.556742 0.0977245 1.12098e-23)
(0.841242 0.000939743 0)
(-0.0571798 0.0672276 -4.939e-23)
(-0.0145962 0.018846 9.85105e-24)
(0.968227 -0.00015084 0)
(-0.000504638 0.138601 -2.37829e-24)
(-0.00304958 0.193131 -7.83496e-23)
(-0.117738 0.172053 0)
(0.376006 0.139834 1.00526e-23)
(0.715019 0.00930684 0)
(0.890989 0.00127448 -1.70667e-22)
(0.906567 0.000583103 4.77898e-23)
(0.00104044 0.0823432 9.70494e-24)
(0.00137428 0.0267217 0)
(0.971852 -7.6339e-05 -3.43357e-23)
(0.913662 0.000298563 -1.43719e-22)
(-0.0123884 0.0928731 7.71105e-23)
(-0.00523408 0.062872 0)
(-0.0239222 0.125114 1.33361e-24)
(-0.00789614 0.242543 1.53982e-22)
(-0.136115 0.223437 -1.67657e-22)
(0.210343 0.18042 -2.26587e-23)
(0.577674 0.0245875 0)
(0.8007 0.00637692 2.66449e-22)
(0.829494 0.00303222 -8.91624e-23)
(-0.00144234 0.0356644 0)
(-0.000151562 0.0114448 0)
(0.916986 0.000158371 5.13467e-23)
(0.973373 -4.69455e-05 -3.66608e-23)
(0.842959 0.00161744 1.95816e-22)
(0.849425 0.000810506 -5.18089e-23)
(0.854031 6.35135e-05 -1.08889e-22)
(-0.00677974 0.0608904 -1.05381e-22)
(-0.00280707 0.0409241 1.7071e-23)
(-0.0137926 0.0825096 -1.88325e-22)
(-0.0408484 0.158564 -1.577e-22)
(-0.0167101 0.28282 1.66501e-22)
(-0.143742 0.269547 -4.7771e-24)
(0.0686489 0.217917 4.55153e-22)
(0.433182 0.0474137 0)
(0.696558 0.0162323 0)
(0.739382 0.00802651 -3.69821e-22)
(-0.000821629 0.0230279 -5.40252e-24)
(-0.000128818 0.00732297 0)
(0.854943 -0.000883151 1.20144e-22)
(0.919453 2.84607e-05 -2.78104e-23)
(0.974008 -2.02043e-05 4.92918e-24)
(0.75977 0.00435535 0)
(0.769765 0.00218554 0)
(0.776843 0.000152062 -1.06666e-22)
(0.778388 -0.00237205 4.59706e-22)
(0.763628 -0.00604325 0)
(-0.0103745 0.0366041 2.00131e-22)
(-0.00502144 0.0257396 2.95145e-22)
(-0.00202819 0.0165171 -2.87513e-22)
(-0.0250269 0.104803 -1.85262e-22)
(-0.0193443 0.0489366 5.84786e-22)
(0.28681 0.0796721 -1.32799e-22)
(0.57847 0.0319868 1.75137e-22)
(0.635201 0.0165803 -5.20768e-22)
(-0.000553535 0.0088474 4.53701e-23)
(-6.70887e-05 0.00256179 6.09049e-23)
(0.844861 -0.00224247 -2.5466e-22)
(0.92 -0.00014638 8.54502e-23)
(0.974687 1.29046e-05 5.47827e-24)
(0.726769 -0.015198 -1.16792e-23)
(0.662693 0.00911935 0)
(0.676457 0.00466466 1.93316e-22)
(0.686387 0.000386506 2.04132e-22)
(0.688972 -0.00481304 -8.82331e-22)
(0.669712 -0.0125431 2.27278e-22)
(-0.0083988 0.0139348 8.8842e-22)
(-0.00405364 0.00913808 -6.83449e-24)
(-0.0018277 0.00550511 0)
(-0.00064361 0.00295302 1.0577e-22)
(0.447786 0.0558281 0)
(0.516952 0.0303683 6.66113e-22)
(-8.94476e-05 0.00127331 -1.00135e-22)
(5.5325e-05 0.000241389 -3.08628e-23)
(0.604786 -0.0240906 4.71813e-22)
(0.82026 -0.00592587 1.49694e-22)
(0.914485 -0.000374948 0)
(0.975031 4.19888e-05 -5.28356e-23)
(0.619974 -0.0302311 -2.88771e-22)
(0.468209 -0.0472383 7.26193e-22)
(0.251479 -0.190757 -8.79081e-22)
(0.550826 0.0170806 0)
(0.568152 0.00874899 4.66271e-23)
(0.581241 0.000992719 -1.45194e-22)
(0.585542 -0.00871511 5.11886e-22)
(0.562581 -0.0231809 -8.69611e-22)
(-0.0147911 0.00626417 3.73775e-22)
(-0.00924711 0.00306669 -3.98853e-22)
(-0.00537221 0.00139791 -1.97735e-22)
(-0.00279644 0.000480313 3.91348e-22)
(-0.00116583 4.38409e-05 4.713e-23)
(-0.000203187 -6.20621e-05 -2.84975e-23)
(-0.136728 -0.250242 5.90066e-23)
(0.411944 -0.147966 -6.13836e-23)
(0.732779 -0.00901642 -7.95845e-22)
(0.901186 -0.00112449 0)
(0.973747 0.000109572 0)
(0.499723 -0.0539487 5.52146e-22)
(0.325513 -0.0810146 -2.7733e-22)
(0.106283 -0.230036 1.02582e-22)
(-0.141409 -0.298198 1.38428e-21)
(-0.0465803 0.0112551 0)
(-0.0340208 0.00583953 1.86863e-22)
(-0.0235913 0.00285792 -6.59976e-22)
(-0.0149877 0.00114531 1.84041e-22)
(-0.00792707 0.000287611 -4.38526e-23)
(-0.00212802 2.17913e-05 -2.72267e-23)
(-0.00754378 -0.289031 0)
(-0.120665 -0.194926 0)
(0.582914 -0.103403 4.88166e-22)
(0.850387 -0.000878698 -3.99584e-23)
(0.970606 0.000203289 -1.0304e-22)
(-0.0155568 -0.33292 -1.64648e-21)
(-0.0760015 0.0100106 0)
(-0.0568622 0.00552754 1.9315e-22)
(-0.0403701 0.00276358 -1.41142e-24)
(-0.0262671 0.00117179 9.54885e-23)
(-0.0142711 0.000360379 -4.48733e-23)
(-0.0041164 7.18018e-05 0)
(-0.0276218 -0.164276 -5.51166e-22)
(-0.0029627 -0.233229 0)
(-0.0949969 -0.136206 5.08316e-22)
(0.75789 -0.0597746 0)
(0.956555 0.00135216 7.64116e-23)
(-0.0466778 -0.205097 0)
(-0.0980846 0.00828983 0)
(-0.0741666 0.00460901 1.20078e-22)
(-0.0531752 0.0023438 -3.48151e-22)
(-0.0349417 0.00102811 1.12646e-22)
(-0.0192397 0.000345413 5.03483e-23)
(-0.00578431 8.89841e-05 -1.68739e-23)
(-0.015655 -0.119028 2.82625e-22)
(-0.0145371 -0.123353 0)
(-0.000248155 -0.169217 -4.45518e-22)
(-0.0605237 -0.0776122 4.30418e-22)
(0.931395 -0.0147218 0)
(-0.0284335 -0.148596 0)
(-0.107005 0.0072422 1.53155e-22)
(-0.0810008 0.00408772 -1.47862e-22)
(-0.0581646 0.00207798 1.43073e-22)
(-0.0382911 0.000905998 -2.73887e-22)
(-0.0211551 0.000304645 3.76654e-22)
(-0.00650423 7.86168e-05 -5.02184e-23)
(-0.0133574 -0.0678619 2.43769e-22)
(-0.00771819 -0.0890995 -5.22016e-22)
(-0.00596343 -0.084067 1.52074e-22)
(0.00181257 -0.100771 -4.6198e-22)
(-0.014189 -0.0214027 1.30993e-23)
(-0.0241151 -0.0868549 0)
(-0.0154618 -0.0452175 -5.49846e-23)
(-0.107964 0.007809 -1.88582e-22)
(-0.0816245 0.00492896 7.60118e-22)
(-0.0586941 0.00264442 -7.25763e-22)
(-0.0387755 0.00113993 0)
(-0.0215136 0.000351545 0)
(-0.00671228 7.27362e-05 -5.50899e-24)
(-0.00849452 -0.0350833 1.17253e-22)
(-0.00666789 -0.0497945 3.44449e-24)
(-0.00302972 -0.0605442 3.97954e-22)
(-0.00125802 -0.0475671 -1.49542e-22)
(0.00233743 -0.0310268 0)
(-0.00873877 -0.0196316 8.91155e-22)
(-0.0632766 0.0040916 8.29099e-22)
(-0.0414415 0.00257075 -8.57303e-22)
(-0.0227755 0.000908338 0)
(-0.00700822 0.000157905 -7.76624e-24)
(-0.00480674 -0.0146299 -2.36315e-22)
(-0.00418809 -0.025486 -9.16752e-23)
(-0.00273026 -0.033294 1.89004e-22)
(-0.00064301 -0.0342515 -1.29325e-22)
(0.000182382 -0.0143652 4.94292e-23)
(-0.00447465 -0.00526463 0)
(-0.00270614 0.00320118 -1.02407e-21)
(-0.0505278 0.00118013 0)
(-0.0176846 0.000393829 -2.71406e-23)
(-0.00152211 0.000804243 0)
(-0.0023816 -0.00358827 -2.40559e-22)
(-0.00234523 -0.0102344 -4.59275e-22)
(-0.00172138 -0.0168638 -6.24874e-23)
(-0.000724387 -0.0186279 1.27155e-22)
(7.65252e-05 -0.0106535 -4.96195e-23)
(-0.00108029 -0.000901891 2.08811e-21)
(-0.00130632 0.00154812 2.17907e-21)
(-0.00310792 0.00369408 7.02072e-23)
(-0.000132317 0.00198956 -4.81421e-22)
(-0.00074918 0.00104837 -9.82541e-25)
(-0.00111844 -0.0022514 1.24587e-22)
(-0.000958397 -0.00653713 3.71986e-22)
(-0.000484014 -0.00935191 7.62147e-24)
(-6.56821e-05 -0.00583947 -2.27908e-23)
(-0.000147427 -0.00257554 -1.88369e-24)
(-0.000453338 -0.00141136 -1.74694e-21)
(-0.000547715 0.00067901 -5.2692e-22)
(-0.00136144 0.00157895 0)
(-0.00319379 0.00914445 1.51722e-21)
(0.000389232 0.00151013 -2.58748e-22)
(-4.01429e-06 0.00176509 2.56504e-22)
(-0.000314507 0.00105895 1.28438e-22)
(-0.000440236 -0.00126611 0)
(-0.000272134 -0.00350626 -1.2192e-22)
(-6.47759e-05 -0.00293415 1.71268e-23)
(0.000229802 -0.00282426 8.27434e-22)
(1.29794e-05 -0.00241846 3.33751e-22)
(-0.000162199 -0.0014622 1.96694e-22)
(-0.000173923 0.000193357 5.36033e-23)
(-0.000334954 0.000545914 -6.14605e-23)
(-0.000459825 0.00212043 1.0924e-21)
(0.000310261 0.000534811 1.08136e-21)
(0.000248402 0.00126943 -4.0476e-22)
(2.98055e-05 0.0014328 -2.63975e-22)
(-0.000107184 0.000883901 -1.28486e-22)
(-0.000115848 -0.000584171 0)
(-3.96774e-05 -0.00106229 -1.12742e-23)
(0.000528022 -0.00205879 0)
(0.000185017 -0.0024046 -2.86303e-22)
(4.71839e-05 -0.0020089 -9.86503e-22)
(-3.77078e-05 -0.0012145 3.2149e-22)
(-2.21876e-05 -2.83596e-05 -3.58209e-22)
(-1.25006e-05 1.19734e-05 9.65594e-24)
(0.0005321 0.000192071 -4.69797e-22)
(0.000171525 0.000398953 7.16204e-22)
(0.000139523 0.000980764 -6.92982e-22)
(2.76355e-05 0.0010361 1.32346e-22)
(-1.72694e-05 0.000583979 0)
(-1.10017e-05 -0.000141975 1.11475e-23)
(0.000388928 -0.000698835 0)
(0.000316808 -0.00169633 5.50365e-22)
(0.000115032 -0.00187538 7.1644e-22)
(3.78153e-05 -0.00146589 9.39679e-22)
(8.23528e-06 -0.000791221 -3.338e-22)
(9.77954e-06 -5.50393e-05 -2.20475e-23)
(0.00120552 0.000277331 -5.60813e-22)
(0.000378442 0.000104438 0)
(8.37126e-05 0.000273325 5.14328e-22)
(6.48731e-05 0.000678721 0)
(1.68369e-05 0.000614549 0)
(6.2277e-06 0.000211537 0)
(0.000718747 -0.000234875 6.27186e-22)
(0.000209894 -0.000524563 -5.69271e-22)
(0.00016887 -0.00128776 -5.60028e-22)
(5.82735e-05 -0.00130857 -4.18078e-22)
(2.3848e-05 -0.000872154 -4.34759e-22)
(1.31875e-05 -0.000279337 1.31222e-23)
(0.00168609 0.000145666 0)
(0.000961305 0.000159196 1.40554e-22)
(0.000249792 5.15558e-05 0)
(3.23413e-05 0.000167293 1.98731e-27)
(2.19705e-05 0.000385252 0)
(8.67201e-06 0.000196668 -8.98034e-23)
(0.00183432 -2.67111e-05 0)
(0.00156427 -0.00025828 -5.66059e-22)
(0.000522213 -0.000131932 -1.5799e-22)
(9.94325e-05 -0.000360139 2.91849e-22)
(7.56715e-05 -0.00087749 -4.14965e-22)
(2.45372e-05 -0.000750092 -1.31464e-22)
(1.22932e-05 -0.000280636 9.15686e-23)
(0.00135356 8.2364e-05 -1.88764e-23)
(0.000715558 8.24827e-05 -2.10202e-22)
(0.000149291 2.00366e-05 0)
(6.31764e-06 8.30172e-05 -1.0821e-22)
(5.51731e-06 0.000112648 9.05926e-23)
(0.0014708 -1.80453e-05 2.09892e-24)
(0.00124734 -0.000151892 6.35707e-22)
(0.000352552 -6.60413e-05 -4.72331e-27)
(3.77801e-05 -0.000221174 1.34937e-25)
(2.46172e-05 -0.000490554 -2.65275e-22)
(9.49882e-06 -0.000226853 8.36337e-23)
(0.00101785 4.25623e-05 1.4857e-22)
(0.000483204 3.63814e-05 1.02542e-22)
(7.34234e-05 3.85874e-06 -1.26143e-22)
(-1.22147e-06 1.91406e-05 2.30053e-23)
(0.00110595 -1.07269e-05 2.0944e-24)
(0.000931322 -8.12852e-05 -1.40607e-22)
(0.000215858 -2.6139e-05 4.54169e-22)
(7.22546e-06 -0.000110379 -2.1277e-22)
(6.01158e-06 -0.000139097 3.40387e-26)
(0.000696171 1.89766e-05 0)
(0.000271406 1.19837e-05 1.13807e-22)
(1.73688e-05 -1.10298e-06 7.96668e-23)
(0.000756944 -5.7894e-06 0)
(0.000631571 -3.71011e-05 -2.057e-22)
(0.000108932 -5.34289e-06 3.9591e-22)
(-1.46388e-06 -2.55823e-05 4.39588e-23)
(0.000398358 6.50711e-06 -9.70975e-25)
(8.26878e-05 2.82905e-06 -1.4301e-22)
(0.000433658 -2.79709e-06 9.69713e-25)
(0.000356562 -1.29666e-05 -1.14033e-22)
(2.67367e-05 1.18716e-06 1.12934e-22)
(0.000128982 1.65495e-06 4.33798e-23)
(0.000140692 -1.23324e-06 0)
(0.000109508 -3.58858e-06 -1.09967e-23)
(-0.142805 0.304015 2.22384e-21)
(-0.0269628 0.258916 5.09922e-22)
(-0.0419225 0.128296 0)
(-0.0753956 0.189539 2.78623e-21)
(-0.0629118 0.19421 -2.94436e-21)
(-0.073022 0.268242 0)
(-0.0373497 0.311078 0)
(-0.0980452 0.353175 -1.02569e-21)
(-0.0849303 0.314173 0)
(-0.038841 0.266567 -1.88531e-21)
(0.152159 0.126701 4.23773e-21)
(-0.0955074 0.278837 0)
(-0.0338099 0.0636953 -3.65697e-22)
(-0.0560702 0.10525 0)
(-0.0162072 0.0192655 -3.81809e-21)
(-0.0385986 0.0469827 3.90721e-21)
(-0.0831656 0.121715 -2.27027e-21)
(-0.114795 0.159415 0)
(-0.0954014 0.203483 0)
(-0.119101 0.240239 6.18362e-22)
(-0.10878 0.295516 0)
(-0.0974965 0.289536 1.95869e-21)
(-0.0152743 0.19448 2.36968e-21)
(0.0946772 0.155501 -5.71835e-21)
(0.302808 0.0912269 1.1234e-21)
(-0.149954 0.235269 -5.90024e-22)
(-0.140543 0.252469 0)
(-0.0215697 0.0120701 -3.15874e-21)
(-0.0491872 0.028652 8.65326e-22)
(-0.0607812 0.052156 7.20345e-22)
(-0.0913818 0.0818729 2.30837e-21)
(-0.121538 0.0806729 -4.44498e-21)
(-0.167505 0.115469 -3.93327e-21)
(-0.159415 0.156947 -3.00645e-21)
(-0.184492 0.185495 5.63124e-21)
(-0.130934 0.208746 -1.64175e-21)
(-0.0600026 0.184083 -1.71406e-21)
(0.0433094 0.128479 0)
(0.387488 0.050416 -5.74685e-21)
(0.190368 0.106437 0)
(0.423925 0.0298141 0)
(0.243699 0.0593236 4.83685e-21)
(-0.20681 0.172881 0)
(-0.178848 0.179871 0)
(-0.0108468 -0.277365 6.03709e-21)
(-0.146114 -0.33037 0)
(0.386545 -0.0835117 0)
(0.436604 0.0148341 -1.97023e-22)
(0.273598 0.0341758 0)
(0.269522 -0.0944414 0)
(0.456532 -0.0376444 1.1832e-21)
(0.45843 0.00179171 3.69632e-21)
(0.296581 0.00855311 0)
(0.320023 -0.0442478 0)
(0.473856 -0.0152629 0)
(0.325098 -0.0149192 -3.75313e-21)
(-0.0639558 0.0225516 1.14952e-21)
(-0.0974187 0.0360227 -1.44531e-21)
(-0.120521 0.0485927 4.75466e-21)
(-0.173508 0.0548069 0)
(-0.202303 0.0851154 0)
(-0.231692 0.095474 -3.1048e-21)
(-0.249597 0.120086 -2.36308e-21)
(-0.152318 0.139205 0)
(0.06748 0.0804196 3.34717e-21)
(-0.0352849 0.118036 0)
(0.15195 0.0435664 0)
(0.00479725 0.0682083 -3.61973e-21)
(-0.267033 0.106392 7.84726e-21)
(-0.228673 0.113315 -2.31886e-21)
(-0.0112087 -0.264237 -3.40716e-21)
(0.172355 -0.13773 7.67052e-21)
(0.147215 -0.156983 -6.00212e-21)
(-0.114826 -0.387008 1.70474e-21)
(-0.077142 -0.329038 -3.71048e-21)
(-0.0361735 -0.360388 2.43751e-22)
(0.0477283 -0.183755 -6.36435e-21)
(0.0511371 -0.153935 2.08615e-21)
(0.149732 -0.110153 3.22715e-21)
(0.134005 0.0100577 0)
(0.025891 0.0381285 0)
(0.0865169 -0.0943348 -3.55657e-21)
(0.189493 -0.0572683 0)
(0.1011 -0.0463002 -3.31618e-21)
(0.20054 -0.021101 3.02412e-21)
(0.0615386 -0.0097745 4.60933e-21)
(-0.0973006 0.0161603 1.65291e-21)
(-0.141108 0.0248625 0)
(-0.16821 0.0343271 0)
(-0.213582 0.0401082 3.2834e-21)
(-0.245119 0.0588383 0)
(-0.274296 0.059892 8.2624e-21)
(-0.294494 0.075979 -7.06125e-21)
(-0.108256 0.0542722 0)
(-0.132025 0.0690216 -5.67658e-21)
(-0.222718 0.0874105 1.15629e-20)
(-0.195121 0.0400596 0)
(-0.292502 0.0752992 -7.47357e-21)
(-0.306172 0.0691424 -3.98623e-21)
(-0.0856955 -0.31505 0)
(-0.0705375 -0.248578 7.72744e-21)
(-0.0719271 -0.243757 0)
(-0.0639317 -0.323051 -5.27585e-22)
(-0.0899579 -0.326037 4.14361e-22)
(-0.10216 -0.242422 -7.93624e-21)
(-0.0603368 -0.188508 -7.29072e-21)
(-0.0903582 -0.162641 9.69494e-21)
(-0.0371738 -0.116158 2.98966e-21)
(-0.10364 -0.0834658 -3.91714e-21)
(-0.0500282 -0.0527866 0)
(-0.0772176 -0.0178725 -3.18618e-21)
(-0.172124 0.0108975 0)
(-0.123471 0.0131842 0)
(-0.16778 0.0198125 -1.28101e-21)
(-0.198094 0.0256514 -5.01979e-21)
(-0.23252 0.0320195 4.30488e-21)
(-0.261246 0.0426997 -1.53211e-21)
(-0.279708 0.0448658 -1.96661e-21)
(-0.307512 0.0567958 6.22748e-21)
(-0.277592 0.0468834 -6.94643e-21)
(-0.301051 0.0619547 8.46946e-21)
(-0.264018 0.0155274 0)
(-0.298747 0.0397616 -1.19023e-21)
(-0.321168 0.0618853 0)
(-0.314362 0.056568 0)
(-0.0467886 -0.174298 -1.23693e-20)
(-0.0894343 -0.249 4.26681e-21)
(-0.10988 -0.258997 5.15499e-21)
(-0.121751 -0.288647 -7.1046e-22)
(-0.137725 -0.25931 6.5544e-22)
(-0.172231 -0.210032 -7.46635e-21)
(-0.174966 -0.170588 0)
(-0.195616 -0.112959 -9.32941e-21)
(-0.281278 0.0178961 -4.39168e-21)
(-0.237521 -0.0819604 6.78736e-21)
(-0.273983 -0.0184043 2.80128e-21)
(-0.135494 0.0115886 4.51751e-21)
(-0.29467 0.0530503 2.69733e-21)
(-0.173485 0.0179242 -3.22747e-21)
(-0.198936 0.0232823 -2.79433e-21)
(-0.226296 0.031289 -6.05195e-21)
(-0.261508 0.0397403 1.35422e-21)
(-0.270899 0.0439449 -3.43182e-21)
(-0.294278 0.0460252 -2.6992e-21)
(-0.318239 0.0607737 6.72778e-22)
(-0.313227 0.0515561 1.23265e-21)
(-0.274841 0.0591662 4.81691e-21)
(-0.291153 0.0568458 1.99652e-21)
(-0.301958 0.0645264 -1.27921e-21)
(-0.294121 0.06115 -1.91856e-21)
(-0.242415 0.0645954 -6.67711e-21)
(-0.0389575 -0.105087 0)
(-0.0625013 -0.165993 8.27743e-21)
(-0.183075 0.0661283 0)
(-0.221454 0.0555668 4.37741e-21)
(-0.120779 0.0615418 8.4773e-21)
(-0.146579 0.0581739 -5.59777e-21)
(-0.0860444 -0.181452 0)
(-0.125147 -0.221316 -4.90037e-21)
(-0.162278 -0.198664 1.5002e-20)
(-0.219431 0.0286156 -5.83721e-21)
(-0.245525 0.00874633 4.6204e-21)
(-0.179571 -0.157313 -1.06991e-20)
(-0.23049 -0.0769411 1.13788e-22)
(-0.222386 -0.0475249 -9.42586e-21)
(-0.135739 0.0117715 0)
(-0.266247 0.0528012 0)
(-0.245173 0.0395982 2.5967e-22)
(-0.250757 0.046346 -3.54414e-22)
(-0.169209 0.0201 -5.02247e-21)
(-0.197278 0.026333 5.3414e-21)
(-0.215702 0.0314429 4.634e-21)
(-0.284841 0.0701737 1.83082e-21)
(-0.276876 0.0697543 -4.16907e-22)
(-0.247392 0.0774351 3.63316e-21)
(-0.228235 0.076485 1.32583e-21)
(-0.25923 0.0572899 -5.47571e-21)
(-0.264838 0.0719036 1.99897e-23)
(-0.271603 0.063872 4.67545e-21)
(-0.201418 0.0821192 2.29948e-21)
(-0.176507 0.080433 -7.50234e-21)
(-0.119859 0.0732003 2.8829e-21)
(-0.145065 0.0806283 2.3815e-21)
(-0.0957107 0.0709207 -3.36804e-21)
(-0.0575664 0.0524476 0)
(-0.0759419 0.0589835 2.79833e-21)
(-0.0918723 0.054756 -2.40034e-22)
(-0.083429 0.0470413 0)
(-0.0249328 -0.0547234 -4.19627e-21)
(-0.0490766 -0.0950184 4.10556e-21)
(-0.0595072 -0.102594 2.88711e-21)
(-0.0951236 -0.138301 0)
(-0.107709 0.0317556 1.0204e-20)
(-0.141143 0.0342313 0)
(-0.168902 0.0188904 5.66236e-21)
(-0.121308 -0.116505 1.30633e-22)
(-0.152645 -0.0268256 1.53358e-21)
(-0.151437 -0.124332 -4.2194e-21)
(-0.179982 -0.0561376 8.46574e-21)
(-0.0139536 -0.0251682 -4.96204e-22)
(-0.0255741 -0.0430879 0)
(-0.126003 0.010782 0)
(-0.0850574 0.00384025 -5.1455e-22)
(-0.102856 0.00502807 5.18696e-22)
(-0.223808 0.0441789 -3.00817e-21)
(-0.234486 0.0542656 2.64528e-21)
(-0.150077 0.0166047 0)
(-0.184908 0.0256348 -2.45616e-21)
(-0.201145 0.0351566 2.95872e-21)
(-0.19921 0.0864372 1.24116e-21)
(-0.239286 0.0767437 -2.01769e-21)
(-0.232768 0.0817446 -2.56042e-21)
(-0.218734 0.0602227 -3.40899e-21)
(-0.219076 0.0716481 6.75997e-22)
(-0.176346 0.0843068 0)
(-0.148089 0.0843917 0)
(-0.134588 0.0828174 0)
(-0.107082 0.0793862 -2.97558e-21)
(-0.0874897 0.0727916 -1.67582e-21)
(-0.0674399 0.0661635 3.98958e-21)
(-0.0505263 0.0542462 0)
(-0.00780867 0.0145321 0)
(-0.00500057 0.0096139 -6.6788e-22)
(-0.0142653 0.0259854 3.59747e-21)
(-0.0228618 0.0350553 -3.1536e-21)
(-0.0363456 0.0471491 0)
(-0.0258691 0.0329106 -5.85685e-21)
(-0.0393756 0.0403169 3.75507e-23)
(-0.0107531 0.0154368 0)
(-0.0146985 0.0201803 -4.59987e-21)
(-0.00493275 0.00587319 0)
(-0.0416711 0.0354761 1.35518e-23)
(-0.0597487 0.0401255 2.05772e-23)
(-0.0589287 0.0304382 3.55591e-21)
(-0.0924821 0.0259545 -4.32545e-21)
(-0.0363819 -0.0479485 8.81291e-21)
(-0.060459 -0.0669851 -1.85481e-20)
(-0.0882058 -0.0672194 3.9511e-21)
(-0.0877768 0.00901613 -2.28004e-21)
(-0.0966016 -0.0379686 8.37686e-21)
(-0.117179 -0.0226121 -5.88531e-21)
(-0.0069003 -0.00708622 0)
(-0.0130822 -0.0154612 0)
(-0.0161978 -0.016766 -3.64655e-21)
(-0.0323239 -0.0283309 -5.33373e-21)
(-0.00421489 0.00680802 5.65156e-22)
(-0.117804 0.0104128 1.25357e-21)
(-0.0697797 0.000824394 0)
(-0.0874997 0.00282403 -1.09677e-21)
(-0.1467 0.0292969 1.49045e-21)
(-0.173556 0.0375354 -4.4578e-21)
(-0.189332 0.0550495 -8.10669e-23)
(-0.162317 0.0678509 4.04891e-21)
(-0.181568 0.0761277 -4.75263e-21)
(-0.169065 0.0815091 3.23332e-21)
(-0.0990774 0.0791478 -3.93072e-21)
(-0.128484 0.0781594 6.07468e-23)
(-0.125919 0.0828428 1.11158e-21)
(-0.0371328 0.0531475 4.04607e-21)
(-0.0566229 0.0645371 -4.42172e-23)
(-0.0786221 0.0718149 1.95872e-21)
(-0.0111596 0.0273617 1.76765e-21)
(-0.0273572 0.0448953 -2.14115e-21)
(-0.00631047 0.0177612 -1.5888e-21)
(-0.0165706 0.0185411 5.23523e-21)
(-0.0262084 0.0239921 0)
(-0.00504113 0.00498566 4.11264e-21)
(-0.00739853 0.00750823 -7.26838e-21)
(-0.00222779 0.000334694 0)
(-0.0022241 0.000331518 0)
(-0.00450606 -0.00215498 -1.1554e-21)
(-0.0267832 0.019427 5.24231e-21)
(-0.0413397 0.0217632 -1.58196e-23)
(-0.0412698 0.0142475 -1.0782e-20)
(-0.0632527 0.00757543 1.0884e-20)
(-0.0389599 -0.0179364 3.80771e-21)
(-0.0543294 -0.0178051 -3.09013e-21)
(-0.0479371 -0.00261636 -3.8081e-21)
(-0.00654812 -0.00306628 7.17178e-22)
(-0.013098 -0.00712783 2.03319e-21)
(-0.021446 -0.00662011 1.40881e-21)
(-0.00507098 0.0134533 -3.05322e-21)
(-0.029269 0.0495643 0)
(-0.0616479 0.0639662 0)
(-0.0931577 0.0360274 3.94697e-21)
(-0.108841 0.0553782 -2.76841e-21)
(-0.101076 0.0672082 0)
(-0.0222632 0.00259983 3.06211e-23)
(-0.0626346 0.0148132 0)
(-0.0100261 0.0309595 -1.03653e-22)
(-0.000829263 0.00176171 -6.08664e-22)
(-0.000217494 0.00204895 2.99376e-21)
(-0.00929551 0.00687265 7.49977e-21)
(-0.0147101 0.0105719 0)
(-0.00154232 -0.000792443 -3.39873e-21)
(-0.00344574 0.000626318 -1.07879e-20)
(-0.000489396 -0.00230164 5.95606e-21)
(-0.00139597 0.0014741 4.21849e-22)
(-0.00538028 -0.00067651 0)
(-0.0159005 0.00597557 0)
(-0.0257757 0.00784414 0)
(-0.0282729 0.000492419 0)
(-0.00745385 -0.000584925 4.81293e-21)
(-0.0162946 -0.00291943 -4.11252e-21)
(-0.0185759 0.000574235 0)
(-0.00132116 0.00993918 0)
(-0.000409846 0.00166619 2.7225e-21)
(0.000580192 0.00166845 -6.82894e-21)
(0.000651878 0.00195472 1.18869e-20)
(0.000635516 0.00178202 -7.18398e-21)
(0.000874956 0.00122664 -2.33877e-21)
(0.000468812 0.000635662 0)
(-0.00314251 -8.88261e-05 3.51874e-21)
(-0.00669434 0.00129197 0)
(0.000156525 -0.0029347 0)
(-0.000223427 -0.00243952 0)
(0.000225387 -0.00302259 -1.29477e-21)
(-0.000778068 0.00109913 2.23582e-21)
(-0.00308827 0.000834698 0)
(-0.00238818 0.00043478 6.76851e-21)
(-0.004633 0.000682398 1.79024e-21)
(-0.0059861 0.00148012 -6.75079e-21)
(0.00116041 0.00146342 0)
(0.000773551 0.00130199 5.27914e-21)
(0.00124132 0.00107043 8.56216e-21)
(0.0014902 0.00125022 -9.71163e-21)
(0.000673688 0.0003456 -1.74315e-22)
(0.0012195 0.000655767 7.2328e-21)
(0.000782123 -0.00231943 1.45299e-21)
(0.00020441 -0.00132594 -1.08956e-21)
(0.000750347 -0.00229665 -8.36624e-21)
(0.000954202 -0.00268619 1.14318e-20)
(0.00119874 -0.00254167 0)
(0.00133522 0.000953284 -5.358e-21)
(0.000533761 0.000832212 -7.84286e-21)
(0.00172027 -5.6238e-06 1.1628e-20)
(0.00158781 -0.001021 0)
(0.0010728 -0.00147861 0)
(0.00058368 -0.000820129 4.46027e-21)
(0.00197115 0.000841855 3.35733e-21)
(0.0020982 0.000794906 -5.95497e-21)
(0.0014446 0.000458204 -1.30425e-22)
(0.00190995 0.000597507 1.78985e-24)
(0.00158032 -0.00134384 0)
(0.00195005 -0.00163254 1.9505e-21)
(0.00220295 -0.001104 -1.68504e-21)
(0.00255767 0.000271596 -4.16518e-24)
(0.00246095 -0.000551109 7.99863e-22)
(0.00247637 -0.000120503 6.32241e-21)
(0.00088265 -0.000391656 -5.91228e-21)
(0.00160539 -0.000761278 0)
(0.00201982 0.000251033 -8.83114e-21)
(0.00245054 0.000199233 4.2104e-21)
(0.00220596 -3.67664e-05 4.4837e-21)
(0.00189766 -0.000437624 0)
(0.00231395 -0.000458572 -4.91229e-21)
)
;

boundaryField
{
    movingWall
    {
        type            fixedValue;
        value           uniform (1 0 0);
    }
    fixedWalls
    {
        type            noSlip;
    }
    frontAndBack
    {
        type            empty;
    }
    defaultFaces
    {
        type            empty;
    }
}


// ************************************************************************* //
