/*--------------------------------*- C++ -*----------------------------------*\
  =========                 |
  \\      /  F ield         | OpenFOAM: The Open Source CFD Toolbox
   \\    /   O peration     | Website:  https://openfoam.org
    \\  /    A nd           | Version:  8
     \\/     M anipulation  |
\*---------------------------------------------------------------------------*/
FoamFile
{
    version     2.0;
    format      ascii;
    class       volScalarField;
    location    "15000";
    object      nut;
}
// * * * * * * * * * * * * * * * * * * * * * * * * * * * * * * * * * * * * * //

dimensions      [0 2 -1 0 0 0 0];

internalField   nonuniform List<scalar> 
4109
(
0.000666617
0.00066148
0.000658827
0.000666305
0.000669023
0.000677405
0.000672445
0.000677786
0.000675051
0.000657122
0.000666937
0.000678544
0.000668885
0.000671417
0.000676645
0.000677635
0.000665963
0.000673716
0.000679224
0.000675739
0.000660144
0.000678637
0.000673985
0.000678073
0.000673687
0.000668227
0.000656527
0.000672613
0.000677797
0.000681378
0.000677352
0.000677058
0.000665116
0.00067127
0.0006774
0.000682465
0.000673909
0.000667057
0.000667063
0.000670296
0.000667504
0.000662894
0.000674013
0.000681482
0.000678131
0.00148603
0.000802398
0.000677802
0.000677454
0.000661437
0.000673115
0.000677465
0.000676971
0.000672723
0.000675597
0.000661337
0.000661573
0.00067805
0.000676404
0.000669493
0.000675358
0.00196416
0.000684655
0.000680091
0.000679297
0.000695069
0.00123468
0.000678704
0.000673478
0.000659801
0.000671612
0.000678935
0.000689437
0.000677355
0.000679782
0.000673513
0.000670668
0.000667015
0.000648693
0.000674918
0.000679423
0.000679847
0.000675747
0.000668687
0.000728755
0.000739173
0.00152764
0.00193011
0.00194803
0.000684498
0.000685495
0.000680569
0.000680258
0.000680461
0.000655771
0.000945868
0.000676847
0.000660902
0.00069215
0.000686003
0.000682332
0.000686539
0.000692451
0.000684845
0.000673052
0.000676277
0.000674538
0.000665122
0.000657024
0.000678698
0.000653281
0.000680782
0.000680666
0.000677043
0.000670726
0.00209725
0.000825477
0.000989833
0.00126713
0.00197039
0.00201033
0.000670065
0.000687796
0.000689215
0.000682885
0.000682035
0.000681575
0.000677099
0.000939156
0.000634921
0.000665076
0.000692982
0.000689521
0.000694141
0.000692902
0.000681225
0.000689443
0.000676529
0.000673621
0.000673046
0.000659855
0.00067766
0.000681663
0.000681499
0.00068212
0.000678208
0.0006711
0.00175685
0.00102459
0.0019468
0.00131329
0.00201114
0.000803395
0.000690524
0.000688853
0.000683248
0.000682935
0.00068298
0.000681125
0.000664763
0.000819261
0.000642405
0.000694228
0.000690487
0.000696296
0.000694303
0.000695497
0.000696317
0.000680837
0.000679238
0.000677058
0.000670971
0.000655592
0.00068002
0.000674675
0.000683537
0.000683207
0.000678966
0.000673511
0.00118908
0.00227605
0.00121567
0.00194054
0.00199553
0.000751479
0.000685815
0.000686142
0.000684843
0.000682641
0.000684504
0.00066844
0.000861101
0.000646987
0.000688896
0.000689207
0.000697155
0.000692025
0.000697555
0.000700321
0.000691743
0.000685022
0.000679218
0.000676786
0.000673341
0.000662558
0.000682555
0.000676042
0.000684285
0.000684251
0.000681519
0.000673595
0.00116451
0.00214417
0.00198163
0.00117315
0.00202816
0.000747324
0.000685985
0.00068805
0.000685589
0.000671735
0.00085772
0.000638926
0.000689096
0.00069111
0.000692439
0.000692302
0.000695298
0.000700714
0.000698417
0.000702046
0.00068664
0.00068247
0.000679924
0.000674962
0.000659716
0.000685244
0.000672565
0.000685583
0.000685895
0.000682369
0.000683525
0.00067645
0.00109741
0.00216632
0.00120684
0.00196798
0.0020143
0.000729758
0.000688587
0.000688756
0.000679208
0.00085767
0.000657373
0.000692168
0.00069162
0.000694056
0.000695804
0.000695598
0.000695854
0.000701318
0.00070361
0.000696693
0.000693041
0.000682304
0.000678386
0.000666246
0.00068349
0.000688395
0.000674381
0.000687144
0.000685073
0.000676341
0.000685537
0.00218321
0.00104694
0.001989
0.00118779
0.00203996
0.000724263
0.000782843
0.00067455
0.000681422
0.000851279
0.000659343
0.000692712
0.00068986
0.00069459
0.0006986
0.000699195
0.00069712
0.000698764
0.000704659
0.000703081
0.000707616
0.000698337
0.000692275
0.000662484
0.00068037
0.000675035
0.000684969
0.000685326
0.000692612
0.000673997
0.000690216
0.000679518
0.000687189
0.00101593
0.00217112
0.00196081
0.00114729
0.00201507
0.000713279
0.000754227
0.000791965
0.000796536
0.000776138
0.000781047
0.000789428
0.000934149
0.000660482
0.000632037
0.000675284
0.000662222
0.000688263
0.000694412
0.000701226
0.000696716
0.000699048
0.000710218
0.000699522
0.000705478
0.000710252
0.000707384
0.000699009
0.000706458
0.000701032
0.000673307
0.000677396
0.000686284
0.000688455
0.000679286
0.000694699
0.000677229
0.000691019
0.000689164
0.00098621
0.00223337
0.00196217
0.000704559
0.000781649
0.000845627
0.000776562
0.000788894
0.000787184
0.000805403
0.000707786
0.000723056
0.000731182
0.000762507
0.000766352
0.000739405
0.000774973
0.000783626
0.00147101
0.000616254
0.00060238
0.000642286
0.00069446
0.000712885
0.000697951
0.000699962
0.000702224
0.000700739
0.000709239
0.000702444
0.000709218
0.000715881
0.000714409
0.000708488
0.000719718
0.000730565
0.000729091
0.000666373
0.000682993
0.000689839
0.000688671
0.000682666
0.000690364
0.000696157
0.000674249
0.000694434
0.000954637
0.00236978
0.000812917
0.000817778
0.000783554
0.000782797
0.000801207
0.000722358
0.000710015
0.000739573
0.00072885
0.00073474
0.000743961
0.000750938
0.00078008
0.000773021
0.000771031
0.00251369
0.00108282
0.000550061
0.000617115
0.000685149
0.000713753
0.000713381
0.000700484
0.000704151
0.00070036
0.000702778
0.00070872
0.000703469
0.000718359
0.000718383
0.000723985
0.000723503
0.000728303
0.000726314
0.000678462
0.000685221
0.000693821
0.000693995
0.000691274
0.000682442
0.00069246
0.000696406
0.000699829
0.000700011
0.000676461
0.000981779
0.000792404
0.000845205
0.000813598
0.000783767
0.000789003
0.000800714
0.000729181
0.000719264
0.000725845
0.00073684
0.000740067
0.000740451
0.000729982
0.000732529
0.000734725
0.000755152
0.000775065
0.000770398
0.000767088
0.00240619
0.00188744
0.000629158
0.000630133
0.000682804
0.000713236
0.00071153
0.000699839
0.000703768
0.000705576
0.000704536
0.000706444
0.000716621
0.000717352
0.00072241
0.000722517
0.000722847
0.000726497
0.000672547
0.000695167
0.000691413
0.000696603
0.000697503
0.000685975
0.000685735
0.000693737
0.000697294
0.000689701
0.00150538
0.00177837
0.000703744
0.000651927
0.000816201
0.0008158
0.000834058
0.000843411
0.000818474
0.000779392
0.000787528
0.000804596
0.000732341
0.000729804
0.000734656
0.00074018
0.000749291
0.000738791
0.000754095
0.000735516
0.0007412
0.000764273
0.000759209
0.000770821
0.000774489
0.00278674
0.00217927
0.00237072
0.000591558
0.000604183
0.00067603
0.000707724
0.000710786
0.00070338
0.000708576
0.000705659
0.000706809
0.000712341
0.000715506
0.000717361
0.000720665
0.000723511
0.000728441
0.000729592
0.000686519
0.000689663
0.000704261
0.000697061
0.000696095
0.00069662
0.000699743
0.000705148
0.000689766
0.000692922
0.000650527
0.000609104
0.000833277
0.000811154
0.000822821
0.000772177
0.000753121
0.000853262
0.000810039
0.000783689
0.000786126
0.000799478
0.000735317
0.000733734
0.000732548
0.000762816
0.00074474
0.000749484
0.000739535
0.000741817
0.000760119
0.000755395
0.000767055
0.000773012
0.000721501
0.00284938
0.00248767
0.00250259
0.000636264
0.000600375
0.000674828
0.000708724
0.000711171
0.000707928
0.000700744
0.00070974
0.000713253
0.000715882
0.000718168
0.000720999
0.000724378
0.000726665
0.000730682
0.000732655
0.000677461
0.000699524
0.00070135
0.00070218
0.000701214
0.000703283
0.000702603
0.000701552
0.000690972
0.000698243
0.000698541
0.000682301
0.000833755
0.000762114
0.000775929
0.000825512
0.000768338
0.000858778
0.000806156
0.000785537
0.000791953
0.000800142
0.000808147
0.000738785
0.00073616
0.000736587
0.000732747
0.000742885
0.000752132
0.000748784
0.000759373
0.000764204
0.00077204
0.000772974
0.000699697
0.00290536
0.00258008
0.0026478
0.000610646
0.000589495
0.00066802
0.000714166
0.000709995
0.000712522
0.000707609
0.000714458
0.000718745
0.000723483
0.000719201
0.000724656
0.000729711
0.000729243
0.000734191
0.000737185
0.000690588
0.0006943
0.000709379
0.000707809
0.000704253
0.000705805
0.000709927
0.000693733
0.000695739
0.000699238
0.00065509
0.00082534
0.000807001
0.000754352
0.000745641
0.000768304
0.000808853
0.000760515
0.000818821
0.00084857
0.000783231
0.000794061
0.00079613
0.000809212
0.000741998
0.000737882
0.0007391
0.000738973
0.000738732
0.00074731
0.000747499
0.000745284
0.000756144
0.000765072
0.000775426
0.00077977
0.000796941
0.00293682
0.00277185
0.00267168
0.000640332
0.000581627
0.000682363
0.00071571
0.000712705
0.000705243
0.000715773
0.000719126
0.000722539
0.000720526
0.000726677
0.000731712
0.00073437
0.00073565
0.000738371
0.000685476
0.000706242
0.00070806
0.000694951
0.000708174
0.000706523
0.000708097
0.000704475
0.000699423
0.000700361
0.000650125
0.000845329
0.000821365
0.000823159
0.000792267
0.000736472
0.000737744
0.000751785
0.000773107
0.000801711
0.000773511
0.000735647
0.000829516
0.000837311
0.000849638
0.000782745
0.000796472
0.00079801
0.000798372
0.000743635
0.000740385
0.000737117
0.000738381
0.000747728
0.000753438
0.000746811
0.000783374
0.000761238
0.000761566
0.000773242
0.000720977
0.00298095
0.00287777
0.0028252
0.00068283
0.000615393
0.000594914
0.000721138
0.000712264
0.00072262
0.000718705
0.000725864
0.000726003
0.000723093
0.000732462
0.000734357
0.000735733
0.000700274
0.000704206
0.00071307
0.000697667
0.000700476
0.0007123
0.000707509
0.000709267
0.000715088
0.000700203
0.000645342
0.000694302
0.000705103
0.000824769
0.000810524
0.000811036
0.00078288
0.000733993
0.00075163
0.000771076
0.000765716
0.000792585
0.000723135
0.00072049
0.000719677
0.000711725
0.000703351
0.000833502
0.000814181
0.000830033
0.000815876
0.000786427
0.000785195
0.000787096
0.000784132
0.000745601
0.000741332
0.000743367
0.000755038
0.00075122
0.000749793
0.00074309
0.000772467
0.000772577
0.00076588
0.000769388
0.000861956
0.00308061
0.00301784
0.00266122
0.000601639
0.000591616
0.000716397
0.000668573
0.000733368
0.000721327
0.000731
0.000734061
0.000737605
0.000699793
0.000716519
0.000699384
0.000702584
0.000708991
0.000713351
0.000710726
0.000712196
0.000647451
0.000700361
0.000704605
0.000705744
0.000704582
0.000810358
0.000803001
0.000801587
0.000773699
0.000731446
0.000758601
0.000788226
0.000758369
0.000739198
0.000722786
0.000722326
0.000714225
0.000711871
0.000701136
0.000712633
0.000819152
0.000851431
0.000813152
0.000820597
0.000772634
0.000775945
0.000779164
0.000764174
0.000744144
0.000743614
0.00075278
0.000747537
0.000753148
0.000748821
0.000747916
0.000773077
0.000774199
0.000764009
0.000600708
0.00301797
0.00303541
0.00271899
0.000583527
0.000579226
0.00073976
0.0010326
0.000729071
0.000734099
0.00073734
0.000726354
0.000701943
0.000705363
0.000719139
0.000713343
0.000717106
0.000710645
0.000668313
0.000709527
0.000715242
0.000722547
0.000798206
0.000800707
0.000795473
0.000791689
0.000765053
0.00076085
0.000779182
0.000751578
0.000743675
0.000753169
0.000736905
0.000726932
0.000734466
0.000729807
0.00072856
0.000729323
0.000780501
0.00080262
0.000785539
0.000810352
0.000764549
0.00076335
0.000772525
0.000767059
0.000786337
0.000744699
0.000759009
0.000754338
0.000753462
0.000751401
0.000747544
0.000761087
0.000763733
0.000762832
0.000652049
0.00316602
0.00311476
0.00308808
0.000521594
0.000730964
0.000624398
0.000737283
0.000739594
0.000704123
0.000706802
0.000713763
0.000716704
0.000718305
0.000715132
0.000681488
0.000709603
0.000731107
0.000706684
0.000796965
0.000794569
0.000788689
0.000778046
0.000756886
0.000774881
0.000746095
0.000767532
0.000764999
0.00075651
0.000736836
0.00074097
0.000751557
0.000743503
0.000747355
0.000811957
0.000786015
0.000803334
0.000757013
0.000755443
0.000762665
0.000778092
0.000778295
0.000754647
0.000751564
0.000747879
0.000756304
0.000753959
0.000752845
0.000541528
0.00315392
0.00451634
0.000982874
0.000747202
0.00062463
0.000742914
0.000710469
0.000723583
0.000717952
0.000724019
0.000714952
0.000687672
0.000709299
0.000711613
0.000785508
0.000782357
0.000777861
0.000770986
0.000751427
0.000740671
0.000736378
0.000731843
0.000728246
0.000711949
0.000714869
0.000724374
0.000717777
0.00072109
0.000778716
0.000794243
0.000788784
0.00075298
0.000759067
0.000774433
0.000752274
0.000774514
0.000752665
0.000748299
0.000751739
0.000750803
0.000752074
0.000756363
0.00543109
0.00515308
0.00141617
0.000765305
0.00057359
0.000718993
0.000721464
0.000716397
0.000720209
0.000692848
0.000715807
0.000728339
0.00078169
0.000784
0.000769992
0.000762461
0.000745371
0.000741587
0.000736439
0.000733801
0.000716941
0.000721389
0.000729071
0.000722717
0.0007273
0.000768414
0.000776976
0.000780054
0.000761135
0.000763823
0.000753084
0.000769159
0.000747995
0.000747101
0.000746549
0.000749368
0.00112688
0.000979219
0.00628689
0.0068275
0.00239373
0.0012281
0.000722932
0.00072001
0.000727588
0.000725512
0.000632231
0.000724663
0.0007265
0.000766125
0.000767332
0.000764502
0.000760206
0.000752361
0.000751606
0.000743994
0.000733394
0.000730727
0.000744563
0.000738681
0.000737047
0.000768885
0.000764093
0.000769744
0.000759114
0.000750436
0.000753619
0.000760966
0.000871419
0.000966722
0.00155539
0.00833598
0.00824049
0.00135782
0.00103475
0.00190881
0.000724319
0.000722462
0.000726677
0.00073479
0.000564655
0.000728245
0.000724396
0.000769562
0.000767398
0.000759356
0.000754433
0.000749872
0.000746371
0.000731887
0.000733979
0.000742773
0.000739921
0.00073696
0.000766272
0.000765846
0.000757014
0.000754799
0.000754961
0.000758227
0.000575863
0.000754584
0.000793216
0.00245551
0.00119627
0.000836357
0.00188701
0.00179728
0.000728773
0.000725077
0.000749352
0.000536858
0.000730772
0.000726191
0.000755612
0.000757067
0.000754632
0.000749544
0.000747144
0.000729115
0.000736721
0.000742528
0.000741542
0.000736524
0.000765151
0.000762563
0.000749427
0.000763755
0.000750748
0.000752233
0.000473336
0.000481705
0.000625457
0.000612699
0.000561981
0.00184239
0.000996399
0.000638737
0.0016192
0.00166807
0.000729455
0.000736928
0.000767667
0.000732451
0.000731863
0.000731431
0.000756102
0.000749954
0.000748684
0.000743728
0.000737027
0.000732882
0.000743407
0.000739525
0.000737736
0.000760134
0.000748734
0.000759779
0.000747327
0.000747855
0.000374423
0.000387192
0.000487779
0.000432047
0.00163638
0.000406785
0.00191219
0.00153341
0.000776426
0.000447343
0.00133286
0.00152394
0.000725606
0.000745302
0.000731104
0.000733567
0.00073527
0.000750786
0.000749787
0.000749186
0.000745051
0.000737952
0.000737591
0.000743936
0.000740865
0.000739959
0.000755114
0.000745844
0.000742826
0.00138677
0.000287849
0.000294468
0.000346586
0.0002584
0.00141384
0.00028042
0.00197263
0.00159879
0.00122107
0.000550738
0.000267533
0.00103025
0.00136444
0.000739038
0.000729015
0.000735001
0.000731143
0.000740005
0.000742344
0.00074544
0.000743545
0.000736354
0.000737013
0.00074329
0.000740246
0.000740394
0.00141057
0.00115372
0.000214162
0.000204413
0.000207643
0.000103104
0.00116626
0.000183708
0.00202843
0.00164686
0.00128531
0.000922157
0.000332109
0.000108732
0.000728013
0.00118286
0.00162016
0.00114867
0.000939192
0.000150819
0.000119978
8.1391e-05
7.25056e-06
0.000908411
0.000109495
0.00223959
0.00169702
0.00132346
0.000980224
0.000643961
0.000138629
8.7239e-06
0.000443207
0.000977903
0.00189969
0.00129668
0.000928281
0.000734215
9.26508e-05
4.46853e-05
4.63519e-06
0.000653174
5.75093e-05
0.0012556
0.00194709
0.00136943
0.00100911
0.000691606
0.000392993
1.4548e-05
0.000197864
0.00257212
0.00147363
0.00102266
0.000727899
0.000534205
3.76543e-05
1.52169e-06
0.000408089
3.12035e-05
0.00113315
0.000963889
0.00160765
0.00105071
0.000712221
0.00042694
0.000178143
3.38004e-05
0.00425397
0.00197158
0.00111917
0.000798785
0.000539305
0.000341556
1.08614e-06
0.000186906
0.00141733
0.000947352
0.000716808
0.00124651
0.0007466
0.000440591
0.000196642
2.72824e-05
0.00438211
0.00366596
0.00146676
0.000820699
0.000600001
0.000357293
0.00016236
2.62923e-05
0.00183978
0.00121074
0.000772483
0.000507445
0.000886761
0.000465268
0.000204828
3.21054e-05
0.00546694
0.00366252
0.0030067
0.00104938
0.000579475
0.000414115
0.000181678
2.42782e-05
0.00217779
0.00146715
0.00100062
0.000604806
0.000331549
0.000550655
0.000218713
3.50744e-05
0.00451787
0.00470106
0.00292803
0.00234604
0.000709988
0.000394275
0.000229543
3.46997e-05
0.00236271
0.00172919
0.00112089
0.000785301
0.000441625
0.000188064
0.000260342
3.95356e-05
0.00400222
0.00376539
0.00389114
0.00221416
0.0017355
0.000415343
0.000242318
6.24901e-05
0.00238555
0.00187164
0.00131702
0.000808094
0.000560756
0.000285401
7.85088e-05
5.33386e-05
0.00381956
0.00336753
0.0030112
0.00309126
0.001568
0.00119326
0.000209156
8.85785e-05
0.00222803
0.00189042
0.00142247
0.000947996
0.000533774
0.000326934
0.000130691
1.52298e-05
0.00377061
0.00320477
0.00270112
0.00225701
0.00233377
0.00101262
0.000647821
8.02165e-05
0.00186879
0.00177233
0.00143752
0.00102198
0.000626273
0.000301662
0.000124391
1.38365e-05
0.00394473
0.00316291
0.00256995
0.00204885
0.00154834
0.00163984
0.000552241
0.000141235
0.00142724
0.0014903
0.00135217
0.0010335
0.00067407
0.000354755
0.000117221
9.3918e-06
0.00437254
0.00329214
0.0025351
0.00195186
0.00143703
0.000928301
0.000960117
0.000214789
0.00109244
0.00121606
0.00113909
0.000975068
0.000682271
0.000381291
0.000139651
9.39168e-06
0.00524875
0.00364441
0.00262843
0.00192441
0.00137217
0.000889773
0.000449176
0.000258495
0.00125118
0.000913539
0.00100252
0.000821997
0.00064528
0.000386397
0.00015051
1.31748e-05
0.00408174
0.00451422
0.00291749
0.00198672
0.00135187
0.000852453
0.000435675
0.000143428
0.00220887
0.000961769
0.000746229
0.000784757
0.000543532
0.000366303
0.000152871
1.51714e-05
0.00401397
0.00330646
0.00368347
0.0022081
0.001388
0.000838474
0.000418853
0.000125045
0.00202486
0.00191169
0.000713024
0.000585215
0.000558063
0.000307665
0.00014494
1.56566e-05
0.00253875
0.00337264
0.00253454
0.00281557
0.0015574
0.000851824
0.000410399
0.000120181
0.00194536
0.00168962
0.00157259
0.00050356
0.000427468
0.000324366
0.00012024
1.4246e-05
0.00192699
0.00189796
0.00260633
0.00181614
0.00196151
0.000992296
0.000409227
0.000115771
0.00187626
0.00161794
0.00135863
0.00121486
0.000328606
0.000275851
0.000123384
1.00567e-05
0.00169462
0.00150132
0.00133102
0.00179472
0.00120812
0.00115622
0.000520674
0.000111403
0.00181159
0.00156267
0.00129531
0.00103895
0.000861608
0.000186275
0.000125365
9.38442e-06
0.00141585
0.00136225
0.00114677
0.000864971
0.00105805
0.000697022
0.000393851
0.000163271
0.00191329
0.00186859
0.00150152
0.00125162
0.000984465
0.000736045
0.000533203
7.70947e-05
1.26006e-05
0.00139077
0.0011505
0.00106994
0.000853064
0.000508475
0.000478544
0.000304119
3.52833e-05
0.00137002
0.00179337
0.00159703
0.00119074
0.000951523
0.000692416
0.000457022
0.000249949
1.39573e-05
0.0016151
0.00115647
0.000928511
0.000821085
0.000606984
0.000267035
0.000146792
8.94944e-05
0.000566023
0.00120787
0.00119358
0.00165775
0.00131044
0.000896201
0.000669292
0.000426025
0.000213198
4.94572e-05
0.00140783
0.000941405
0.000731156
0.000605517
0.000410684
0.000137311
4.02164e-05
0.000408358
0.000501505
0.00116319
0.00101653
0.000985537
0.0015088
0.0010096
0.000624273
0.000411385
0.000196406
3.72602e-05
0.0006305
0.000940882
0.00116921
0.000736499
0.000544547
0.000409706
0.000252384
9.46062e-05
0.000280042
0.000399705
0.000994838
0.00081945
0.000762988
0.00134489
0.000710682
0.000380248
0.000188082
3.21266e-05
0.000523454
0.000815876
0.00091462
0.000536498
0.00036115
0.000227112
9.66613e-05
0.000183533
0.000308876
0.00081423
0.000623506
0.000537584
0.0011607
0.000430388
0.000171695
2.93574e-05
0.000418947
0.000677298
0.000659885
0.000343283
0.00018398
6.45681e-05
0.000109872
0.000231159
0.000627614
0.000434801
0.000321836
0.00095385
0.000189814
2.53532e-05
0.000317672
0.000528773
0.000413463
0.000163504
3.6095e-05
5.95556e-05
0.000163991
0.000441706
0.000258553
0.000132428
3.08785e-05
0.000220478
0.000376424
0.000190286
2.47269e-05
3.22534e-05
0.000101611
0.000263595
0.000103701
1.30157e-05
0.000130236
0.000226768
2.7394e-05
4.19054e-05
0.000105294
7.69073e-06
4.95961e-05
9.05245e-05
1.3577e-06
7.52683e-06
1.96942e-06
5.85691e-06
0.000739591
0.000739072
0.000740657
0.000740887
0.000741802
0.000740995
0.000741166
0.000742199
0.00074003
0.000738885
0.00074017
0.000740614
0.00074144
0.000741382
0.000742041
0.000744864
0.000758738
0.00076374
0.000768533
0.000777974
0.000782247
0.000744
0.000747463
0.000741911
0.000743739
0.000742492
0.000740674
0.000742165
0.000743601
0.000741022
0.000794604
0.000798749
0.000740013
0.000740079
0.000740969
0.000741186
0.000742299
0.000742119
0.000745553
0.000748118
0.000751264
0.000753315
0.000756754
0.000764354
0.000770375
0.000776784
0.000789359
0.000794502
0.000819006
0.000821047
0.000750108
0.000753184
0.00075579
0.000759525
0.00076406
0.000771463
0.000780764
0.000743752
0.000747904
0.000741688
0.000742639
0.00074263
0.000740876
0.000743437
0.000744618
0.00074238
0.000778286
0.000786262
0.00084
0.000849049
0.000808865
0.000808952
0.000833198
0.000739873
0.000740618
0.000741232
0.000742449
0.000743897
0.000745466
0.000749492
0.000751005
0.000757967
0.000759904
0.000764644
0.000771047
0.000784229
0.000796371
0.000804236
0.000812441
0.000830952
0.000833985
0.000859995
0.000869232
0.000906589
0.000899673
0.000922807
0.00074704
0.000751966
0.00075349
0.000758202
0.000763773
0.000743761
0.000746852
0.000741634
0.000741949
0.000743587
0.000741541
0.000744497
0.000744468
0.000744744
0.000763757
0.000780075
0.000780952
0.000803571
0.000811609
0.000905705
0.000852851
0.000892513
0.000835378
0.000850157
0.000742868
0.000743137
0.000745379
0.000746154
0.000750073
0.000750588
0.000757335
0.000756037
0.000766234
0.000762474
0.000776184
0.000779335
0.000821995
0.000808338
0.000825592
0.000847964
0.00085458
0.000866122
0.000886017
0.000897273
0.000950435
0.000951906
0.000999613
0.00101867
0.00098227
0.00102505
0.00103145
0.00122802
0.000746524
0.000751757
0.000753081
0.000756986
0.00074594
0.000745379
0.000743833
0.000746529
0.000742158
0.000741969
0.000744434
0.00074375
0.000741998
0.000746274
0.000745148
0.00076095
0.000772046
0.00078051
0.00152738
0.00135111
0.0015016
0.000800653
0.000803323
0.000830355
0.000844391
0.000906626
0.000919244
0.00106638
0.00097186
0.000861412
0.000909858
0.000750616
0.000748192
0.0007544
0.000751084
0.000759456
0.000754788
0.000764573
0.000761499
0.000764956
0.000770379
0.00078114
0.000782997
0.000793079
0.00081894
0.000850218
0.000825334
0.000851467
0.000972124
0.000970518
0.000964491
0.00103129
0.00202977
0.00209294
0.00175535
0.00118009
0.00118067
0.00129882
0.0012487
0.0012505
0.001376
0.00138889
0.00186904
0.00156467
0.00355223
0.00332325
0.00339967
0.0021065
0.00299654
0.00280582
0.00246313
0.00212332
0.000746574
0.000750829
0.000750451
0.00075545
0.000744147
0.000743567
0.000743951
0.000745661
0.000742594
0.000742567
0.00074217
0.000746427
0.00074544
0.000744281
0.000743668
0.00076035
0.000773875
0.000803201
0.000781721
0.000798222
0.00366313
0.00367477
0.00284446
0.00272649
0.00214532
0.00111851
0.00137255
0.00156611
0.00192713
0.000837197
0.000839015
0.000847671
0.00084682
0.000891051
0.00090291
0.000992121
0.000976676
0.00105821
0.00363301
0.00342498
0.00126152
0.00328214
0.00288472
0.00263638
0.00148377
0.00179033
0.00189198
0.00263074
0.000779692
0.00076702
0.000783307
0.000769822
0.000786015
0.000775112
0.000789697
0.000789996
0.000798215
0.00079578
0.00080933
0.00081025
0.000848821
0.000876942
0.000930568
0.000903187
0.00114018
0.00133438
0.00110154
0.00174014
0.00142862
0.001329
0.0016312
0.00146228
0.00143897
0.00252526
0.00304925
0.00350312
0.00304437
0.0026815
0.00228379
0.00180593
0.00167057
0.00184451
0.00200632
0.00259976
0.00190765
0.00204232
0.00348497
0.00355013
0.00361248
0.00369941
0.00357005
0.00340354
0.00329256
0.00330274
0.00138581
0.00136695
0.00284751
0.00297169
0.00153378
0.00160435
0.00191165
0.00254641
0.00207319
0.0024097
0.000746573
0.00074974
0.000749108
0.000758534
0.00074321
0.000742992
0.000742975
0.000743889
0.000745188
0.000746443
0.000745198
0.000744522
0.000743517
0.00074339
0.000743107
0.000758609
0.000774332
0.000776368
0.000795103
0.00079944
0.000826475
0.000793967
0.00349717
0.00374789
0.00338269
0.00371023
0.00365083
0.00274194
0.00332336
0.00262475
0.00215122
0.000837697
0.00192262
0.00117786
0.0017564
0.00134707
0.000879293
0.000873882
0.000899849
0.000887921
0.0009212
0.000909973
0.00103434
0.0010283
0.0011764
0.00369695
0.00339282
0.0037573
0.00113348
0.0012053
0.000952191
0.00323811
0.00280042
0.00265893
0.00180203
0.00114184
0.00157841
0.000621442
0.00082673
0.00386347
0.00129164
0.000684983
0.000842541
0.00077667
0.000875779
0.00086234
0.000903777
0.000942252
0.00087926
0.000870559
0.000944559
0.000951652
0.00114596
0.00121819
0.00171037
0.00132785
0.00174872
0.00134754
0.00131281
0.00176855
0.00148442
0.00160949
0.00186912
0.00223732
0.00184444
0.00156252
0.00203107
0.00181038
0.00215283
0.00203324
0.00274128
0.00314679
0.00354082
0.00335262
0.00294845
0.00246927
0.0024783
0.00227107
0.00280539
0.00231854
0.00251946
0.00360721
0.00349865
0.00368515
0.00355578
0.00362706
0.00333174
0.00339065
0.00287826
0.00312549
0.00303481
0.001461
0.00162586
0.002479
0.00263929
0.00227155
0.0021557
0.0019618
0.000757601
0.000746428
0.00074886
0.000748622
0.000743111
0.00074374
0.000744833
0.000759406
0.000745965
0.000744883
0.000744501
0.000743737
0.000743854
0.000743355
0.000743826
0.000743902
0.000746843
0.000745109
0.000744493
0.000748485
0.000748035
0.000750366
0.000772434
0.000773738
0.000776413
0.000785559
0.00084121
0.000812584
0.000813179
0.000797088
0.00381285
0.00380575
0.00353967
0.00244601
0.00335177
0.00284021
0.000870907
0.000905376
0.000929805
0.00241438
0.00141385
0.00227123
0.00154538
0.000932442
0.00092244
0.00100264
0.000986142
0.00116464
0.00116841
0.00133721
0.00376701
0.00378143
0.00357325
0.00387858
0.00392576
0.00339502
0.000839739
0.000904355
0.000674227
0.00293991
0.00271207
0.00207922
0.00150873
0.000864596
0.00909392
0.00821441
0.00217155
0.000903336
0.00742655
0.00528197
0.00139123
0.000908209
0.00114846
0.000910434
0.0010764
0.000993689
0.00112873
0.00127192
0.00124687
0.00177
0.00181231
0.00151402
0.00223667
0.00173183
0.00194831
0.00250709
0.0024722
0.00270187
0.00222167
0.00239236
0.00258342
0.00287072
0.00222871
0.00242743
0.00264749
0.0023469
0.00273313
0.00243566
0.00348771
0.00319299
0.0033926
0.00330552
0.00307382
0.00305365
0.00318698
0.00305973
0.00297709
0.00365258
0.00349411
0.00341753
0.00352631
0.00349067
0.00302819
0.00328114
0.00257323
0.00277352
0.00215379
0.00228759
0.000756057
0.000753083
0.000749775
0.000756921
0.000744126
0.00074602
0.000747585
0.000755081
0.000761114
0.000745236
0.000744222
0.000744298
0.000743614
0.000744016
0.000743628
0.000744637
0.000744822
0.000748051
0.000742031
0.000747165
0.000748481
0.000751013
0.000752564
0.000771247
0.000774312
0.000786315
0.000794854
0.000865365
0.000841441
0.000841264
0.000811681
0.00317564
0.00330831
0.00384333
0.000924181
0.000943688
0.000945716
0.00103071
0.000986634
0.00233481
0.0029764
0.00165266
0.00209784
0.0013839
0.0012876
0.00167275
0.00169756
0.00150242
0.00370224
0.00391665
0.00394109
0.00374336
0.00374668
0.00351726
0.0030329
0.00276478
0.000615797
0.000704659
0.00239463
0.00188378
0.00145955
0.00078809
0.00915425
0.0103078
0.0038272
0.00830503
0.0101741
0.00984335
0.00550957
0.00340403
0.00942716
0.00895594
0.00456658
0.00252722
0.00352429
0.00204451
0.00294032
0.00185643
0.00253167
0.00252413
0.00203427
0.00299179
0.00261601
0.00261894
0.00252063
0.0026512
0.00315547
0.00306925
0.00311582
0.00334479
0.00306546
0.00279498
0.00323998
0.00342022
0.00288888
0.00317156
0.0033847
0.00308269
0.00338516
0.00361052
0.00345803
0.00359885
0.00346808
0.00357029
0.00344433
0.0034505
0.0034754
0.00355057
0.00354204
0.00315442
0.00337495
0.00269573
0.00284738
0.00216571
0.00232798
0.000759238
0.00075684
0.000756165
0.000753956
0.0007494
0.000749909
0.000753667
0.000758991
0.000765925
0.000746977
0.000741821
0.000746821
0.000742319
0.00074818
0.000744804
0.000750846
0.000746208
0.000747584
0.000749213
0.000750673
0.000752761
0.000754039
0.000775998
0.000776655
0.000787786
0.000816214
0.00080265
0.000780662
0.000911329
0.00087208
0.000876003
0.000845928
0.000949666
0.00382987
0.003378
0.000983036
0.000929784
0.00121247
0.00111187
0.00181153
0.00214586
0.00219433
0.00211011
0.00305083
0.0025805
0.00229572
0.00248892
0.00234399
0.00394822
0.00414295
0.00377819
0.00396744
0.00324232
0.00293774
0.00237933
0.00219339
0.00189147
0.00179618
0.000609059
0.00134863
0.00767514
0.00987827
0.0022957
0.00576168
0.00967007
0.0106804
0.00857525
0.00738801
0.01071
0.0102591
0.00694957
0.0058221
0.00571925
0.00380078
0.0043959
0.0035159
0.00316383
0.00331505
0.00416157
0.00345208
0.00393343
0.00334434
0.00360616
0.00363604
0.0038818
0.00378889
0.00375847
0.00362677
0.00356741
0.00335292
0.00366423
0.00381451
0.00345262
0.00361679
0.00372652
0.00359424
0.00370657
0.00358715
0.00354861
0.00355166
0.00364208
0.00363186
0.00361923
0.00326298
0.00342257
0.00276569
0.00293821
0.0022234
0.00239946
0.000788426
0.000667288
0.000759282
0.000760242
0.000759201
0.00075762
0.000756803
0.000754807
0.000757001
0.000757604
0.000762991
0.000763736
0.000780414
0.000747335
0.000746667
0.000748153
0.000748486
0.000751938
0.000749102
0.000749958
0.000751785
0.000753126
0.000753996
0.000755737
0.000775623
0.000799832
0.000803194
0.000849386
0.000792817
0.000800745
0.000949329
0.0008977
0.000905972
0.000850634
0.00100954
0.00115675
0.000904211
0.00389801
0.00373854
0.00190588
0.00167967
0.00239511
0.0034778
0.00316511
0.00282662
0.00308558
0.00340316
0.00363666
0.00305699
0.00384836
0.0044687
0.00305712
0.00354685
0.00255433
0.00225548
0.00181894
0.00167008
0.000598122
0.000906862
0.00597467
0.00920835
0.00156107
0.00343642
0.00873025
0.0103384
0.00975913
0.00878863
0.00961967
0.0102193
0.00720598
0.00850392
0.00785532
0.00651284
0.00567745
0.00561726
0.00492401
0.00393436
0.00409668
0.00509728
0.0044307
0.0039785
0.00418034
0.00376566
0.00384221
0.00411735
0.00397748
0.00382265
0.00391642
0.00364259
0.00367337
0.00378603
0.00360515
0.00375754
0.00362088
0.00368021
0.00352093
0.00356947
0.00352839
0.00344877
0.00330528
0.00350123
0.00342448
0.00287471
0.00304808
0.00229644
0.00250621
0.000760801
0.000779313
0.000806908
0.000701484
0.000758862
0.000756995
0.000757587
0.000758819
0.000758648
0.000758481
0.000757316
0.000758369
0.000755017
0.000757555
0.000772341
0.000764269
0.000759193
0.000760978
0.000750716
0.000751912
0.000753
0.00075315
0.000753995
0.000755662
0.000756895
0.000757975
0.000758133
0.000779267
0.000794104
0.000813909
0.000839168
0.000848993
0.000820246
0.000948178
0.00103249
0.000887744
0.000955602
0.00109374
0.00130552
0.00127059
0.00147455
0.00181489
0.00358246
0.00404794
0.00481932
0.00298492
0.00404902
0.00377755
0.0039861
0.00430308
0.00425062
0.00465876
0.0035182
0.00398952
0.00284621
0.00242261
0.00196718
0.00171863
0.000658974
0.000720523
0.00447855
0.00770189
0.00114131
0.00231222
0.00720634
0.00889905
0.00990115
0.00940985
0.00848266
0.00940284
0.0077463
0.00822371
0.00928242
0.008695
0.00570109
0.00729391
0.00672492
0.00648593
0.00596914
0.00444671
0.00476767
0.00534329
0.00509946
0.00431361
0.00447401
0.00422596
0.00352725
0.00369958
0.00373112
0.0038681
0.00397249
0.00312526
0.00303735
0.00333888
0.00355142
0.00355426
0.00316181
0.00328596
0.00333967
0.00332583
0.00309967
0.00318264
0.00294034
0.00312368
0.00308172
0.00237855
0.00257554
0.000745272
0.000755974
0.000764747
0.000787525
0.00080917
0.000720579
0.000756971
0.00075532
0.000756722
0.000757821
0.000760087
0.000759756
0.000761005
0.000758397
0.00074988
0.000753629
0.000753326
0.000756415
0.000746195
0.000747146
0.000743662
0.00074383
0.000783132
0.000764612
0.000757844
0.000762974
0.000756991
0.000762198
0.000761734
0.000759711
0.000759942
0.000759762
0.000766004
0.000764347
0.000767304
0.000796702
0.000824875
0.000806451
0.000841012
0.000881827
0.000874994
0.000907278
0.00102278
0.00110566
0.000961323
0.00102276
0.00121051
0.00141678
0.00270212
0.00306858
0.00223157
0.00347621
0.00398704
0.00439082
0.00391228
0.00469254
0.00484647
0.00563941
0.00511244
0.00450824
0.00533721
0.00336824
0.00278613
0.00229567
0.00195109
0.000726262
0.000705191
0.00337496
0.00549612
0.000937863
0.00182616
0.00554382
0.00801483
0.00915743
0.00937027
0.007629
0.00854312
0.00803553
0.00862129
0.00913525
0.00889862
0.00576403
0.0062201
0.00796429
0.00671201
0.00747384
0.00707732
0.00550438
0.00481761
0.00496286
0.00443425
0.00478609
0.00398793
0.00440228
0.00304033
0.00341188
0.00346692
0.00373945
0.00273727
0.00232263
0.00238587
0.00232617
0.00268454
0.00301903
0.00303207
0.00256845
0.00265093
0.00264625
0.00255629
0.00231875
0.00271539
0.000750039
0.000737664
0.000745612
0.000748954
0.000760225
0.000772171
0.00079078
0.000814686
0.000735617
0.000737836
0.000734037
0.000737065
0.000733545
0.000735787
0.000742158
0.000740941
0.000741196
0.000740143
0.00074164
0.000739804
0.000742128
0.00073941
0.000735718
0.000736496
0.000739023
0.000737506
0.000741134
0.000738742
0.000738947
0.000756259
0.000754543
0.000756585
0.000757626
0.000762029
0.000763996
0.000758664
0.00074902
0.000753136
0.00075308
0.000755969
0.000745694
0.000748171
0.000743075
0.000744611
0.000767691
0.000769354
0.000777041
0.000768208
0.000769236
0.000770935
0.000770179
0.000769005
0.000772067
0.000775429
0.0007739
0.000776022
0.000771827
0.000783745
0.000810368
0.000791846
0.000854673
0.000828022
0.000876153
0.000930478
0.000919204
0.000974457
0.00116963
0.00126597
0.00105044
0.00118544
0.00170207
0.00266533
0.00550707
0.00509947
0.00483948
0.00449222
0.00501221
0.00534729
0.00571784
0.00355107
0.00428574
0.00551892
0.00430663
0.00540059
0.00285991
0.00236854
0.000822645
0.000702921
0.00462349
0.00259311
0.00350258
0.000843962
0.0014619
0.00611753
0.00714398
0.00822557
0.00868343
0.00662348
0.00740423
0.00618881
0.00859544
0.00839533
0.00870219
0.00593622
0.00660822
0.00818703
0.00767123
0.00695372
0.00746093
0.00564
0.00512543
0.00463815
0.00506712
0.00398311
0.00441023
0.00290571
0.00371437
0.00329868
0.00290712
0.00220936
0.0025086
0.0018689
0.00178928
0.00214464
0.00212213
0.00172061
0.00167535
0.00162726
0.000805431
0.000796225
0.000821321
0.000740611
0.000749483
0.000755967
0.000767415
0.000780569
0.000738892
0.000742903
0.000737134
0.000738796
0.000733516
0.000737739
0.000740809
0.000741782
0.000738011
0.000740232
0.000735407
0.000739315
0.000731578
0.000737679
0.000732199
0.00073661
0.000731075
0.000736229
0.000736023
0.000756696
0.000755255
0.000757728
0.000759825
0.000761614
0.000749216
0.000753261
0.000753574
0.000754909
0.000745957
0.000748962
0.000744098
0.000745747
0.000762981
0.000771903
0.000767498
0.000785658
0.000781771
0.000783265
0.000787067
0.000784075
0.000789622
0.000793599
0.000783931
0.000786328
0.000781953
0.000825018
0.000805022
0.000806272
0.000886547
0.000851009
0.000922996
0.00100334
0.000987637
0.00109465
0.00110606
0.00207847
0.00118886
0.00137045
0.00345722
0.00479826
0.00587452
0.00584258
0.00646339
0.0064122
0.00709179
0.006593
0.00581661
0.00563864
0.00511023
0.00296065
0.00399958
0.000877913
0.00087505
0.000842809
0.00328005
0.00447997
0.00192692
0.00298214
0.00120669
0.00495688
0.00558145
0.00749342
0.0081592
0.00491536
0.00696913
0.00543515
0.00605949
0.00645779
0.00598166
0.0080878
0.00798366
0.006123
0.00668839
0.00780331
0.00755692
0.00689924
0.00729108
0.00594547
0.0054156
0.0047101
0.00522374
0.00406149
0.00460208
0.00337727
0.00393796
0.00276909
0.00333396
0.00197242
0.00252054
0.00137654
0.00155966
0.0014001
0.000749974
0.000809102
0.000849801
0.000775527
0.000791428
0.000746613
0.0007572
0.000765092
0.00074518
0.000748878
0.000743148
0.000743743
0.000741856
0.000742789
0.000742763
0.00074364
0.000742548
0.000742392
0.000742456
0.000742402
0.000741872
0.00074231
0.000741238
0.000741904
0.000742373
0.000757938
0.000758011
0.000761107
0.00076193
0.000750048
0.00075422
0.000755079
0.0007573
0.000747491
0.000750644
0.00074532
0.000748837
0.000770773
0.000770857
0.000787516
0.000779454
0.000811617
0.000802986
0.000816625
0.000811224
0.000800096
0.000804777
0.000817622
0.000809801
0.00079559
0.000820669
0.000802794
0.000804377
0.000866151
0.000860786
0.000949494
0.000928085
0.00105192
0.00106963
0.0012314
0.00118535
0.00160329
0.00262663
0.00139053
0.00177303
0.00514735
0.00633328
0.00744111
0.00627745
0.00585669
0.00698778
0.00698827
0.00642255
0.00521146
0.00487576
0.00154645
0.000857847
0.000895254
0.000849505
0.00109553
0.00111114
0.00380861
0.00256381
0.00286706
0.00453095
0.00400669
0.00748311
0.00702715
0.00449062
0.00502411
0.0065497
0.00616561
0.00511424
0.00548935
0.00538035
0.00576751
0.00753237
0.00732128
0.0062912
0.0066889
0.00730837
0.00720186
0.00689419
0.00513373
0.00600704
0.00551836
0.00454493
0.00513241
0.00370195
0.0043494
0.00281025
0.00334902
0.00179354
0.00231924
0.000793081
0.000802928
0.000755038
0.000766637
0.000779035
0.000747465
0.000758972
0.000745513
0.000750589
0.000745328
0.000744592
0.000743023
0.000746873
0.000741784
0.000745258
0.000742287
0.000745253
0.000741322
0.000744914
0.000745538
0.000766042
0.000760093
0.00076354
0.000767651
0.000754232
0.000756149
0.000760689
0.000757999
0.00075204
0.000754445
0.000750725
0.000752751
0.00078867
0.000784699
0.000785403
0.000804044
0.000791892
0.000837631
0.000835803
0.000831528
0.000846482
0.000871117
0.000859499
0.000865383
0.000846081
0.000844664
0.000827829
0.000815498
0.000858387
0.00084567
0.000875721
0.000952207
0.000941407
0.00125801
0.00121606
0.00107978
0.00113092
0.0016124
0.00152695
0.00381368
0.00508453
0.00369593
0.00647201
0.0072486
0.00714438
0.00689752
0.0063925
0.00607625
0.00518745
2.50745e-05
0.00265438
0.000817309
0.00149315
0.00207041
0.000860601
0.000864243
0.000938711
0.000958041
0.00110418
0.00112468
0.00367347
0.0034648
0.004362
0.00405974
0.00685716
0.00647467
0.00443768
0.00472494
0.00598618
0.00564406
0.0046483
0.00502126
0.00513654
0.00698127
0.00667471
0.00624326
0.00666313
0.00673884
0.00660995
0.00555446
0.00599691
0.0045748
0.00519062
0.00344741
0.00396267
0.00232127
0.00282984
0.000797397
0.000763867
0.000781103
0.000789823
0.000786498
0.000755401
0.000765489
0.000749864
0.000758229
0.000749905
0.000753085
0.000748418
0.000750834
0.000749409
0.000748701
0.000749306
0.000749075
0.000748934
0.00075537
0.00076759
0.000764087
0.000781489
0.000763225
0.000759974
0.000759222
0.000783209
0.000761668
0.000760638
0.00076202
0.000789246
0.000787057
0.000799045
0.000812415
0.000812032
0.000838242
0.000830551
0.000876316
0.000884279
0.00089546
0.000894119
0.000961184
0.000927336
0.000928775
0.000882743
0.000878721
0.000914305
0.000906963
0.000952867
0.000956558
0.00111681
0.0010614
0.00157645
0.00138374
0.00147905
0.00140358
0.00656058
0.00400698
0.00647705
0.00604883
0.00605389
0.00646023
0.00580969
0.00604067
0.00324763
0.00249845
0.00314362
0.000863699
0.000823436
0.00145177
0.00184232
0.00092082
0.000926881
0.00103387
0.00106224
0.00119689
0.00402608
0.0038365
0.00419486
0.0040435
0.00611801
0.00573206
0.00409218
0.00433923
0.00425261
0.00469634
0.00505117
0.00626406
0.00594621
0.00601076
0.00608177
0.00623119
0.00512845
0.0055911
0.00388182
0.0043698
0.00271335
0.00315981
0.000810219
0.000830933
0.000773541
0.000778825
0.000797282
0.000814204
0.000764083
0.000770609
0.000757265
0.00076456
0.000753641
0.000760507
0.000758702
0.000756309
0.000757677
0.000760491
0.000759707
0.000795773
0.000767066
0.000767304
0.000769457
0.000769951
0.000786656
0.000766706
0.000794195
0.000787876
0.000772303
0.000768054
0.000819224
0.000814264
0.000842577
0.000829858
0.000867807
0.000856962
0.000915275
0.00090371
0.000952346
0.000989505
0.00108846
0.0010179
0.0010147
0.00096844
0.000961744
0.000987965
0.000991299
0.00105707
0.00111798
0.00108104
0.0014753
0.00128659
0.00569735
0.00252325
0.00303629
0.00235658
0.00602426
0.00570687
0.00559143
0.00583716
0.00525804
0.00498118
0.00361623
0.00296991
0.00351443
0.00238527
0.00285321
0.000901802
0.000849041
0.00148123
0.00183539
0.0010013
0.0010456
0.00124752
0.00395701
0.0039115
0.00389777
0.00387854
0.00456979
0.00485317
0.00541877
0.0037249
0.00387177
0.00367698
0.00398322
0.00369508
0.00567488
0.00532989
0.00521609
0.00532215
0.00407025
0.00440527
0.00296066
0.00330008
0.00083111
0.000862
0.000783187
0.000794309
0.000815792
0.000825144
0.000776484
0.000783166
0.000766654
0.000770777
0.000774246
0.000776522
0.000773966
0.000769071
0.000774184
0.000815298
0.000811616
0.000776436
0.00077382
0.000781809
0.000781373
0.000797347
0.000806469
0.00078846
0.000802016
0.000793244
0.000869971
0.000866171
0.000853497
0.000906407
0.000882864
0.000955958
0.000979672
0.000981429
0.00103551
0.0010237
0.0014082
0.00114287
0.00110438
0.00115494
0.00111459
0.0010952
0.00128551
0.00122543
0.00132421
0.00120981
0.00159784
0.00374997
0.00380685
0.00574698
0.00492228
0.00534823
0.00542518
0.00548589
0.00459441
0.00475084
0.00349542
0.00373301
0.00389928
0.00287896
0.00339736
0.00221014
0.00278282
0.000916846
0.000965412
0.00136613
0.00181066
0.00112617
0.00116209
0.00381461
0.00388214
0.00378144
0.00352069
0.00364444
0.00446112
0.00392139
0.00478986
0.00307892
0.00319812
0.00321501
0.00284636
0.00340831
0.00467569
0.00452431
0.003934
0.00403259
0.00298223
0.00319725
0.000872877
0.000911508
0.000796603
0.000813733
0.000842379
0.000871351
0.000786164
0.000787915
0.000800053
0.000795606
0.000785686
0.000789107
0.000787163
0.000847007
0.000823567
0.000811322
0.000806208
0.000797495
0.000819037
0.000822861
0.000813137
0.000830525
0.000817158
0.00094615
0.00093105
0.000923379
0.000885203
0.00104772
0.00108719
0.00105757
0.00109141
0.00114593
0.00111571
0.00130394
0.0012331
0.00238692
0.00139975
0.001483
0.0015864
0.00180756
0.00175887
0.00195624
0.00507919
0.00374323
0.00586826
0.006005
0.00543623
0.00550932
0.00447176
0.00473292
0.00355561
0.00376142
0.00385251
0.00293435
0.00332856
0.00213482
0.00278887
0.00108574
0.00104814
0.00157179
0.00130703
0.00170727
0.00380256
0.00349583
0.00362722
0.00361241
0.00378878
0.00372271
0.00292233
0.00319117
0.00344368
0.00389753
0.0024736
0.00253829
0.00243271
0.00287466
0.00351732
0.00348315
0.00276989
0.00288451
0.00106822
0.000905699
0.000960125
0.000826179
0.000846996
0.000865027
0.000914434
0.000823734
0.000816125
0.000841419
0.000826762
0.000826825
0.000857046
0.000846325
0.000882191
0.000863056
0.000844647
0.000838133
0.000859848
0.00086427
0.000865178
0.000869727
0.00105356
0.00100345
0.000995572
0.000947136
0.00141062
0.00147018
0.00134818
0.00130876
0.00124207
0.00179135
0.0020436
0.00307208
0.00530137
0.00575646
0.00498308
0.00373504
0.00511021
0.00551858
0.00603868
0.00595331
0.00584109
0.00541805
0.00581927
0.00449732
0.00480165
0.00356796
0.00374032
0.00213074
0.00287238
0.00277929
0.00332435
0.00127961
0.00136932
0.00148158
0.00171238
0.00374623
0.00370072
0.00373641
0.00310006
0.00334341
0.00352586
0.00350861
0.00323281
0.00225477
0.00254779
0.00265484
0.00292684
0.00187764
0.00206697
0.00202524
0.00235153
0.00235669
0.00122055
0.00129066
0.000984507
0.00120337
0.00089816
0.000894264
0.00097841
0.00089059
0.000869061
0.000871393
0.000908092
0.000815159
0.000959804
0.000915982
0.000900237
0.000925069
0.000955304
0.00093004
0.000935812
0.000907894
0.000922213
0.00114446
0.00113067
0.00104123
0.00104561
0.00244597
0.00327482
0.00251343
0.00346867
0.00286933
0.00396474
0.00261256
0.00463606
0.00477556
0.00606319
0.00743352
0.00608225
0.006004
0.00657427
0.00667901
0.00757011
0.00565113
0.00588041
0.00457027
0.00495149
0.00344567
0.003642
0.00237771
0.00277447
0.00312592
0.00331215
0.00144013
0.00166212
0.00197956
0.00218661
0.0037583
0.00364137
0.00352965
0.00325438
0.00325954
0.00246705
0.00292827
0.00294569
0.00170799
0.0020222
0.00136606
0.00159346
0.00182661
0.00159906
0.00087177
0.00142633
0.00153332
0.00107644
0.00107717
0.00134224
0.000947711
0.000925391
0.000912371
0.00109956
0.00121145
0.00119616
0.00121892
0.00122599
0.000973839
0.000939333
0.00103049
0.000999597
0.000952105
0.00304605
0.0017055
0.00202545
0.00152524
0.00293887
0.00517148
0.00548311
0.00446869
0.00535542
0.00393263
0.00475652
0.00347977
0.00421526
0.00639385
0.00625206
0.00687538
0.00690559
0.00602212
0.00663906
0.00659806
0.00506238
0.00554538
0.00366198
0.00366403
0.00313433
0.00295351
0.00339969
0.00196128
0.00233558
0.00290462
0.00370544
0.00361947
0.00349721
0.0032245
0.00303221
0.00251769
0.00250907
0.00205096
0.00159813
0.00133323
0.00251301
0.00179115
0.0021477
0.00147302
0.00149894
0.00144499
0.00152878
0.00173542
0.0015198
0.00174564
0.00137711
0.00142765
0.00146187
0.00137494
0.00156029
0.00153638
0.00180053
0.00185474
0.00233469
0.00362496
0.00269997
0.00291779
0.00295825
0.00369089
0.00442963
0.00474639
0.00624352
0.00584287
0.00581472
0.00553415
0.00567129
0.00509044
0.00554578
0.00627162
0.0061088
0.00578358
0.00610692
0.00582978
0.00348043
0.00361477
0.0029389
0.00318464
0.00332904
0.00369462
0.00358602
0.00346076
0.00323241
0.00306419
0.0026882
0.00225363
0.00164462
0.00281425
0.00326596
0.00219678
0.00261218
0.00169036
0.00171365
0.00184602
0.00223609
0.00202879
0.00166174
0.00193982
0.00173715
0.00224358
0.00208402
0.002142
0.00281564
0.00282629
0.00273342
0.00390768
0.00357079
0.00360818
0.00360202
0.0048256
0.00487337
0.00502628
0.0054651
0.00567207
0.00573131
0.00549587
0.00552366
0.00529011
0.00493123
0.00501763
0.00359979
0.00363105
0.00346265
0.00337341
0.00368904
0.00350626
0.00342365
0.00313843
0.00300715
0.00260072
0.00255029
0.00335362
0.00326155
0.00310548
0.00307177
0.00287954
0.00267892
0.00284596
0.00304296
0.00302704
0.0026529
0.00301948
0.00349323
0.0036662
0.00327387
0.00350401
0.00346616
0.00391476
0.00432375
0.00466526
0.00447551
0.00485413
0.00443866
0.00473937
0.00429593
0.00411875
0.00468287
0.00494719
0.00393626
0.00375529
0.00363417
0.00365599
0.00359534
0.00358664
0.00339783
0.00328776
0.00300819
0.00288877
0.00249914
0.00239163
0.00360148
0.00352904
0.00354567
0.003472
0.00369535
0.00349084
0.00356951
0.00357108
0.00351754
0.00381137
0.00399406
0.00397039
0.00388995
0.00399866
0.00418254
0.00416476
0.00445627
0.00402393
0.00421812
0.00335814
0.00325143
0.00301257
0.0028574
0.00371267
0.00356144
0.00372822
0.0036796
0.00350939
0.00325665
0.00314799
0.00290906
0.00277749
0.00238275
0.0022792
0.0039173
0.00369815
0.00368409
0.00374348
0.00375124
0.0039184
0.00379567
0.00379287
0.00400102
0.00409987
0.00399854
0.00388857
0.00392262
0.0039755
0.00412663
0.00355184
0.00367881
0.002858
0.00287024
0.00235797
0.00232898
0.00364368
0.00368531
0.003545
0.00336589
0.00311289
0.00306982
0.0027866
0.00270255
0.00230703
0.00220187
0.00377626
0.00384591
0.00366381
0.00368809
0.0037163
0.00378114
0.00367338
0.00378956
0.00387184
0.00359227
0.0037018
0.00355707
0.0035469
0.00343949
0.00317695
0.00338208
0.00241882
0.00259025
0.00201648
0.00199185
0.00343322
0.00335032
0.00296146
0.00287187
0.00262856
0.00255964
0.0022469
0.00212875
0.00339062
0.00352785
0.00323931
0.00334709
0.00322368
0.00302734
0.00317055
0.00314827
0.00301343
0.00289343
0.00304982
0.00288601
0.00230192
0.00249295
0.00172431
0.00184969
0.00287539
0.00279719
0.00245595
0.00243861
0.00225528
0.00204502
0.00213339
0.00286065
0.00289344
0.00267055
0.00258326
0.00260233
0.00241541
0.00224771
0.00247985
0.0022287
0.00247126
0.00218161
0.001691
0.00186342
0.00221835
0.0022033
0.00197464
0.00189524
0.00153607
0.00201614
0.00209641
0.00187568
0.00208272
0.0019753
0.0013709
0.00140725
0.00178736
0.00186256
0.00121281
0.000652529
0.00169205
0.0016874
0.00150771
0.00145263
0.00128959
0.00150334
0.00148471
0.000787167
0.00103896
0.00067521
0.00129205
0.00131918
0.000747301
0.00099291
0.00107022
0.00072431
2.60826e-05
)
;

boundaryField
{
    top
    {
        type            symmetryPlane;
    }
    bottom
    {
        type            symmetryPlane;
    }
    inlet
    {
        type            calculated;
        value           uniform 0.000851986;
    }
    outlet
    {
        type            calculated;
        value           nonuniform List<scalar> 
17
(
0.000666617
0.000658827
0.000677786
0.000668885
0.000660144
0.000656527
0.000677797
0.000665116
0.000670296
0.000674013
0.00148603
0.000802398
0.000661573
0.000675358
0.00196416
0.000739173
0.00152764
)
;
    }
    deck
    {
        type            nutkWallFunction;
        Cmu             0.09;
        kappa           0.41;
        E               9.8;
        value           nonuniform List<scalar> 
60
(
3.30834e-07
0
0
0
0
8.65338e-08
0
0
0
0
0
0
0
0
0
0
0
0
0
0
0
0
0
0
0
0
0
0
0
0
0
0
0
0
0
0
0
0
0
0
0
0
0
0
0
0
0
0
0
0
0
0
0
0
0
0
0
0
0
0
)
;
    }
    frontAndBack
    {
        type            empty;
    }
    defaultFaces
    {
        type            empty;
    }
}


// ************************************************************************* //
