/*--------------------------------*- C++ -*----------------------------------*\
  =========                 |
  \\      /  F ield         | OpenFOAM: The Open Source CFD Toolbox
   \\    /   O peration     | Website:  https://openfoam.org
    \\  /    A nd           | Version:  8
     \\/     M anipulation  |
\*---------------------------------------------------------------------------*/
FoamFile
{
    version     2.0;
    format      ascii;
    class       volVectorField;
    location    "0.017";
    object      U;
}
// * * * * * * * * * * * * * * * * * * * * * * * * * * * * * * * * * * * * * //

dimensions      [0 1 -1 0 0 0 0];

internalField   nonuniform List<vector> 
656
(
(0.743384 0.056533 -9.65865e-25)
(0.927901 0.0140766 1.86577e-24)
(0.954645 -0.0012717 0)
(-0.0910883 0.118973 2.38654e-23)
(0.556706 0.0976868 1.11994e-23)
(0.840685 0.000912238 0)
(-0.0571749 0.0672452 -4.9545e-23)
(-0.0145898 0.0188588 9.81285e-24)
(0.967807 -0.000157015 0)
(-0.000545483 0.138053 -2.39129e-24)
(-0.00315089 0.192218 -7.88044e-23)
(-0.117789 0.171922 0)
(0.375854 0.139706 1.00484e-23)
(0.713932 0.00917484 0)
(0.889526 0.0012208 -1.70134e-22)
(0.903945 0.00051371 4.77828e-23)
(0.00102906 0.0820666 1.00138e-23)
(0.00137455 0.0266466 0)
(0.97106 -8.95325e-05 -3.43169e-23)
(0.909908 0.000229967 -1.43909e-22)
(-0.012416 0.0914222 7.75574e-23)
(-0.00524589 0.0619521 0)
(-0.0239749 0.123 1.34155e-24)
(-0.0081119 0.24114 1.55438e-22)
(-0.136225 0.22309 -1.68945e-22)
(0.209979 0.180106 -2.26427e-23)
(0.575916 0.0242405 0)
(0.797988 0.00617871 2.65717e-22)
(0.824735 0.00280563 -8.89805e-23)
(-0.0014456 0.0351716 0)
(-0.000151812 0.0112953 0)
(0.912313 0.000111959 5.16274e-23)
(0.972206 -6.17926e-05 -3.67657e-23)
(0.83621 0.00140334 1.96133e-22)
(0.841046 0.000663052 -5.20922e-23)
(0.844974 3.38875e-05 -1.09918e-22)
(-0.00669706 0.0596463 -1.06014e-22)
(-0.00277367 0.0401426 1.71633e-23)
(-0.0136234 0.0806795 -1.89489e-22)
(-0.0409398 0.155622 -1.58584e-22)
(-0.0171248 0.280766 1.67434e-22)
(-0.143978 0.268834 -5.12015e-24)
(0.0679494 0.217225 4.55032e-22)
(0.430596 0.0466749 0)
(0.692379 0.0157443 0)
(0.732182 0.00748712 -3.69708e-22)
(-0.000812702 0.0226127 -5.43137e-24)
(-0.000127976 0.0071983 0)
(0.846334 -0.000779945 1.21708e-22)
(0.914402 2.14733e-05 -2.81163e-23)
(0.972533 -3.00221e-05 4.96495e-24)
(0.749633 0.00385298 0)
(0.75719 0.00183609 0)
(0.763234 7.21428e-05 -1.07696e-22)
(0.765393 -0.00214476 4.65269e-22)
(0.752783 -0.00555067 0)
(-0.0101619 0.0357161 2.01593e-22)
(-0.00492247 0.0251906 2.97045e-22)
(-0.00199178 0.016205 -2.89494e-22)
(-0.024708 0.102231 -1.86448e-22)
(-0.0189139 0.0475708 5.88543e-22)
(0.283247 0.0782119 -1.328e-22)
(0.572615 0.0309854 1.75007e-22)
(0.625307 0.0154877 -5.21095e-22)
(-0.000546903 0.00869887 4.57506e-23)
(-6.8554e-05 0.00252446 6.13287e-23)
(0.837734 -0.00203072 -2.57999e-22)
(0.915223 -0.000110132 8.64833e-23)
(0.97309 1.25265e-05 5.55759e-24)
(0.719286 -0.0145828 -1.12903e-23)
(0.648868 0.00810686 0)
(0.659304 0.00395811 1.94603e-22)
(0.667799 0.000208117 2.06081e-22)
(0.671134 -0.0043819 -8.92925e-22)
(0.654706 -0.011572 2.30224e-22)
(-0.00820074 0.0136957 8.95413e-22)
(-0.00396586 0.00906506 -6.18662e-24)
(-0.00178917 0.00551671 0)
(-0.00063218 0.00299489 1.06557e-22)
(0.440117 0.0539692 0)
(0.504264 0.0283911 6.66433e-22)
(-8.9635e-05 0.0013115 -1.0088e-22)
(5.28873e-05 0.000255955 -3.1092e-23)
(0.600604 -0.0235369 4.767e-22)
(0.815438 -0.00567781 1.51171e-22)
(0.910572 -0.000309007 0)
(0.973537 5.09069e-05 -5.34863e-23)
(0.60942 -0.0289675 -2.92098e-22)
(0.462184 -0.0460875 7.31881e-22)
(0.24959 -0.190107 -8.8586e-22)
(0.533255 0.0152207 0)
(0.546312 0.00744268 4.71105e-23)
(0.557535 0.000647387 -1.46651e-22)
(0.56266 -0.00796331 5.17875e-22)
(0.543172 -0.0214363 -8.808e-22)
(-0.0145584 0.00606989 3.77559e-22)
(-0.0092047 0.00299607 -4.02445e-22)
(-0.00541997 0.001374 -1.99436e-22)
(-0.00286912 0.000476557 3.95234e-22)
(-0.0012236 4.76734e-05 4.75862e-23)
(-0.000223224 -5.80684e-05 -2.87734e-23)
(-0.137321 -0.248489 5.92092e-23)
(0.41079 -0.147676 -6.17656e-23)
(0.730149 -0.00880635 -8.03036e-22)
(0.8986 -0.00105948 0)
(0.972555 0.000121914 0)
(0.485812 -0.0516233 5.57736e-22)
(0.317434 -0.0787389 -2.80734e-22)
(0.103448 -0.228678 1.03285e-22)
(-0.142604 -0.295493 1.39098e-21)
(-0.0450331 0.0106631 0)
(-0.0330464 0.00557074 1.89196e-22)
(-0.0230182 0.00274205 -6.68274e-22)
(-0.0146837 0.00110867 1.8634e-22)
(-0.00779558 0.000286978 -4.43998e-23)
(-0.0021016 2.75854e-05 -2.7567e-23)
(-0.00827636 -0.283243 0)
(-0.12095 -0.19387 0)
(0.582288 -0.103309 4.91716e-22)
(0.84902 -0.000836075 -4.03326e-23)
(0.96986 0.000208424 -1.04218e-22)
(-0.0169979 -0.325213 -1.65493e-21)
(-0.0721867 0.00917621 0)
(-0.0541913 0.00510155 1.96105e-22)
(-0.0385963 0.00256732 -1.68049e-24)
(-0.0251851 0.0010992 9.7071e-23)
(-0.013719 0.000345491 -4.56261e-23)
(-0.00396839 7.36062e-05 0)
(-0.0279453 -0.155849 -5.54777e-22)
(-0.00329316 -0.229137 0)
(-0.0950976 -0.135639 5.10084e-22)
(0.757619 -0.0597721 0)
(0.956193 0.00134875 7.73354e-23)
(-0.0472433 -0.193982 0)
(-0.0918392 0.00735269 0)
(-0.0696536 0.00411367 1.22104e-22)
(-0.0500795 0.00210727 -3.54164e-22)
(-0.0329903 0.000933642 1.14658e-22)
(-0.0182066 0.000321977 5.11929e-23)
(-0.00548706 8.84234e-05 -1.71828e-23)
(-0.0152578 -0.110226 2.84138e-22)
(-0.0147188 -0.117325 0)
(-0.000392266 -0.166584 -4.47094e-22)
(-0.0605322 -0.0773646 4.31923e-22)
(0.931345 -0.0147366 0)
(-0.0276342 -0.137037 0)
(-0.0990607 0.00622192 1.55689e-22)
(-0.0751811 0.00354369 -1.50357e-22)
(-0.0541183 0.00181532 1.45555e-22)
(-0.0357072 0.000800788 -2.78862e-22)
(-0.0197682 0.00027681 3.83537e-22)
(-0.00609122 7.59082e-05 -5.11472e-23)
(-0.0123758 -0.0612392 2.45697e-22)
(-0.00754593 -0.0827723 -5.26155e-22)
(-0.00604754 -0.0801283 1.52919e-22)
(0.00175477 -0.0993675 -4.6355e-22)
(-0.0141763 -0.0213557 1.3133e-23)
(-0.0222629 -0.0780773 0)
(-0.0135401 -0.0411732 -5.54327e-23)
(-0.0988698 0.00661946 -1.91704e-22)
(-0.0749173 0.00423939 7.73095e-22)
(-0.0539713 0.00229721 -7.3815e-22)
(-0.0357151 0.000999279 0)
(-0.0198473 0.000313551 0)
(-0.00620329 6.7946e-05 -5.61699e-24)
(-0.00745737 -0.0321355 1.18237e-22)
(-0.00619382 -0.0450701 3.27368e-24)
(-0.00296855 -0.0563851 4.01099e-22)
(-0.00128492 -0.0454225 -1.50373e-22)
(0.00232953 -0.0306455 0)
(-0.00746117 -0.019238 8.97317e-22)
(-0.057619 0.00343514 8.42391e-22)
(-0.0378313 0.00221471 -8.71348e-22)
(-0.0208372 0.000795586 0)
(-0.00643029 0.000142299 -7.90737e-24)
(-0.00411621 -0.0145376 -2.37896e-22)
(-0.0036795 -0.023459 -9.24522e-23)
(-0.00253911 -0.0302058 1.90793e-22)
(-0.000632525 -0.0319623 -1.30434e-22)
(0.000176109 -0.0137428 4.97519e-23)
(-0.00388126 -0.00704085 0)
(-0.00231092 0.00441258 -1.0206e-21)
(-0.0454278 0.000920956 0)
(-0.0159383 0.000333704 -2.76124e-23)
(-0.00152886 -0.00151739 0)
(-0.00207622 -0.00513736 -2.41719e-22)
(-0.00201043 -0.010302 -4.62681e-22)
(-0.00151176 -0.0155855 -6.30606e-23)
(-0.000673146 -0.0169311 1.28245e-22)
(7.35403e-05 -0.00996047 -4.99435e-23)
(-0.000991031 0.00108674 2.08583e-21)
(-0.00113189 0.00262957 2.17143e-21)
(-0.00264151 0.0040327 6.98854e-23)
(-0.000422886 0.000219635 -4.8285e-22)
(-0.000776418 -0.000870228 -6.47364e-25)
(-0.000980338 -0.00348995 1.25195e-22)
(-0.000822373 -0.00665975 3.7484e-22)
(-0.00042384 -0.00867272 7.69529e-24)
(-6.01835e-05 -0.00531645 -2.30131e-23)
(-0.000281709 -0.000435582 -1.38374e-24)
(-0.000429923 0.00023975 -1.74461e-21)
(-0.000481678 0.00153798 -5.25029e-22)
(-0.00116569 0.00193873 0)
(-0.00274565 0.00834406 1.5e-21)
(3.802e-05 0.000513965 -2.59464e-22)
(-0.000174384 0.000347052 2.57389e-22)
(-0.000340508 -0.000413145 1.28679e-22)
(-0.00038891 -0.00215337 0)
(-0.000233973 -0.00361292 -1.22873e-22)
(-5.56525e-05 -0.00273037 1.72942e-23)
(-1.94377e-06 -0.00102881 8.28858e-22)
(-7.74848e-05 -0.000696028 3.34137e-22)
(-0.000162941 -0.000190981 1.96622e-22)
(-0.000156276 0.00080692 5.34255e-23)
(-0.000289073 0.000797849 -6.10449e-23)
(-0.000395476 0.00197543 1.07984e-21)
(0.000111266 0.000232203 1.08437e-21)
(5.94284e-05 0.000499192 -4.05785e-22)
(-5.75173e-05 0.000375643 -2.64866e-22)
(-0.000122608 -0.0001357 -1.28912e-22)
(-0.000104612 -0.00111053 0)
(-3.43516e-05 -0.00110862 -1.13536e-23)
(0.000204719 -0.000956776 0)
(3.85999e-05 -0.000997279 -2.86634e-22)
(-6.73269e-06 -0.000718469 -9.87186e-22)
(-4.43064e-05 -0.000331342 3.21197e-22)
(-2.24442e-05 0.000335531 -3.56852e-22)
(-1.15385e-05 0.000114511 9.60458e-24)
(0.000233901 8.18274e-05 -4.70998e-22)
(7.4554e-05 0.000195258 7.18016e-22)
(4.44961e-05 0.00042707 -6.94729e-22)
(-1.33336e-05 0.000323299 1.32785e-22)
(-2.44671e-05 -2.81731e-06 0)
(-1.14228e-05 -0.000318131 1.1226e-23)
(0.000195543 -0.000379927 0)
(0.000138645 -0.000846035 5.51644e-22)
(3.49344e-05 -0.000843241 7.17676e-22)
(1.13133e-05 -0.000590775 9.40484e-22)
(2.12007e-06 -0.000281859 -3.33421e-22)
(7.05368e-06 6.59263e-05 -2.19689e-23)
(0.000458806 0.000107548 -5.62461e-22)
(0.000187432 4.73602e-05 0)
(4.03585e-05 0.000147301 5.15618e-22)
(2.51187e-05 0.000318304 0)
(2.88058e-06 0.00021594 0)
(2.97823e-06 2.37968e-05 0)
(0.000389735 -0.00011051 6.28433e-22)
(0.000114176 -0.000309477 -5.70482e-22)
(7.98953e-05 -0.000674459 -5.61329e-22)
(2.40029e-05 -0.000621607 -4.18807e-22)
(1.30613e-05 -0.000379512 -4.35173e-22)
(9.59955e-06 -0.000117127 1.30871e-23)
(0.000622258 6.49042e-05 0)
(0.000401062 6.54625e-05 1.40953e-22)
(0.000136447 2.40906e-05 0)
(1.69157e-05 9.79257e-05 2.12713e-27)
(1.1029e-05 0.000191338 0)
(5.41897e-06 7.64917e-05 -9.00257e-23)
(0.000716528 1.73281e-05 0)
(0.000722362 -8.61113e-05 -5.67184e-22)
(0.000304608 -6.67509e-05 -1.58163e-22)
(5.65971e-05 -0.000227116 2.92579e-22)
(3.86537e-05 -0.00047672 -4.15947e-22)
(1.39444e-05 -0.000371043 -1.31731e-22)
(8.58841e-06 -0.000130023 9.16613e-23)
(0.000541428 3.7706e-05 -1.89272e-23)
(0.000318291 3.51891e-05 -2.108e-22)
(8.87863e-05 1.00689e-05 0)
(4.22387e-06 5.24616e-05 -1.08474e-22)
(4.27368e-06 5.91635e-05 9.08168e-23)
(0.000616898 7.39042e-06 2.10417e-24)
(0.000612245 -5.65386e-05 6.36952e-22)
(0.000218712 -3.45987e-05 -5.92451e-27)
(2.26645e-05 -0.000147996 1.27334e-25)
(1.44944e-05 -0.00027438 -2.65946e-22)
(6.92754e-06 -0.000116485 8.3804e-23)
(0.000431054 1.98566e-05 1.48987e-22)
(0.000225431 1.64641e-05 1.02843e-22)
(4.72454e-05 2.57597e-06 -1.2652e-22)
(1.05508e-07 1.33017e-05 2.30615e-23)
(0.000488184 2.88846e-06 2.09965e-24)
(0.00047819 -3.24654e-05 -1.40894e-22)
(0.000141432 -1.44991e-05 4.55026e-22)
(5.33515e-06 -7.81665e-05 -2.13205e-22)
(4.72889e-06 -8.00837e-05 3.51724e-26)
(0.000307645 9.14812e-06 0)
(0.000131461 6.0035e-06 1.1415e-22)
(1.22853e-05 -1.21349e-08 7.99063e-23)
(0.000347223 4.33308e-07 0)
(0.00033575 -1.61632e-05 -2.06087e-22)
(7.50933e-05 -3.6372e-06 3.9674e-22)
(-3.90623e-08 -1.94771e-05 4.4101e-23)
(0.000182028 3.33274e-06 -9.73414e-25)
(4.15167e-05 1.80941e-06 -1.43434e-22)
(0.000205075 -6.98673e-07 9.72148e-25)
(0.000194936 -6.62539e-06 -1.1425e-22)
(1.95801e-05 1.18828e-07 1.13171e-22)
(6.08132e-05 9.86539e-07 4.35049e-23)
(6.84665e-05 -7.3819e-07 0)
(6.15295e-05 -2.47397e-06 -1.10181e-23)
(-0.143416 0.302814 2.23457e-21)
(-0.0280352 0.257743 5.06116e-22)
(-0.0413085 0.124676 0)
(-0.0748454 0.183986 2.80226e-21)
(-0.0630861 0.190138 -2.96131e-21)
(-0.0742061 0.26319 0)
(-0.0382636 0.308071 0)
(-0.0994992 0.350439 -1.03212e-21)
(-0.087836 0.310424 0)
(-0.0416028 0.263974 -1.88572e-21)
(0.147582 0.124215 4.23677e-21)
(-0.0970172 0.272375 0)
(-0.032889 0.0615876 -3.6831e-22)
(-0.0546517 0.101272 0)
(-0.0157272 0.0187686 -3.8486e-21)
(-0.0373024 0.045319 3.93835e-21)
(-0.0807702 0.116286 -2.28819e-21)
(-0.112193 0.152015 0)
(-0.0946036 0.196494 0)
(-0.119154 0.231942 6.21427e-22)
(-0.112218 0.288824 0)
(-0.101832 0.284039 1.96275e-21)
(-0.0228512 0.188937 2.3769e-21)
(0.0876389 0.15155 -5.71688e-21)
(0.293283 0.0881507 1.12302e-21)
(-0.150386 0.225433 -5.92935e-22)
(-0.14431 0.243231 0)
(-0.0210377 0.0116079 -3.19116e-21)
(-0.0475435 0.0273963 8.73658e-22)
(-0.0584803 0.0498967 7.27364e-22)
(-0.087765 0.0777912 2.32659e-21)
(-0.116245 0.0759519 -4.49126e-21)
(-0.160643 0.10776 -3.96714e-21)
(-0.155205 0.14763 -3.03037e-21)
(-0.182028 0.174624 5.67783e-21)
(-0.13718 0.198951 -1.64777e-21)
(-0.0692557 0.176054 -1.71663e-21)
(0.0294431 0.121689 0)
(0.372266 0.0473801 -5.75732e-21)
(0.177325 0.101831 0)
(0.403042 0.0267884 0)
(0.224034 0.0548371 4.84391e-21)
(-0.204608 0.160348 0)
(-0.182668 0.167703 0)
(-0.0145543 -0.274757 6.07913e-21)
(-0.148367 -0.326642 0)
(0.369749 -0.0799628 0)
(0.410256 0.0125636 -1.98434e-22)
(0.246694 0.0297953 0)
(0.246975 -0.0897005 0)
(0.433415 -0.0349774 1.19804e-21)
(0.429978 0.00124688 3.7359e-21)
(0.264705 0.00677452 0)
(0.29083 -0.0408837 0)
(0.446513 -0.0140912 0)
(0.292544 -0.0140947 -3.79338e-21)
(-0.0615089 0.0212098 1.16202e-21)
(-0.0929027 0.0336698 -1.46533e-21)
(-0.114702 0.0452733 4.80418e-21)
(-0.163958 0.0497693 0)
(-0.192184 0.0773756 0)
(-0.219755 0.0858099 -3.13853e-21)
(-0.240253 0.108086 -2.38364e-21)
(-0.160532 0.126853 0)
(0.0472721 0.0732705 3.36609e-21)
(-0.0507329 0.108065 0)
(0.124403 0.038138 0)
(-0.0169013 0.0604178 -3.64084e-21)
(-0.257945 0.0931748 7.92442e-21)
(-0.229591 0.0998002 -2.34012e-21)
(-0.0193962 -0.25846 -3.42944e-21)
(0.162088 -0.133063 7.74214e-21)
(0.132419 -0.15037 -6.05141e-21)
(-0.119185 -0.37954 1.71582e-21)
(-0.0853663 -0.32056 -3.73693e-21)
(-0.0391369 -0.350596 2.45432e-22)
(0.0303583 -0.174886 -6.42888e-21)
(0.0290698 -0.144226 2.10579e-21)
(0.125199 -0.103608 3.26335e-21)
(0.100516 0.00703308 0)
(-0.00276831 0.031511 0)
(0.0579475 -0.0865996 -3.59645e-21)
(0.157904 -0.0528443 0)
(0.0679226 -0.0425801 -3.35496e-21)
(0.166025 -0.020191 3.05936e-21)
(0.0283661 -0.0108021 4.66195e-21)
(-0.0921072 0.0147022 1.67581e-21)
(-0.132619 0.0224065 0)
(-0.157863 0.0308152 0)
(-0.198988 0.0350947 3.33041e-21)
(-0.228978 0.0513724 0)
(-0.25533 0.0511026 8.36124e-21)
(-0.277047 0.0645797 -7.13756e-21)
(-0.127986 0.0453161 0)
(-0.146613 0.0586649 -5.72969e-21)
(-0.225837 0.0739574 1.16688e-20)
(-0.205192 0.0320459 0)
(-0.282166 0.0620976 -7.54281e-21)
(-0.287772 0.0570304 -4.02887e-21)
(-0.0963416 -0.302768 0)
(-0.0847102 -0.236121 7.78857e-21)
(-0.0731345 -0.229685 0)
(-0.0682165 -0.309332 -5.31122e-22)
(-0.0965556 -0.30992 4.17143e-22)
(-0.116974 -0.226213 -7.99918e-21)
(-0.0800454 -0.174555 -7.36097e-21)
(-0.10984 -0.148438 9.79184e-21)
(-0.0620584 -0.105413 3.0295e-21)
(-0.126395 -0.0734988 -3.96407e-21)
(-0.0784211 -0.0474845 0)
(-0.103086 -0.0187962 -3.2226e-21)
(-0.186093 0.0057749 0)
(-0.115268 0.0116195 0)
(-0.155603 0.0171669 -1.30152e-21)
(-0.183491 0.0220506 -5.09203e-21)
(-0.213724 0.0270834 4.36818e-21)
(-0.240219 0.0359765 -1.55125e-21)
(-0.256132 0.0370378 -1.99175e-21)
(-0.283567 0.0463582 6.29419e-21)
(-0.271363 0.0363998 -7.03135e-21)
(-0.288785 0.0490638 8.57013e-21)
(-0.259886 0.0110731 0)
(-0.284697 0.0306663 -1.20118e-21)
(-0.296951 0.0494526 0)
(-0.288431 0.0454643 0)
(-0.0456158 -0.159812 -1.24636e-20)
(-0.090277 -0.23108 4.29817e-21)
(-0.111363 -0.23814 5.1926e-21)
(-0.127956 -0.268625 -7.16338e-22)
(-0.147135 -0.239255 6.60883e-22)
(-0.17771 -0.188703 -7.51327e-21)
(-0.183426 -0.152004 0)
(-0.202186 -0.0988497 -9.43666e-21)
(-0.257938 0.0132992 -4.42759e-21)
(-0.233758 -0.0728122 6.86513e-21)
(-0.264616 -0.0177921 2.82419e-21)
(-0.125118 0.0098532 4.59019e-21)
(-0.267293 0.0433223 2.73024e-21)
(-0.159034 0.0151143 -3.27952e-21)
(-0.182089 0.0196899 -2.83593e-21)
(-0.205809 0.0263039 -6.14008e-21)
(-0.237906 0.0330265 1.3736e-21)
(-0.245447 0.0362808 -3.47344e-21)
(-0.267589 0.0371912 -2.71754e-21)
(-0.290996 0.0489132 6.79004e-22)
(-0.289172 0.0409087 1.24398e-21)
(-0.246063 0.0485645 4.84969e-21)
(-0.262895 0.0467942 2.01672e-21)
(-0.272701 0.0526985 -1.29113e-21)
(-0.265057 0.0501304 -1.93766e-21)
(-0.214241 0.0543931 -6.70633e-21)
(-0.0358783 -0.0939941 0)
(-0.0596861 -0.14903 8.3417e-21)
(-0.159269 0.0573257 0)
(-0.194347 0.0475054 4.39641e-21)
(-0.103745 0.0543972 8.48004e-21)
(-0.126199 0.0511382 -5.59949e-21)
(-0.0818148 -0.161494 0)
(-0.123211 -0.198727 -4.93595e-21)
(-0.159371 -0.175546 1.50973e-20)
(-0.192859 0.0243811 -5.85695e-21)
(-0.219706 0.0069053 4.64419e-21)
(-0.169588 -0.137539 -1.07683e-20)
(-0.21617 -0.0669683 1.14577e-22)
(-0.201431 -0.0406726 -9.47763e-21)
(-0.124003 0.00988391 0)
(-0.239334 0.0440041 0)
(-0.221099 0.0330342 2.62831e-22)
(-0.225455 0.0387723 -3.58729e-22)
(-0.153571 0.0170204 -5.09815e-21)
(-0.178776 0.0222763 5.42156e-21)
(-0.194636 0.0263881 4.7014e-21)
(-0.255186 0.0582634 1.84502e-21)
(-0.247452 0.0580162 -4.19392e-22)
(-0.219389 0.0654938 3.65427e-21)
(-0.201247 0.0650754 1.3311e-21)
(-0.232029 0.0479107 -5.52661e-21)
(-0.236296 0.0604657 1.90301e-23)
(-0.24309 0.0532567 4.71905e-21)
(-0.176809 0.0705825 2.30664e-21)
(-0.153995 0.0696848 -7.51986e-21)
(-0.10359 0.0643068 2.88504e-21)
(-0.126224 0.0702485 2.38622e-21)
(-0.0825862 0.0626241 -3.36213e-21)
(-0.0492525 0.0472129 0)
(-0.0650401 0.0526913 2.79335e-21)
(-0.0784509 0.0489777 -2.40069e-22)
(-0.0708119 0.042553 0)
(-0.021739 -0.0494663 -4.23247e-21)
(-0.0437641 -0.0842672 4.14109e-21)
(-0.052825 -0.0903675 2.90781e-21)
(-0.0864383 -0.121106 0)
(-0.0912509 0.028995 1.02304e-20)
(-0.120751 0.0306308 0)
(-0.145604 0.0170704 5.68136e-21)
(-0.108983 -0.100562 1.31469e-22)
(-0.131263 -0.0221656 1.54074e-21)
(-0.137363 -0.10768 -4.24674e-21)
(-0.159135 -0.0476351 8.5182e-21)
(-0.0118228 -0.0242855 -4.99587e-22)
(-0.0217054 -0.0394939 0)
(-0.114048 0.00903059 0)
(-0.0772797 0.00307183 -5.23221e-22)
(-0.0933002 0.00403915 5.27437e-22)
(-0.200444 0.037299 -3.04253e-21)
(-0.209429 0.0458353 2.67357e-21)
(-0.135178 0.0139783 0)
(-0.166288 0.0216107 -2.49182e-21)
(-0.180248 0.029735 2.99269e-21)
(-0.175413 0.0744263 1.24523e-21)
(-0.212449 0.0652892 -2.03234e-21)
(-0.206105 0.0697072 -2.57514e-21)
(-0.194741 0.0514079 -3.44415e-21)
(-0.194476 0.0612657 6.81901e-22)
(-0.155176 0.0728926 0)
(-0.129814 0.0733463 0)
(-0.117394 0.0722411 0)
(-0.0932196 0.0696193 -2.97017e-21)
(-0.0757579 0.0642061 -1.66915e-21)
(-0.0583404 0.0586038 3.97844e-21)
(-0.0434593 0.0485612 0)
(-0.00663016 0.0140476 0)
(-0.00421105 0.00958098 -6.63761e-22)
(-0.0121893 0.0239891 3.57753e-21)
(-0.0195532 0.0320449 -3.13609e-21)
(-0.0312461 0.0424078 0)
(-0.0219914 0.0305712 -5.83699e-21)
(-0.0334634 0.0370396 3.15834e-23)
(-0.0091264 0.0154682 0)
(-0.0124881 0.01975 -4.5861e-21)
(-0.00417398 0.00705874 0)
(-0.0352112 0.0331203 1.05994e-23)
(-0.0504237 0.0369554 1.64899e-23)
(-0.0495004 0.0286631 3.55576e-21)
(-0.077879 0.0242199 -4.3372e-21)
(-0.0306746 -0.0434742 8.8639e-21)
(-0.051483 -0.0589563 -1.86606e-20)
(-0.0757726 -0.0579604 3.97481e-21)
(-0.0736388 0.00937397 -2.28545e-21)
(-0.0818914 -0.0324919 8.42114e-21)
(-0.0992636 -0.0183056 -5.91732e-21)
(-0.00596449 -0.00895804 0)
(-0.0111319 -0.0163848 0)
(-0.0137421 -0.017518 -3.66428e-21)
(-0.027101 -0.0269048 -5.36212e-21)
(-0.00355217 0.00697639 5.61607e-22)
(-0.105652 0.00876759 1.28296e-21)
(-0.0627369 0.000481631 0)
(-0.0786087 0.00218441 -1.12261e-21)
(-0.130997 0.0252512 1.52815e-21)
(-0.154854 0.0322256 -4.52528e-21)
(-0.168462 0.0474264 -7.3257e-23)
(-0.14389 0.0589398 4.0764e-21)
(-0.160658 0.0657987 -4.77701e-21)
(-0.14922 0.0706732 3.24939e-21)
(-0.0865728 0.0693925 -3.91726e-21)
(-0.113108 0.0681908 6.08644e-23)
(-0.110446 0.0722989 1.11006e-21)
(-0.0321753 0.0472738 4.01508e-21)
(-0.0491815 0.0570897 -3.91641e-23)
(-0.0686992 0.0631335 1.95328e-21)
(-0.00959514 0.0247443 1.7483e-21)
(-0.0237177 0.0400095 -2.1225e-21)
(-0.00539577 0.0161751 -1.57141e-21)
(-0.0140236 0.0187521 5.21955e-21)
(-0.0221149 0.0235384 0)
(-0.00434883 0.00694268 4.10593e-21)
(-0.0063307 0.00936675 -7.25814e-21)
(-0.00201728 0.00257927 0)
(-0.00225428 -0.00226723 0)
(-0.00426847 -0.00487004 -1.16022e-21)
(-0.0225751 0.0197475 5.24292e-21)
(-0.0346929 0.0214065 -1.22016e-23)
(-0.0346319 0.0145805 -1.07972e-20)
(-0.0528034 0.0080273 1.09076e-20)
(-0.0326995 -0.0175366 3.828e-21)
(-0.045372 -0.0162757 -3.10532e-21)
(-0.040145 -0.00190654 -3.81827e-21)
(-0.00610053 -0.00574548 7.20166e-22)
(-0.0114905 -0.0092072 2.04555e-21)
(-0.0185222 -0.00822396 1.41395e-21)
(-0.0043351 0.012285 -3.01813e-21)
(-0.02566 0.0436877 0)
(-0.0541281 0.0562599 0)
(-0.082619 0.0316088 3.9533e-21)
(-0.0963097 0.0484479 -2.76469e-21)
(-0.0890748 0.058831 0)
(-0.019789 0.00229798 3.11533e-23)
(-0.0556018 0.0130306 0)
(-0.00879542 0.0273017 -1.02546e-22)
(-0.00134794 -0.000858656 -6.10532e-22)
(-0.000641663 1.46436e-05 3.00251e-21)
(-0.00805323 0.00925096 7.4968e-21)
(-0.0126676 0.0123539 0)
(-0.00174089 0.00210787 -3.39906e-21)
(-0.00333432 0.00374486 -1.07948e-20)
(-0.00070984 0.00019772 5.95863e-21)
(-0.00199323 -0.00122288 4.23144e-22)
(-0.00543642 -0.00340193 0)
(-0.0139338 0.00800655 0)
(-0.0219631 0.00898506 0)
(-0.0241784 0.00104865 0)
(-0.00759842 -0.00272229 4.82895e-21)
(-0.0147546 -0.00419964 -4.12622e-21)
(-0.0166605 0.000460032 0)
(-0.00116305 0.00877124 0)
(-0.00154435 -0.000590449 2.73028e-21)
(-1.50574e-05 0.000443808 -6.84788e-21)
(-0.000178684 0.00027519 1.19197e-20)
(-0.000471423 -7.8781e-06 -7.2043e-21)
(0.000192811 0.000366445 -2.34494e-21)
(0.000140248 0.000244688 0)
(-0.00342386 0.00282342 3.52303e-21)
(-0.00656292 0.00392045 0)
(-0.000375747 -0.000265228 0)
(-0.000939834 0.000388973 0)
(-0.000127906 -0.00086952 -1.29678e-21)
(-0.0022567 -0.000723417 2.24218e-21)
(-0.00432166 -0.000973892 0)
(-0.00401073 0.000240521 6.7843e-21)
(-0.00537542 0.00243803 1.79361e-21)
(-0.00674713 0.00188974 -6.76593e-21)
(-0.000307407 4.54109e-05 0)
(-0.00105443 -5.47956e-05 5.29359e-21)
(0.000281138 0.000234049 8.58557e-21)
(8.17835e-05 0.000161455 -9.73835e-21)
(0.000258851 0.000123165 -1.7483e-22)
(0.000379882 0.000187681 7.25297e-21)
(-0.000548735 7.39784e-05 1.45576e-21)
(-0.00132731 0.00065292 -1.09163e-21)
(0.000234737 -0.000959185 -8.38398e-21)
(0.000206753 -0.000899339 1.14561e-20)
(0.00011379 -0.000577899 0)
(-0.000824438 0.000215106 -5.3728e-21)
(-0.00161619 0.000685203 -7.86374e-21)
(-0.000658373 0.00042252 1.16589e-20)
(-0.000503597 0.000294027 0)
(0.000438611 -0.000629426 0)
(0.000264349 -0.000404122 4.46991e-21)
(0.00023598 0.000188188 3.3665e-21)
(1.0268e-05 0.000253994 -5.97042e-21)
(0.000466921 0.000144636 -1.30982e-22)
(0.000464396 0.00019065 1.59192e-24)
(0.00058654 -0.000448089 0)
(0.000552975 -0.000371442 1.95495e-21)
(0.000445518 -9.47832e-06 -1.68888e-21)
(0.00043731 0.000169905 -3.27979e-24)
(0.000604243 -1.08958e-06 8.01588e-22)
(0.000235734 0.00011298 6.33783e-21)
(0.000442106 -0.000161601 -5.92505e-21)
(0.000696547 -0.000258915 0)
(0.00064861 0.000102536 -8.85457e-21)
(0.000641916 0.00012558 4.22136e-21)
(0.000764734 4.62653e-05 4.49378e-21)
(0.000792994 -0.000104039 0)
(0.000746435 -4.43912e-05 -4.92324e-21)
)
;

boundaryField
{
    movingWall
    {
        type            fixedValue;
        value           uniform (1 0 0);
    }
    fixedWalls
    {
        type            noSlip;
    }
    frontAndBack
    {
        type            empty;
    }
    defaultFaces
    {
        type            empty;
    }
}


// ************************************************************************* //
