/*--------------------------------*- C++ -*----------------------------------*\
  =========                 |
  \\      /  F ield         | OpenFOAM: The Open Source CFD Toolbox
   \\    /   O peration     | Website:  https://openfoam.org
    \\  /    A nd           | Version:  8
     \\/     M anipulation  |
\*---------------------------------------------------------------------------*/
FoamFile
{
    version     2.0;
    format      ascii;
    class       surfaceScalarField;
    location    "0.036";
    object      phi;
}
// * * * * * * * * * * * * * * * * * * * * * * * * * * * * * * * * * * * * * //

dimensions      [0 3 -1 0 0 0 0];

internalField   nonuniform List<scalar> 
662
(
-2.02442e-05
1.60836e-05
4.16037e-06
2.06969e-05
-4.09412e-05
-8.77586e-05
3.58142e-05
6.8028e-05
-1.73164e-05
2.14768e-05
-0.00015158
8.45182e-05
1.03833e-05
-5.13244e-05
9.34028e-05
-7.49051e-05
-2.25175e-05
4.39943e-05
-0.00018032
3.91236e-05
1.72178e-06
-5.30462e-05
2.18942e-06
-0.000121418
-4.66934e-06
0.000123898
-3.41262e-05
3.63156e-05
0.000163769
-9.2884e-05
5.57745e-05
-1.17802e-05
-0.000183297
4.69846e-06
-7.67472e-07
-5.22787e-05
1.15064e-06
-0.000116578
-5.99076e-06
-3.29756e-05
5.75001e-05
-1.72563e-06
0.000195375
-4.33854e-05
-0.000181306
-2.75877e-06
-2.22672e-06
-5.0052e-05
3.64746e-06
-0.000102993
-1.72328e-05
-2.93282e-05
5.72395e-05
2.60635e-07
0.000198088
-4.43904e-06
-1.51513e-06
0.000122903
-0.000123107
1.71918e-06
3.44801e-05
-3.59952e-05
-0.000176867
-6.6654e-06
-4.09219e-05
-9.13015e-06
-2.18375e-05
-1.90843e-05
-1.70985e-05
-4.73905e-06
4.81746e-06
-8.78226e-05
-1.99874e-05
-2.45108e-05
-0.000141415
-0.000756571
0.000897986
6.05086e-05
-3.26913e-06
8.96799e-05
-2.91712e-05
-5.17349e-05
0.000198793
-4.44877e-07
-4.25027e-07
0.000120133
3.19501e-06
3.40551e-05
-0.000152675
-3.33216e-05
-9.59404e-05
-7.58194e-05
-4.38478e-05
-6.91911e-05
2.20705e-05
-2.68096e-05
3.44214e-06
-7.65533e-05
-1.47115e-05
-2.10686e-05
-0.000390313
0.000705277
-0.00107154
-0.00095383
0.00185182
0.000216236
-2.07118e-05
0.000293076
-0.000106011
-0.000148972
-3.57804e-06
0.000106552
1.71591e-05
3.0477e-05
-0.000115979
9.42015e-05
2.71731e-05
-5.39828e-05
-2.74729e-07
-3.89038e-07
-7.58895e-05
-2.13433e-05
0.00135455
-0.0016031
-0.00010737
0.00195919
-4.14879e-06
9.25465e-05
1.81544e-05
2.63282e-05
-0.000197183
0.000108377
-6.5698e-05
1.17153e-05
0.00161528
-0.000368104
0.00199273
-3.35455e-05
-2.84639e-06
7.98388e-05
1.55541e-05
2.34818e-05
-6.80168e-05
2.31879e-06
-0.000227896
4.24289e-05
0.00199083
1.90216e-06
0.00171054
-0.000128803
-5.43053e-06
2.96495e-05
5.56198e-05
1.80513e-05
-6.74396e-05
-5.77167e-07
-0.000232066
6.48863e-06
-2.14325e-08
-0.000111966
0.000108541
3.44685e-06
-3.146e-05
3.14386e-05
0.00196092
2.99132e-05
0.00173077
-1.83302e-05
-0.00180565
0.000950122
0.000855527
-6.80002e-05
5.60588e-07
0.00191678
4.41392e-05
0.00187802
3.87523e-05
7.23757e-05
0.000156668
0.000793454
9.9202e-05
5.74657e-05
3.12017e-05
-0.000232773
1.29452e-07
-4.1151e-07
-0.000112706
1.15128e-06
-3.18715e-05
0.0017112
4.94849e-05
-0.000172372
-7.8742e-06
4.1567e-05
0.000138679
-0.00136355
0.000783466
0.00143561
-0.000243809
1.15968e-05
0.00167069
8.46475e-05
0.00158344
0.000126008
0.000292259
0.000415818
0.0011611
0.000321161
0.000152122
0.000108554
-8.5302e-08
-0.000111614
-1.00732e-06
-3.19568e-05
-0.000179872
-1.51418e-06
9.01403e-06
-5.33875e-05
4.55133e-05
4.72568e-07
-0.000109524
-2.56202e-06
-3.14842e-05
-0.0001647
4.64813e-06
-1.98203e-05
-5.49017e-05
1.65259e-06
-9.9371e-05
-1.18056e-05
-2.98316e-05
-0.000142808
7.20688e-06
-2.90988e-05
-5.02535e-05
7.87099e-06
-4.25157e-05
-6.47264e-05
-2.19606e-05
-0.000127827
4.23269e-06
-1.92133e-05
-4.30466e-05
3.91137e-06
-2.0114e-05
-0.000111624
-3.88139e-05
-3.49025e-05
0.000499492
-0.000414974
-0.00013917
0.000207198
0.000360322
0.000132293
-0.000953095
0.000518096
0.000434998
-0.000536082
-0.000417012
-0.000664718
0.000369988
0.00029473
-0.000146622
-0.000746732
0.00021065
-0.000121139
-0.000625593
-0.000366258
0.000245119
0.000209777
-0.000624751
-0.000640748
0.000850525
-0.00105776
4.13366e-05
-0.00066693
-0.00101642
-0.000585627
-0.000100534
-0.000566396
-0.000370927
-0.000471461
-0.000413862
0.000546154
-0.000796985
0.00123198
-5.35393e-05
0.000115262
0.00111672
0.00048525
0.00045327
9.87988e-05
0.000386451
0.000421332
-0.000126602
0.000520131
-0.000469361
0.000342759
-0.000615982
-0.000405332
-0.000160214
3.63156e-05
0.000212738
-0.000798366
-0.000803685
-0.00137008
-0.000793667
-5.7921e-05
-0.00131216
-0.000477452
-0.000535373
-0.000240503
0.000693774
0.000876218
0.00126267
0.000650388
0.000240693
0.00102198
0.000403213
0.000116917
0.000643906
0.000183657
0.000159102
0.000300574
3.59952e-05
0.000120534
-0.000914201
-0.00119163
-0.00091696
2.95893e-05
-0.00122122
-0.000552606
-0.000523016
-0.00016906
0.000819448
0.000852916
0.000815009
0.000440123
0.000203784
0.00129304
0.000302293
0.000506077
1.37076e-05
-0.000930668
-0.00120751
-0.000937333
-0.00126885
6.13377e-05
-0.000828308
-0.000440537
-0.000543004
-0.000481666
0.000778364
3.6645e-05
0.000777919
0.00130574
-1.27042e-05
0.00134239
0.000509272
0.000496568
-0.000328752
-0.000608581
-0.00115706
-0.000943355
-0.000213705
-0.000641902
-0.000389928
-0.000553428
0.000395589
-0.000609294
-0.000697082
0.000256545
-0.000301493
-0.000496377
-0.000239832
0.000915761
-0.000137842
0.00089505
0.00141768
-7.52894e-05
0.00127984
0.000513727
0.000438438
0.00030752
-0.000458229
0.000150709
-0.000301774
-0.000691702
-0.000134917
-0.000323312
0.000351226
-0.000427045
-0.000290677
-0.000844105
6.08118e-05
-0.000904916
-0.00063089
-0.000127179
-0.000299866
-0.00019637
-0.000102169
-0.000391307
8.9814e-05
-0.000240598
-0.000240221
-0.000150407
-0.000160072
-8.0526e-05
-0.000294989
-0.000133773
-0.000161216
0.00143888
-0.00158785
0.00200538
-0.000566503
0.000933849
-0.000669252
0.000853724
4.1326e-05
0.000747713
-0.000840141
-0.000829133
0.000870459
0.00134652
-6.66851e-05
0.000517387
0.000456592
0.000389907
0.000554373
-0.00139451
0.00138954
-0.000835164
0.000493294
-0.000627067
-0.000169982
-0.000460908
0.000100044
-0.00039991
0.000804872
-0.00126578
-0.000502079
-0.000436691
-0.000190376
-0.000393702
-0.000529818
9.31271e-05
2.37548e-05
-0.000553573
-0.00024764
9.72328e-05
-0.000328166
0.000489382
-0.000396255
-2.13433e-05
-0.00224407
0.00167756
-0.000854531
0.00100831
-0.000738964
-0.000115567
0.000640209
0.00124169
-0.000371226
-0.000152828
0.000653875
-0.000136488
0.000282648
0.000405461
0.000268974
0.000519643
-2.00645e-05
-0.000499578
-8.83661e-05
-0.000746798
-0.00082733
-0.000307687
0.00030406
-0.000456888
-0.000442738
-0.000862789
-0.000402991
-0.00105317
-0.00102941
-0.000796693
-0.000754264
-8.49907e-05
-0.00094442
-0.000497341
-5.62321e-05
-0.000582332
-0.000256275
-0.00013998
-0.000312507
-3.14386e-05
-0.000732124
0.000616557
-0.000752189
0.00125677
0.00112796
-0.000291005
-0.000461183
0.000487717
-0.000778722
0.000489757
-0.000207108
3.28685e-05
0.00073303
-0.000245313
0.000233452
0.000298623
9.1515e-05
0.000341142
-0.00010769
3.34547e-05
0.000225783
-0.000192915
-0.000216954
-0.0001835
-0.000380039
0.000134726
-0.000121896
-0.000822524
-0.00087616
-0.000869671
-0.000441629
-0.000140703
-0.00126415
-0.000309061
-0.000449764
0.000183911
-0.000645094
0.00131187
0.00129354
-0.000440811
-0.000337911
-0.0010859
-0.000338472
-0.000676383
0.000165186
-7.36712e-05
-2.77288e-05
-0.000211228
0.000318919
-0.000184192
1.80513e-05
-4.55133e-05
-0.000925011
5.53395e-05
-0.000924882
-0.00122495
-3.92019e-05
-0.00116961
-0.000448612
-0.000487814
0.00127787
1.56702e-05
0.00132736
-0.00102303
-6.28797e-05
-0.00100735
-0.000667369
-0.000730249
0.0011717
0.000263913
0.0023328
-0.000911665
-1.32164e-05
-0.000900068
-0.00102299
-0.000146626
-0.0010362
-0.000488822
-0.000635447
0.00132184
5.5227e-06
0.00140648
-0.00113881
0.000131456
-0.00113329
-0.000750069
-0.000618614
0.00113653
-0.000844272
0.00140044
-0.000895948
-4.1202e-06
-0.000787394
0.00126036
0.000146127
0.00138636
0.000542091
-0.00180905
0.00102165
-0.00067588
0.00207632
-0.00165692
0.00110173
-8.00789e-05
0.000862641
-0.000866761
-0.00124228
0.000206075
-0.000379636
-0.000638009
-0.000431934
0.000634038
-0.000487911
-0.0012107
7.74085e-05
-0.000576658
-0.000647712
-0.000570304
-0.000303768
0.000845859
0.00177256
0.00116303
-6.13007e-05
0.00029627
-0.000844182
0.000356271
1.67699e-06
0.000777633
0.000994924
0.000697554
0.000441649
0.000255904
0.000380349
-0.000644147
0.00026451
-0.000347876
-0.00044374
-0.00017923
-0.000774289
0.000197631
-0.000418019
-0.000589517
-0.000391886
-0.000593968
0.000595645
0.000400957
-0.000489371
0.000141494
-0.000109022
-0.000635505
0.000217487
-3.98606e-05
-0.000309466
0.000200444
-5.35621e-05
0.000347394
-0.000221745
-8.02508e-05
-0.000412
-0.000194513
-0.00034104
0.000146527
-0.000166938
8.6687e-05
3.35065e-05
-0.000380901
-2.19606e-05
3.49025e-05
)
;

boundaryField
{
    movingWall
    {
        type            calculated;
        value           uniform 0;
    }
    fixedWalls
    {
        type            calculated;
        value           uniform 0;
    }
    frontAndBack
    {
        type            empty;
        value           nonuniform List<scalar> 0();
    }
    defaultFaces
    {
        type            empty;
        value           nonuniform List<scalar> 0();
    }
}


// ************************************************************************* //
