/*--------------------------------*- C++ -*----------------------------------*\
  =========                 |
  \\      /  F ield         | OpenFOAM: The Open Source CFD Toolbox
   \\    /   O peration     | Website:  https://openfoam.org
    \\  /    A nd           | Version:  8
     \\/     M anipulation  |
\*---------------------------------------------------------------------------*/
FoamFile
{
    version     2.0;
    format      ascii;
    class       volVectorField;
    location    "0.036";
    object      U;
}
// * * * * * * * * * * * * * * * * * * * * * * * * * * * * * * * * * * * * * //

dimensions      [0 1 -1 0 0 0 0];

internalField   nonuniform List<vector> 
656
(
(0.743377 0.056532 -9.65402e-25)
(0.92789 0.0140694 1.86657e-24)
(0.954787 -0.00127343 0)
(-0.0910747 0.119 2.39976e-23)
(0.556749 0.0977243 1.12092e-23)
(0.841234 0.000939099 0)
(-0.0571795 0.0672321 -4.93972e-23)
(-0.014596 0.0188474 9.85037e-24)
(0.968213 -0.000150882 0)
(-0.000505296 0.138599 -2.3788e-24)
(-0.00305163 0.193124 -7.83709e-23)
(-0.117738 0.172059 0)
(0.376013 0.139832 1.00521e-23)
(0.715 0.00930236 0)
(0.89094 0.00127195 -1.70612e-22)
(0.906445 0.000578541 4.77763e-23)
(0.0010404 0.0823438 9.71455e-24)
(0.00137441 0.0267223 0)
(0.971816 -7.69779e-05 -3.4325e-23)
(0.913451 0.000292602 -1.43688e-22)
(-0.0123891 0.0928497 7.71314e-23)
(-0.00523433 0.0628594 0)
(-0.0239237 0.125074 1.33408e-24)
(-0.00790083 0.242525 1.54031e-22)
(-0.136115 0.223439 -1.67704e-22)
(0.210346 0.180413 -2.26576e-23)
(0.577638 0.0245746 0)
(0.800605 0.00636624 2.66365e-22)
(0.829271 0.00301607 -8.91348e-23)
(-0.00144236 0.0356587 0)
(-0.000151524 0.0114434 0)
(0.916683 0.000153232 5.13486e-23)
(0.973308 -4.80268e-05 -3.6654e-23)
(0.842579 0.00159775 1.95775e-22)
(0.84888 0.000793516 -5.18109e-23)
(0.85339 5.62926e-05 -1.08928e-22)
(-0.00677762 0.060873 -1.05424e-22)
(-0.00280628 0.0409156 1.70771e-23)
(-0.0137881 0.0824778 -1.88403e-22)
(-0.0408511 0.158498 -1.57742e-22)
(-0.0167198 0.282783 1.66546e-22)
(-0.143744 0.26954 -4.78568e-24)
(0.0686431 0.217898 4.55115e-22)
(0.433121 0.0473845 0)
(0.696408 0.0162049 0)
(0.73904 0.00798696 -3.69729e-22)
(-0.000821475 0.0230244 -5.40445e-24)
(-0.000128845 0.0073223 0)
(0.854305 -0.00087796 1.20225e-22)
(0.919096 2.65046e-05 -2.78238e-23)
(0.973912 -2.11571e-05 4.93e-24)
(0.759196 0.00430835 0)
(0.768946 0.00214493 0)
(0.775879 0.000133872 -1.06708e-22)
(0.777424 -0.00236152 4.5998e-22)
(0.762808 -0.00600451 0)
(-0.0103708 0.036599 2.00233e-22)
(-0.00502 0.0257414 2.95277e-22)
(-0.00202787 0.0165212 -2.87653e-22)
(-0.0250181 0.104748 -1.85341e-22)
(-0.0193351 0.0489172 5.85036e-22)
(0.286714 0.0796107 -1.32799e-22)
(0.57825 0.0319289 1.75096e-22)
(0.634724 0.0164987 -5.20677e-22)
(-0.000553686 0.00885096 4.53965e-23)
(-6.72679e-05 0.00256324 6.09352e-23)
(0.844324 -0.00222572 -2.54837e-22)
(0.919646 -0.000144334 8.54993e-23)
(0.974574 1.26647e-05 5.48245e-24)
(0.726235 -0.0151511 -1.16384e-23)
(0.661903 0.00902399 0)
(0.675334 0.00458253 1.93348e-22)
(0.685065 0.000348154 2.04208e-22)
(0.687644 -0.00479471 -8.82854e-22)
(0.668572 -0.0124674 2.27433e-22)
(-0.00839651 0.0139406 8.889e-22)
(-0.0040532 0.00914731 -6.8042e-24)
(-0.00182767 0.00551432 0)
(-0.000643755 0.00296031 1.05826e-22)
(0.447487 0.0557178 0)
(0.516327 0.0302193 6.65983e-22)
(-8.9582e-05 0.00127779 -1.00188e-22)
(5.52472e-05 0.000242721 -3.0879e-23)
(0.60447 -0.0240539 4.72035e-22)
(0.819919 -0.00590711 1.49755e-22)
(0.91419 -0.000369724 0)
(0.97492 4.25879e-05 -5.28669e-23)
(0.619213 -0.0301348 -2.88949e-22)
(0.467748 -0.0471604 7.26433e-22)
(0.251328 -0.190706 -8.79368e-22)
(0.549811 0.0169047 0)
(0.566709 0.00859713 4.66506e-23)
(0.579544 0.000921134 -1.45257e-22)
(0.583829 -0.00868545 5.12179e-22)
(0.561093 -0.0230458 -8.70202e-22)
(-0.014799 0.00626134 3.74012e-22)
(-0.00925934 0.00306706 -3.99089e-22)
(-0.0053844 0.00139867 -1.97839e-22)
(-0.00280612 0.000480888 3.91589e-22)
(-0.00117177 4.41845e-05 4.71583e-23)
(-0.000204912 -6.1888e-05 -2.85147e-23)
(-0.136775 -0.250112 5.90099e-23)
(0.41185 -0.147943 -6.14006e-23)
(0.732582 -0.00900273 -7.96168e-22)
(0.901004 -0.00111976 0)
(0.973657 0.000110541 0)
(0.498708 -0.0537706 5.52409e-22)
(0.32488 -0.0808597 -2.77509e-22)
(0.106059 -0.22993 1.02613e-22)
(-0.141506 -0.297992 1.38443e-21)
(-0.0465503 0.0112305 0)
(-0.0340107 0.00582968 1.8701e-22)
(-0.0235918 0.00285433 -6.60501e-22)
(-0.0149924 0.00114458 1.84185e-22)
(-0.00793159 0.000288035 -4.38869e-23)
(-0.00212985 2.22347e-05 -2.72478e-23)
(-0.00761275 -0.288568 0)
(-0.120686 -0.19485 0)
(0.582862 -0.103395 4.88317e-22)
(0.850285 -0.000876026 -3.99736e-23)
(0.970554 0.000203501 -1.03097e-22)
(-0.015696 -0.3323 -1.64667e-21)
(-0.0758499 0.00995992 0)
(-0.056764 0.00550264 1.93344e-22)
(-0.0403102 0.0027527 -1.43214e-24)
(-0.0262337 0.00116807 9.55969e-23)
(-0.0142558 0.000359832 -4.49247e-23)
(-0.00411282 7.20634e-05 0)
(-0.027673 -0.163529 -5.51252e-22)
(-0.00299322 -0.232904 0)
(-0.0950043 -0.136167 5.08336e-22)
(0.757866 -0.0597741 0)
(0.956528 0.00135187 7.64585e-23)
(-0.0467707 -0.20411 0)
(-0.0977611 0.00821752 0)
(-0.0739403 0.00457173 1.20228e-22)
(-0.053025 0.00232651 -3.48585e-22)
(-0.03485 0.00102144 1.12793e-22)
(-0.0191926 0.000343928 5.04059e-23)
(-0.00577124 8.90809e-05 -1.68967e-23)
(-0.0156455 -0.118155 2.8264e-22)
(-0.0145639 -0.12282 0)
(-0.00026128 -0.16901 -4.45535e-22)
(-0.0605241 -0.0775962 4.30436e-22)
(0.93139 -0.0147228 0)
(-0.0284098 -0.147452 0)
(-0.106519 0.00715093 1.53352e-22)
(-0.0806512 0.0040401 -1.48046e-22)
(-0.0579258 0.00205543 1.43257e-22)
(-0.0381412 0.000897184 -2.74267e-22)
(-0.021076 0.000302457 3.77179e-22)
(-0.00648111 7.84959e-05 -5.02895e-23)
(-0.0132829 -0.067102 2.43836e-22)
(-0.00771576 -0.0884702 -5.2215e-22)
(-0.00597507 -0.0837192 1.52084e-22)
(0.0018074 -0.100661 -4.61999e-22)
(-0.0141879 -0.0214 1.30998e-23)
(-0.0239733 -0.0858582 0)
(-0.0152763 -0.0446283 -5.50044e-23)
(-0.107337 0.00769477 -1.88825e-22)
(-0.081167 0.00486481 7.61171e-22)
(-0.0583745 0.00261289 -7.26768e-22)
(-0.0385699 0.00112742 0)
(-0.0214025 0.000348298 0)
(-0.00667868 7.23956e-05 -5.51706e-24)
(-0.00839442 -0.03464 1.17298e-22)
(-0.00663237 -0.0492477 3.42398e-24)
(-0.00302961 -0.0601298 3.98052e-22)
(-0.0012614 -0.047378 -1.49553e-22)
(0.00233685 -0.0309971 0)
(-0.00858639 -0.0194369 8.91407e-22)
(-0.0628584 0.00402175 8.30209e-22)
(-0.0411783 0.00253512 -8.58482e-22)
(-0.0226357 0.000897565 0)
(-0.00696735 0.000156543 -7.7782e-24)
(-0.0047241 -0.0144973 -2.36376e-22)
(-0.00413906 -0.0251718 -9.17117e-23)
(-0.00271619 -0.032934 1.89088e-22)
(-0.000643545 -0.0340232 -1.29365e-22)
(0.000181796 -0.0143104 4.94353e-23)
(-0.00438107 -0.00536493 0)
(-0.00264361 0.0032205 -1.02327e-21)
(-0.0501061 0.00114575 0)
(-0.017543 0.000386911 -2.7189e-23)
(-0.00149711 0.00057362 0)
(-0.00233227 -0.00368331 -2.40586e-22)
(-0.00230485 -0.0101494 -4.59434e-22)
(-0.00170125 -0.0166599 -6.25138e-23)
(-0.000720836 -0.018429 1.27194e-22)
(7.60515e-05 -0.0105843 -4.96256e-23)
(-0.00104932 -0.000759011 2.08691e-21)
(-0.00127536 0.00157801 2.17735e-21)
(-0.0030517 0.00364966 7.01458e-23)
(-0.000153294 0.00178413 -4.81377e-22)
(-0.000737658 0.000855446 -9.45788e-25)
(-0.00109549 -0.00233169 1.24602e-22)
(-0.000941869 -0.00648729 3.72124e-22)
(-0.000478307 -0.00924065 7.62528e-24)
(-6.5452e-05 -0.00577779 -2.28015e-23)
(-0.000145942 -0.00237189 -1.83059e-24)
(-0.000439041 -0.00128825 -1.74589e-21)
(-0.000534109 0.000707918 -5.26503e-22)
(-0.00133659 0.00156217 0)
(-0.00314925 0.0089892 1.51492e-21)
(0.000351694 0.00138323 -2.58717e-22)
(-1.8387e-05 0.00159899 2.56494e-22)
(-0.000310283 0.000909551 1.28411e-22)
(-0.000431463 -0.00132591 0)
(-0.000267455 -0.00348173 -1.21967e-22)
(-6.39653e-05 -0.00289977 1.71346e-23)
(0.000213496 -0.00262322 8.27202e-22)
(1.15649e-05 -0.00225251 3.33637e-22)
(-0.000156463 -0.00136482 1.96594e-22)
(-0.000169163 0.000216671 5.35568e-23)
(-0.000328563 0.000541567 -6.13936e-23)
(-0.000452826 0.00207713 1.0907e-21)
(0.000285956 0.000493997 1.08123e-21)
(0.000227253 0.00117088 -4.04698e-22)
(2.049e-05 0.00130801 -2.63965e-22)
(-0.000105848 0.000779716 -1.28481e-22)
(-0.000113678 -0.00062071 0)
(-3.90112e-05 -0.00105559 -1.1278e-23)
(0.000493517 -0.00191678 0)
(0.000174137 -0.00224581 -2.86206e-22)
(4.51706e-05 -0.00188329 -9.86111e-22)
(-3.60003e-05 -0.00114543 3.21303e-22)
(-2.13178e-05 -1.32123e-05 -3.57908e-22)
(-1.2062e-05 1.2943e-05 9.64666e-24)
(0.000492666 0.00017696 -4.69727e-22)
(0.000159336 0.000371111 7.16095e-22)
(0.000128676 0.000909468 -6.92876e-22)
(2.25946e-05 0.000951411 1.32341e-22)
(-1.72338e-05 0.000523654 0)
(-1.08565e-05 -0.000154526 1.11512e-23)
(0.000364773 -0.000654976 0)
(0.000297392 -0.00158574 5.50256e-22)
(0.000108948 -0.00175817 7.16239e-22)
(3.64604e-05 -0.00137999 9.3932e-22)
(8.27553e-06 -0.000750714 -3.33599e-22)
(9.66414e-06 -4.95774e-05 -2.20294e-23)
(0.0011059 0.000254567 -5.60756e-22)
(0.000352794 9.65917e-05 0)
(7.8089e-05 0.000255801 5.14249e-22)
(6.02765e-05 0.000631965 0)
(1.52326e-05 0.000566922 0)
(5.92758e-06 0.000192115 0)
(0.00067426 -0.000217799 6.2704e-22)
(0.000197646 -0.00049455 -5.69148e-22)
(0.000158962 -0.00120739 -5.59917e-22)
(5.54377e-05 -0.00123012 -4.1796e-22)
(2.31231e-05 -0.000823455 -4.34596e-22)
(1.29123e-05 -0.000266228 1.31124e-23)
(0.00154469 0.000134998 0)
(0.00088576 0.000146605 1.40538e-22)
(0.000234339 4.7799e-05 0)
(3.03016e-05 0.000157445 1.99802e-27)
(2.06483e-05 0.00035994 0)
(8.3364e-06 0.000182222 -8.97899e-23)
(0.00168599 -2.10119e-05 0)
(0.00145116 -0.000235601 -5.65927e-22)
(0.000492261 -0.000122947 -1.57935e-22)
(9.37755e-05 -0.000341227 2.918e-22)
(7.14721e-05 -0.000824597 -4.14885e-22)
(2.3507e-05 -0.000706606 -1.31431e-22)
(1.19372e-05 -0.000265641 9.15347e-23)
(0.00124461 7.64534e-05 -1.88738e-23)
(0.00066162 7.61291e-05 -2.10178e-22)
(0.000140915 1.86732e-05 0)
(6.01633e-06 7.85628e-05 -1.08192e-22)
(5.32735e-06 0.000105625 9.05789e-23)
(0.00135643 -1.4709e-05 2.09858e-24)
(0.00116107 -0.00013933 6.35557e-22)
(0.000333804 -6.17179e-05 -4.80423e-27)
(3.5738e-05 -0.000210523 1.32642e-25)
(2.33743e-05 -0.000461829 -2.6523e-22)
(9.18851e-06 -0.00021413 8.36128e-23)
(0.000938693 3.95522e-05 1.48552e-22)
(0.000448048 3.37048e-05 1.02532e-22)
(6.97371e-05 3.66793e-06 -1.26131e-22)
(-1.06527e-06 1.82451e-05 2.30015e-23)
(0.00102275 -8.95098e-06 2.09406e-24)
(0.000869322 -7.48433e-05 -1.40576e-22)
(0.000205252 -2.45343e-05 4.54056e-22)
(6.93677e-06 -0.000105543 -2.12722e-22)
(5.79141e-06 -0.000131196 3.37838e-26)
(0.00064359 1.76719e-05 0)
(0.000252263 1.11835e-05 1.13797e-22)
(1.66323e-05 -9.66824e-07 7.96596e-23)
(0.000701594 -4.97679e-06 0)
(0.000590904 -3.43365e-05 -2.05649e-22)
(0.000104021 -5.09323e-06 3.95822e-22)
(-1.29739e-06 -2.46084e-05 4.39553e-23)
(0.000369027 6.08573e-06 -9.70819e-25)
(7.70433e-05 2.69236e-06 -1.42996e-22)
(0.000402726 -2.51852e-06 9.69557e-25)
(0.000334273 -1.21049e-05 -1.14005e-22)
(2.56691e-05 1.0525e-06 1.12909e-22)
(0.000119729 1.56547e-06 4.3375e-23)
(0.000130911 -1.16669e-06 0)
(0.000102876 -3.41956e-06 -1.09941e-23)
(-0.142817 0.303991 2.22413e-21)
(-0.0269808 0.25888 5.09758e-22)
(-0.041904 0.128202 0)
(-0.0753783 0.189363 2.78713e-21)
(-0.062918 0.194101 -2.94531e-21)
(-0.0730611 0.268086 0)
(-0.0373761 0.311006 0)
(-0.0980833 0.353103 -1.0259e-21)
(-0.0850176 0.314047 0)
(-0.0389126 0.266478 -1.88522e-21)
(0.152022 0.126595 4.23719e-21)
(-0.0955603 0.278608 0)
(-0.0337843 0.0636471 -3.65872e-22)
(-0.0560278 0.105126 0)
(-0.0161972 0.0192629 -3.82014e-21)
(-0.0385617 0.046943 3.90931e-21)
(-0.0830842 0.121513 -2.27142e-21)
(-0.114704 0.15911 0)
(-0.0953753 0.203232 0)
(-0.119104 0.239911 6.18524e-22)
(-0.108909 0.295252 0)
(-0.0976479 0.289327 1.95874e-21)
(-0.0155669 0.194222 2.36977e-21)
(0.0944247 0.155317 -5.71758e-21)
(0.302421 0.0910427 1.12321e-21)
(-0.149979 0.234822 -5.90178e-22)
(-0.140702 0.252038 0)
(-0.0215676 0.0120587 -3.16079e-21)
(-0.0491507 0.0286122 8.65826e-22)
(-0.0607088 0.0520831 7.20796e-22)
(-0.0912522 0.0817122 2.30954e-21)
(-0.121333 0.0804554 -4.44796e-21)
(-0.167218 0.115066 -3.93531e-21)
(-0.159248 0.156491 -3.00783e-21)
(-0.184397 0.184928 5.63399e-21)
(-0.131222 0.20822 -1.64191e-21)
(-0.060413 0.183652 -1.71399e-21)
(0.0426346 0.128042 0)
(0.386721 0.0501895 -5.74615e-21)
(0.189768 0.106142 0)
(0.422702 0.0295267 0)
(0.242627 0.058962 4.83609e-21)
(-0.206724 0.172126 0)
(-0.179065 0.17912 0)
(-0.0111352 -0.277159 6.03898e-21)
(-0.146297 -0.330081 0)
(0.385305 -0.0832342 0)
(0.434835 0.01457 -1.97065e-22)
(0.271857 0.0337137 0)
(0.267743 -0.094007 0)
(0.454734 -0.0374372 1.18398e-21)
(0.456366 0.0016786 3.69811e-21)
(0.294278 0.00830654 0)
(0.317728 -0.0440214 0)
(0.471787 -0.0152164 0)
(0.322614 -0.0149307 -3.75496e-21)
(-0.0638894 0.0224921 1.15033e-21)
(-0.0972534 0.0359089 -1.44662e-21)
(-0.120291 0.0484237 4.75784e-21)
(-0.173065 0.0544909 0)
(-0.201831 0.0846284 0)
(-0.231085 0.0948066 -3.10688e-21)
(-0.249127 0.119228 -2.3641e-21)
(-0.152808 0.138292 0)
(0.0663509 0.0798132 3.34772e-21)
(-0.0361483 0.117285 0)
(0.150123 0.0429954 0)
(0.00343577 0.0674394 -3.62036e-21)
(-0.266569 0.105313 7.85167e-21)
(-0.228811 0.112169 -2.31996e-21)
(-0.0118787 -0.263788 -3.40808e-21)
(0.171519 -0.137425 7.6728e-21)
(0.146094 -0.156585 -6.00494e-21)
(-0.115189 -0.386417 1.70516e-21)
(-0.0778408 -0.328357 -3.71168e-21)
(-0.0364547 -0.359596 2.43798e-22)
(0.0464771 -0.183026 -6.3656e-21)
(0.0495031 -0.153143 2.0869e-21)
(0.147723 -0.10956 3.22905e-21)
(0.1315 0.00966465 0)
(0.023759 0.0373957 0)
(0.0841356 -0.0937501 -3.55867e-21)
(0.18696 -0.0569672 0)
(0.0983866 -0.0460886 -3.31816e-21)
(0.197847 -0.0211306 3.02591e-21)
(0.0589067 -0.0100487 4.61202e-21)
(-0.0970796 0.0160711 1.65441e-21)
(-0.1407 0.0247019 0)
(-0.167698 0.0340886 0)
(-0.212771 0.0397128 3.28663e-21)
(-0.24421 0.0582403 0)
(-0.273149 0.0591077 8.26908e-21)
(-0.293453 0.0749345 -7.06608e-21)
(-0.109823 0.0532897 0)
(-0.133089 0.0679918 -5.679e-21)
(-0.223028 0.0861442 1.15682e-20)
(-0.196121 0.0390688 0)
(-0.291952 0.0739283 -7.47734e-21)
(-0.30503 0.0679291 -3.9889e-21)
(-0.0866669 -0.314013 0)
(-0.0717982 -0.24744 7.72962e-21)
(-0.0721037 -0.242506 0)
(-0.0643589 -0.3219 -5.27679e-22)
(-0.090606 -0.324678 4.14435e-22)
(-0.103494 -0.24109 -7.93849e-21)
(-0.0620337 -0.187544 -7.29381e-21)
(-0.0921555 -0.161627 9.69918e-21)
(-0.0393377 -0.115379 2.99231e-21)
(-0.105777 -0.0827825 -3.91976e-21)
(-0.0525497 -0.0524995 0)
(-0.0794944 -0.0181926 -3.18804e-21)
(-0.173546 0.0102029 0)
(-0.123033 0.0130632 0)
(-0.167075 0.0195988 -1.28253e-21)
(-0.197237 0.0253539 -5.02483e-21)
(-0.231312 0.0315638 4.30954e-21)
(-0.259875 0.0420644 -1.53343e-21)
(-0.278084 0.0440652 -1.96836e-21)
(-0.305877 0.0556938 6.23166e-21)
(-0.277398 0.0456216 -6.9516e-21)
(-0.300367 0.0605101 8.47557e-21)
(-0.264135 0.0148311 0)
(-0.297989 0.038576 -1.19084e-21)
(-0.319468 0.0604661 0)
(-0.312512 0.0553342 0)
(-0.0467638 -0.172871 -1.23725e-20)
(-0.0896254 -0.247359 4.26778e-21)
(-0.110182 -0.257098 5.15629e-21)
(-0.122449 -0.28691 -7.10693e-22)
(-0.138741 -0.257609 6.55657e-22)
(-0.173074 -0.208187 -7.46763e-21)
(-0.176082 -0.169075 0)
(-0.196629 -0.11191 -9.33498e-21)
(-0.279621 0.0171129 -4.39355e-21)
(-0.237738 -0.0813273 6.7914e-21)
(-0.273697 -0.0186568 2.80247e-21)
(-0.134848 0.0114314 4.52305e-21)
(-0.292609 0.0519697 2.69961e-21)
(-0.172524 0.0176611 -3.23148e-21)
(-0.197805 0.0229441 -2.79746e-21)
(-0.224826 0.0307929 -6.05869e-21)
(-0.259807 0.0390479 1.35566e-21)
(-0.268993 0.0431229 -3.43471e-21)
(-0.292281 0.0448237 -2.70013e-21)
(-0.31623 0.0593502 6.73177e-22)
(-0.311538 0.0502056 1.23328e-21)
(-0.272508 0.0577936 4.81858e-21)
(-0.288962 0.05571 1.99786e-21)
(-0.299669 0.0631206 -1.27998e-21)
(-0.291831 0.0598715 -1.91982e-21)
(-0.240001 0.063267 -6.67762e-21)
(-0.038723 -0.103843 0)
(-0.062363 -0.164258 8.2796e-21)
(-0.180885 0.0649383 0)
(-0.219084 0.0544555 4.37773e-21)
(-0.119093 0.0605213 8.47467e-21)
(-0.144615 0.0571666 -5.59602e-21)
(-0.0858285 -0.17943 0)
(-0.125235 -0.219171 -4.90159e-21)
(-0.162384 -0.196519 1.50048e-20)
(-0.21717 0.0279097 -5.83703e-21)
(-0.243511 0.00829529 4.62095e-21)
(-0.179062 -0.155441 -1.07013e-20)
(-0.229716 -0.0761255 1.13816e-22)
(-0.220895 -0.0469996 -9.4271e-21)
(-0.134919 0.0115869 0)
(-0.264103 0.0518215 0)
(-0.243308 0.0388971 2.59902e-22)
(-0.248748 0.0455195 -3.54731e-22)
(-0.168056 0.0197957 -5.02862e-21)
(-0.195903 0.025929 5.34779e-21)
(-0.214076 0.0309157 4.63935e-21)
(-0.282421 0.0687417 1.83162e-21)
(-0.27445 0.0683102 -4.1703e-22)
(-0.244985 0.0759844 3.6342e-21)
(-0.225867 0.0750609 1.32594e-21)
(-0.256995 0.0562265 -5.47927e-21)
(-0.262449 0.0705765 1.99945e-23)
(-0.269259 0.0626505 4.6785e-21)
(-0.199191 0.0806937 2.29939e-21)
(-0.174421 0.0790702 -7.50182e-21)
(-0.118257 0.0720128 2.88222e-21)
(-0.143266 0.0793057 2.38135e-21)
(-0.0943901 0.0698019 -3.36641e-21)
(-0.0566819 0.0516365 0)
(-0.0748095 0.0580573 2.79696e-21)
(-0.0904883 0.0538765 -2.39956e-22)
(-0.0820904 0.046308 0)
(-0.0246249 -0.0539808 -4.1979e-21)
(-0.0486226 -0.0937327 4.10717e-21)
(-0.0589333 -0.101151 2.88788e-21)
(-0.0944699 -0.136442 0)
(-0.106005 0.0312386 1.02026e-20)
(-0.139163 0.0336098 0)
(-0.16676 0.018486 5.66217e-21)
(-0.120348 -0.114775 1.30661e-22)
(-0.150701 -0.0264172 1.53365e-21)
(-0.150426 -0.122648 -4.22026e-21)
(-0.178318 -0.0553581 8.4673e-21)
(-0.013697 -0.0248935 -4.96337e-22)
(-0.0251465 -0.0424848 0)
(-0.125089 0.0106002 0)
(-0.084476 0.00375341 -5.15293e-22)
(-0.102135 0.00491859 5.19446e-22)
(-0.221889 0.0434294 -3.01094e-21)
(-0.232388 0.0533248 2.64731e-21)
(-0.148895 0.0163281 0)
(-0.183421 0.0252087 -2.45902e-21)
(-0.19943 0.0345719 2.96146e-21)
(-0.19706 0.0850142 1.24124e-21)
(-0.236964 0.0754245 -2.01856e-21)
(-0.230435 0.0803279 -2.56114e-21)
(-0.216673 0.0592457 -3.41151e-21)
(-0.216928 0.070473 6.76416e-22)
(-0.174402 0.0829588 0)
(-0.146363 0.0830693 0)
(-0.132935 0.0815068 0)
(-0.105714 0.0781626 -2.9743e-21)
(-0.0863073 0.0716634 -1.67463e-21)
(-0.0665075 0.065148 3.98731e-21)
(-0.0497793 0.0534126 0)
(-0.00766705 0.0143339 0)
(-0.00490723 0.0094892 -6.67208e-22)
(-0.0140303 0.0255982 3.5942e-21)
(-0.0224916 0.0345296 -3.15073e-21)
(-0.0357976 0.0464309 0)
(-0.025419 0.0324334 -5.85267e-21)
(-0.0387082 0.0397166 3.69489e-23)
(-0.0105412 0.015261 0)
(-0.0144165 0.0199322 -4.59664e-21)
(-0.00482116 0.00586535 0)
(-0.0409207 0.0349767 1.32416e-23)
(-0.058701 0.0395421 2.01649e-23)
(-0.0578307 0.0300344 3.55456e-21)
(-0.0909014 0.0255881 -4.32494e-21)
(-0.0357575 -0.047238 8.81427e-21)
(-0.0595579 -0.0659204 -1.85516e-20)
(-0.0870077 -0.0660654 3.9519e-21)
(-0.0862062 0.00895999 -2.27966e-21)
(-0.0951063 -0.0372767 8.37771e-21)
(-0.115412 -0.0221578 -5.88598e-21)
(-0.0067531 -0.00717967 0)
(-0.0128053 -0.0154021 0)
(-0.0158524 -0.0166831 -3.64689e-21)
(-0.0316737 -0.027979 -5.33441e-21)
(-0.00413697 0.00672255 5.64583e-22)
(-0.116793 0.0102327 1.25622e-21)
(-0.0692002 0.000773912 0)
(-0.0867665 0.00274352 -1.09911e-21)
(-0.145352 0.0288736 1.49373e-21)
(-0.171952 0.03697 -4.46366e-21)
(-0.18751 0.0542309 -8.03292e-23)
(-0.16065 0.0668981 4.05089e-21)
(-0.179677 0.0749742 -4.75389e-21)
(-0.167245 0.0802824 3.23404e-21)
(-0.09784 0.077969 -3.92871e-21)
(-0.127023 0.0770317 6.0747e-23)
(-0.12443 0.0816059 1.11121e-21)
(-0.0366104 0.0523453 4.04179e-21)
(-0.0558555 0.0635625 -4.35747e-23)
(-0.0776191 0.0707562 1.95797e-21)
(-0.0109942 0.0269436 1.76508e-21)
(-0.0269684 0.0442179 -2.13866e-21)
(-0.00621857 0.0174837 -1.58649e-21)
(-0.0162273 0.0183564 5.23156e-21)
(-0.0256815 0.0237196 0)
(-0.00491056 0.00505917 4.11006e-21)
(-0.00721566 0.0075536 -7.26398e-21)
(-0.00216987 0.000486929 0)
(-0.00219569 7.68434e-05 0)
(-0.00442967 -0.00238116 -1.15545e-21)
(-0.0262059 0.0192637 5.24023e-21)
(-0.0404833 0.0215383 -1.54704e-23)
(-0.0403772 0.0141581 -1.07791e-20)
(-0.0619821 0.00755455 1.08819e-20)
(-0.0381557 -0.0177324 3.8082e-21)
(-0.0532432 -0.0175174 -3.09035e-21)
(-0.0469041 -0.00251046 -3.80755e-21)
(-0.0064226 -0.00328294 7.17204e-22)
(-0.0128155 -0.00723631 2.03365e-21)
(-0.0209768 -0.00667187 1.40875e-21)
(-0.00499922 0.013238 -3.04848e-21)
(-0.0288848 0.0488758 0)
(-0.0608868 0.063083 0)
(-0.0921777 0.0355836 3.94759e-21)
(-0.107661 0.0546491 -2.76811e-21)
(-0.0999181 0.0662766 0)
(-0.0220371 0.00257166 3.06757e-23)
(-0.0619849 0.0146393 0)
(-0.00989108 0.0305223 -1.03528e-22)
(-0.000857878 0.00147267 -6.08602e-22)
(-0.000250766 0.00181565 2.99348e-21)
(-0.00906142 0.00699641 7.4961e-21)
(-0.0143686 0.0106117 0)
(-0.00151688 -0.000544471 -3.39714e-21)
(-0.00336008 0.000886719 -1.07838e-20)
(-0.000486045 -0.00206784 5.9536e-21)
(-0.00141159 0.00118043 4.21806e-22)
(-0.00529177 -0.000935754 0)
(-0.0155206 0.0061109 0)
(-0.0251673 0.00788586 0)
(-0.0276113 0.000558566 0)
(-0.00733871 -0.00078824 4.81263e-21)
(-0.0159458 -0.00299235 -4.11227e-21)
(-0.0181604 0.000585903 0)
(-0.00130276 0.00979539 0)
(-0.00049215 0.00141037 2.72218e-21)
(0.000515564 0.00151294 -6.82814e-21)
(0.000563332 0.00174794 1.18855e-20)
(0.000523382 0.00156195 -7.18311e-21)
(0.000791912 0.0011143 -2.33846e-21)
(0.000428367 0.000582958 0)
(-0.0030771 0.00018012 3.51765e-21)
(-0.00655158 0.00153202 0)
(0.000126721 -0.00265073 0)
(-0.000254927 -0.00213917 0)
(0.000201317 -0.00278359 -1.29438e-21)
(-0.00088189 0.000899527 2.23557e-21)
(-0.00312548 0.000644635 0)
(-0.00246399 0.000421566 6.76727e-21)
(-0.00458874 0.000862674 1.78981e-21)
(-0.00592418 0.00153091 -6.74947e-21)
(0.00100742 0.00128158 0)
(0.000595381 0.00113273 5.27847e-21)
(0.00112096 0.000963984 8.56104e-21)
(0.00132489 0.00111595 -9.71037e-21)
(0.000619581 0.0003155 -1.74298e-22)
(0.0011107 0.000594139 7.23192e-21)
(0.000670841 -0.00204434 1.45263e-21)
(8.22904e-05 -0.00109556 -1.08929e-21)
(0.000694591 -0.00212596 -8.36434e-21)
(0.000876579 -0.00246612 1.14293e-20)
(0.0010884 -0.00230139 0)
(0.00110313 0.000853002 -5.35735e-21)
(0.000339649 0.000808355 -7.84174e-21)
(0.0014701 4.29671e-05 1.16263e-20)
(0.00137343 -0.000863505 0)
(0.000994356 -0.00136616 0)
(0.000543664 -0.000763511 4.45932e-21)
(0.00175906 0.000761132 3.35689e-21)
(0.0018497 0.000727697 -5.95404e-21)
(0.0013166 0.000416837 -1.30432e-22)
(0.00172579 0.000544729 1.75611e-24)
(0.00145649 -0.00122728 0)
(0.00178399 -0.00147316 1.95013e-21)
(0.00199764 -0.000968469 -1.68471e-21)
(0.00229748 0.000258645 -4.07883e-24)
(0.00223293 -0.000481796 7.99697e-22)
(0.00221162 -9.17349e-05 6.32134e-21)
(0.000824115 -0.000360562 -5.91102e-21)
(0.00148691 -0.000695014 0)
(0.00184057 0.000231603 -8.82989e-21)
(0.00222034 0.000189696 4.20977e-21)
(0.00201793 -2.62652e-05 4.48282e-21)
(0.00175209 -0.000394103 0)
(0.00211395 -0.000405326 -4.91132e-21)
)
;

boundaryField
{
    movingWall
    {
        type            fixedValue;
        value           uniform (1 0 0);
    }
    fixedWalls
    {
        type            noSlip;
    }
    frontAndBack
    {
        type            empty;
    }
    defaultFaces
    {
        type            empty;
    }
}


// ************************************************************************* //
