/*--------------------------------*- C++ -*----------------------------------*\
  =========                 |
  \\      /  F ield         | OpenFOAM: The Open Source CFD Toolbox
   \\    /   O peration     | Website:  https://openfoam.org
    \\  /    A nd           | Version:  8
     \\/     M anipulation  |
\*---------------------------------------------------------------------------*/
FoamFile
{
    version     2.0;
    format      ascii;
    class       volScalarField;
    location    "0.051";
    object      p;
}
// * * * * * * * * * * * * * * * * * * * * * * * * * * * * * * * * * * * * * //

dimensions      [0 2 -2 0 0 0 0];

internalField   nonuniform List<scalar> 
424
(
-6.53145e-07
0.0549682
0.0135838
0.118073
0.0956916
0.247631
0.102368
0.0549748
0.277532
0.495531
0.478921
0.491802
0.0114114
-0.150521
0.508101
0.749794
0.508295
0.513961
-0.422003
-0.18409
0.749225
1.00247
0.672859
0.673575
-0.674196
-0.436611
-0.380935
-0.396341
0.988414
1.26988
1.47592
1.53831
0.850196
0.848277
-3.52156
-0.889018
-1.11166
-1.38907
-0.676905
-0.412367
-0.417516
1.23573
1.42959
1.52554
1.41536
1.00686
1.0045
-2.88776
-2.65093
-0.887309
-1.12253
-1.18072
-0.576925
-0.578145
1.43281
1.47055
1.02539
1.02161
-2.26898
-1.12632
-0.759571
-0.757264
1.51793
1.67542
-1.05161
-0.621441
-0.946295
-0.945239
1.92538
1.70871
-0.0206872
-0.598878
-1.01231
-1.03653
2.18168
1.93776
1.89824
1.91145
0.728296
0.00849674
4.37588
2.40409
1.47383
2.10452
2.68241
5.25513
2.88571
2.61762
2.17946
1.94301
1.94875
0.733691
-0.386764
3.94778
2.39745
1.45936
2.08228
2.56929
4.53657
2.64147
2.62748
2.10506
2.10579
-0.162747
-0.412563
2.29276
2.29031
0.393121
-0.163122
2.48809
2.49279
0.979235
0.392553
2.57519
2.60599
1.56098
0.978202
1.82258
1.55612
1.84071
0.130959
0.0406042
0.0477977
0.0787994
0.0945883
0.165926
-0.0272853
0.0103174
0.22449
0.318119
0.333344
0.151112
0.177713
0.219185
0.336135
0.303746
0.294925
0.445407
0.461595
0.446432
0.0654471
-0.000491078
0.0703765
0.0359188
-0.0162923
-0.0625849
-0.0402411
-0.160879
-0.082213
-0.189115
0.000937989
0.0449824
0.069085
0.113949
0.305928
0.169847
0.363385
0.353385
0.490729
0.51136
0.583976
0.513418
0.599093
-0.0308551
-0.0330848
-0.18597
-0.202748
-0.231954
-0.267412
-0.271628
-0.0485005
-0.281732
-0.094844
-0.233411
0.643098
0.639052
0.751036
0.783349
0.679181
0.784454
-0.293694
-0.281626
-0.439154
-0.338935
-0.401492
-0.381332
-0.348945
0.885756
0.88515
0.985861
0.95834
1.05254
0.853799
0.943812
-0.546833
-0.672309
-0.503749
-0.554943
-0.419947
-0.515273
1.13595
1.15072
1.2072
1.21796
1.27455
1.22129
1.1096
1.18322
1.00482
1.08283
-0.788802
-0.883646
-0.696337
-0.776895
-0.583084
-0.700547
1.32539
1.30432
1.3173
1.35458
1.40201
1.38616
1.3825
1.38613
1.39076
1.49786
1.50037
1.44977
1.1847
1.27086
1.03851
1.18549
1.35379
1.38437
1.45394
-1.2654
-1.65517
-2.50197
-2.08801
-1.01828
-1.11731
-1.2315
-1.01888
-0.868128
-0.935422
-0.764262
-0.870018
-1.14725
-1.25488
1.50176
1.4476
1.45841
1.45281
1.51796
1.45793
1.46853
1.51759
1.56269
1.58835
1.68702
1.3404
1.43588
1.5117
1.49516
1.13839
1.26321
-1.48762
-1.41871
-1.63495
-1.23536
-1.08025
-1.10405
-1.14901
-1.00613
-1.07054
-0.942587
-1.01916
-0.854672
-1.19494
-1.101
-1.07426
-1.11788
-1.22078
1.56627
1.62304
1.69905
1.55626
1.7355
1.73052
1.76238
1.78541
1.56427
1.77372
1.6119
1.73804
-0.817879
-0.723181
-0.941088
-0.594352
-0.698818
-0.564768
-1.09598
-1.1054
-0.746695
-0.75685
-1.02299
-1.12663
-1.03851
-1.07746
-1.24117
-1.17202
-1.05089
-0.753279
1.77593
1.78997
1.94083
1.86882
1.91342
1.88608
1.87282
-0.395493
-0.399259
0.0271456
-0.357073
-0.0567868
-0.41172
-0.344871
-1.40077
-1.31497
-1.08186
-1.21416
-1.15628
-1.51021
-1.48565
-1.19798
2.06703
2.18187
2.01572
2.06494
1.94684
2.03001
0.311359
0.738163
0.0737638
0.327557
-0.1606
0.14524
-1.13428
3.71443
4.06675
2.31327
2.39274
2.1887
2.3108
2.11142
2.20104
1.14671
1.45221
0.806015
1.1372
0.417328
0.792403
2.57845
3.13395
2.5337
2.62165
1.88885
2.07565
2.3738
2.73881
3.01102
2.74795
3.21756
2.65029
2.52461
2.40088
2.47263
2.29177
2.39321
1.9038
1.44088
1.52923
0.981531
1.35572
2.28349
2.92139
2.65901
2.62053
2.1794
2.20516
2.79792
2.68006
2.70139
2.67882
2.58137
2.59596
2.479
2.58925
1.79185
2.03811
1.56977
1.77234
2.39696
2.65503
2.62627
2.64325
2.15859
2.35989
2.76893
2.63483
2.67419
2.59417
2.66899
1.84535
2.1232
2.62701
2.97743
2.88869
2.53056
2.56605
3.09532
3.0586
2.63786
2.55874
)
;

boundaryField
{
    movingWall
    {
        type            zeroGradient;
    }
    fixedWalls
    {
        type            zeroGradient;
    }
    frontAndBack
    {
        type            empty;
    }
    defaultFaces
    {
        type            empty;
    }
}


// ************************************************************************* //
