/*--------------------------------*- C++ -*----------------------------------*\
  =========                 |
  \\      /  F ield         | OpenFOAM: The Open Source CFD Toolbox
   \\    /   O peration     | Website:  https://openfoam.org
    \\  /    A nd           | Version:  8
     \\/     M anipulation  |
\*---------------------------------------------------------------------------*/
FoamFile
{
    version     2.0;
    format      ascii;
    class       volVectorField;
    location    "0.055";
    object      U;
}
// * * * * * * * * * * * * * * * * * * * * * * * * * * * * * * * * * * * * * //

dimensions      [0 1 -1 0 0 0 0];

internalField   nonuniform List<vector> 
424
(
(-0.00293584 -0.00018984 6.81024e-26)
(-0.0146485 0.00096145 0)
(-0.0130997 0.00276728 2.04603e-23)
(0.000179436 0.00315061 -1.16672e-24)
(-0.0473422 0.00514621 -2.47664e-23)
(-0.0230399 0.000844413 -3.3878e-23)
(-0.00299382 0.0138273 3.23357e-24)
(-0.000995221 0.0155021 -7.92794e-25)
(-0.0687193 0.00259422 -3.61307e-23)
(-0.0257599 0.000296785 3.10975e-23)
(-0.0703082 0.00228219 9.63687e-23)
(-0.0240333 0.000465821 0)
(-0.00519649 0.0503116 1.16808e-24)
(-0.000963488 0.0244823 0)
(-0.0744227 0.000564781 3.30257e-23)
(-0.0255759 -4.07966e-05 1.75108e-23)
(-0.0590363 0.000689055 0)
(-0.0196444 7.80838e-05 0)
(-0.00034137 0.0271075 0)
(-0.00267641 0.073244 -2.78454e-23)
(-0.0733855 4.80514e-05 3.49542e-23)
(-0.0258151 -0.000338599 -1.87544e-23)
(-0.0573074 0.000236476 0)
(-0.0196335 5.60068e-05 0)
(1.31906e-05 0.0260381 1.30698e-23)
(-0.000172785 0.078114 2.51281e-23)
(-0.00233301 0.0684369 -3.74618e-23)
(-0.000418076 0.0233059 -3.89007e-23)
(-0.0750659 -0.000327294 5.88732e-23)
(-0.0232357 -0.000847865 0)
(-0.01503 -0.000969273 -1.31695e-22)
(-0.00303851 0.000215546 0)
(-0.0530403 -1.91878e-05 -1.05688e-22)
(-0.0180515 3.8252e-05 9.88292e-23)
(-0.0222839 0.0479301 6.83823e-23)
(0.000239855 0.0267943 0)
(0.00014575 0.0295823 -2.27067e-22)
(0.00335085 0.0631419 2.33919e-22)
(8.24528e-05 0.0746462 2.795e-23)
(-0.000419314 0.0601011 3.92269e-24)
(-6.78888e-06 0.0199946 -3.85034e-24)
(-0.0699773 -0.00256803 -1.05444e-22)
(-0.0489794 -0.00549269 1.33514e-22)
(-0.0141002 -0.00310092 0)
(0.000223854 -0.00336377 -2.95521e-22)
(-0.0494632 -0.000265398 3.47001e-22)
(-0.0162193 -3.37346e-05 0)
(-0.106049 0.152676 -1.89065e-22)
(0.809203 0.0278419 -5.01865e-23)
(-0.000696116 0.0781572 -1.62204e-23)
(-0.0057315 0.0866383 0)
(-0.00507447 0.166837 -3.61593e-24)
(-0.000244447 0.0579313 0)
(-4.43856e-05 0.0199137 0)
(-0.00399969 -0.015195 5.94385e-23)
(-0.00125625 -0.0170651 2.5843e-22)
(-0.0531043 -0.000629138 0)
(-0.0174723 -0.000155149 0)
(0.405636 0.118728 1.41485e-22)
(0.861373 -0.00378851 -1.19173e-23)
(0.000144652 0.0544514 -9.27323e-23)
(-8.89866e-06 0.0187191 8.79001e-23)
(-0.00671074 -0.0544127 0)
(-0.00104152 -0.0268031 0)
(0.551426 0.0129196 1.56442e-22)
(0.882724 -0.0021395 0)
(0.000407942 0.051598 -7.97523e-23)
(9.87437e-05 0.0174718 7.3391e-23)
(-0.000335088 -0.0292898 6.02643e-23)
(-0.00298225 -0.0790076 -1.85949e-23)
(0.880712 -0.00128594 -1.38269e-23)
(0.626356 0.00206093 -1.1592e-22)
(-0.00228629 0.0558663 0)
(-0.000204758 0.0209811 0)
(7.71702e-05 -0.02888 4.72761e-23)
(-0.000366295 -0.0834646 1.91047e-23)
(-0.00189878 -0.0658852 -3.972e-22)
(-0.000343415 -0.0224316 0)
(0.87909 -0.000317042 1.30625e-23)
(0.636983 -0.000767906 -4.91248e-23)
(0.826677 -0.0267489 0)
(0.000338135 -0.0288181 -9.09956e-23)
(0.881767 0.0014074 0)
(0.886705 0.00204231 0)
(0.865836 0.0037729 0)
(-0.0195219 -0.0491249 0)
(0.00355492 -0.0683038 -4.8077e-22)
(0.000174649 -0.0308269 5.95664e-22)
(0.000290606 -0.0821548 4.36573e-23)
(-0.000559673 -0.057713 0)
(-3.68979e-05 -0.0192405 0)
(0.639136 -0.000725867 -2.08439e-23)
(-0.104751 0.00186868 -4.20507e-23)
(0.447581 -0.115196 9.64674e-22)
(-0.000517856 -0.0839357 -8.91264e-23)
(0.64162 0.0013179 -1.2372e-22)
(0.643145 -0.00139798 2.57369e-22)
(0.570032 -0.010838 -1.24184e-21)
(-0.108401 -0.154015 -1.80904e-22)
(-0.00644922 -0.179382 7.01042e-22)
(-0.00653582 -0.0904903 -5.69194e-22)
(5.52821e-05 -0.0573153 -3.09732e-23)
(3.51873e-05 -0.0196886 3.00376e-23)
(-0.0932195 5.78288e-05 0)
(-0.0405122 -4.35133e-05 -4.0972e-23)
(0.000387525 -0.0594119 -1.384e-22)
(6.08781e-05 -0.0204863 -1.31588e-22)
(-0.0956244 -0.000318195 2.40226e-23)
(-0.0338681 6.24664e-06 0)
(-6.39925e-05 -0.0579667 9.95369e-23)
(8.55297e-05 -0.019942 -9.489e-23)
(-0.0893578 -0.000141647 -2.48823e-22)
(-0.0351874 -0.000111254 -2.27461e-23)
(-0.00299883 -0.0605688 0)
(-0.000220558 -0.0234934 0)
(-0.0824189 0.000297871 1.35983e-22)
(-0.0326861 -6.7177e-05 0)
(-0.0935607 -0.00161861 0)
(-0.0294552 -9.43751e-06 1.21638e-22)
(-0.035094 -0.000114618 0)
(-0.0797085 0.0170986 2.51295e-24)
(-0.0236501 0.0118445 0)
(-0.0636618 0.0352258 0)
(-0.012151 0.024872 -1.84868e-24)
(-0.129937 0.10705 2.70431e-23)
(-0.157619 0.0741009 4.77098e-22)
(-0.0863941 0.136067 3.60191e-23)
(-0.107446 0.116556 -1.33006e-23)
(-0.154443 0.0624927 -8.02844e-22)
(-0.159214 0.0373026 -2.63898e-23)
(-0.136462 0.0285308 -7.20547e-22)
(-0.122863 0.0288222 -1.92549e-22)
(-0.146399 0.0477247 -6.4271e-22)
(-0.16614 0.0511622 8.39039e-22)
(-0.173011 0.0243135 -6.00106e-22)
(-0.180433 0.026815 1.08102e-22)
(-0.111981 0.00669667 1.813e-22)
(-0.165161 0.00739459 1.24477e-21)
(-0.109402 0.00549159 2.62623e-22)
(-0.136107 0.00295539 3.40109e-22)
(-0.0367833 0.0644876 2.98886e-23)
(-0.103664 0.1132 0)
(-0.0718011 0.0680651 -2.47409e-23)
(-0.101869 0.0915651 0)
(-0.0735464 0.138952 5.30089e-23)
(-0.0750637 0.148103 -1.36508e-22)
(-0.0193301 0.0863605 -2.98032e-25)
(-0.0501041 0.165031 2.19494e-22)
(-0.0697396 0.133882 -4.78468e-23)
(-0.047226 0.157484 2.86946e-22)
(-0.061574 0.103833 -5.76847e-23)
(-0.0974983 0.0922344 -2.77345e-23)
(-0.108736 0.0661955 0)
(-0.0950649 0.035971 1.22418e-22)
(-0.023283 0.00244672 -2.99258e-22)
(-0.0654363 0.0141482 3.45256e-22)
(-0.160639 0.00870645 0)
(-0.179651 0.00904128 0)
(-0.188104 0.00221162 -8.63588e-22)
(-0.124747 0.000722713 -1.54641e-21)
(-0.181758 0.00213021 2.80041e-21)
(-0.10222 0.00153765 7.08763e-22)
(-0.144475 -0.000259729 7.39589e-22)
(-0.0349113 0.131563 -2.11484e-23)
(-0.0443072 0.153503 2.06003e-23)
(-0.0339205 0.178004 -2.34689e-22)
(-0.00639964 0.118379 7.74711e-22)
(-0.0204691 0.182772 1.15943e-22)
(-0.026031 0.150717 4.82173e-23)
(-0.0147809 0.168078 -3.0019e-22)
(-0.0335684 0.0890255 1.67382e-22)
(-0.0206226 0.131541 -1.17254e-21)
(-0.0144233 0.0642133 0)
(-0.00246911 0.0228847 0)
(-0.170524 -0.000968145 8.754e-22)
(-0.187646 -0.000297135 -2.61175e-21)
(-0.127465 0.00071111 -9.19971e-22)
(-0.178926 0.000118021 2.91441e-21)
(-0.100069 -4.62288e-05 -1.15723e-21)
(-0.145333 -0.000447442 1.43858e-21)
(-0.0053309 0.164816 -6.92832e-22)
(-0.00649879 0.18326 5.23063e-22)
(0.0012137 0.128584 0)
(-0.00490142 0.16003 0)
(-0.00167913 0.187704 -1.05472e-21)
(-0.00396749 0.10329 8.01869e-22)
(-0.000375942 0.133289 0)
(-0.170326 0.00217698 8.74398e-22)
(-0.185608 0.00137993 1.97128e-22)
(-0.131512 0.000716459 1.26099e-21)
(-0.178051 -0.00155648 -1.91413e-21)
(-0.183695 -0.00332055 -2.01379e-21)
(-0.0962916 -0.000686772 -2.26909e-21)
(-0.136401 -0.000602741 9.8481e-22)
(0.00381133 0.168803 7.66851e-22)
(0.000864348 0.122783 -8.12016e-22)
(-0.000313632 0.181851 2.5593e-21)
(0.00247842 0.187882 -1.97769e-21)
(-0.000652086 0.105043 0)
(0.000628092 0.145912 0)
(-0.162212 -0.0062492 -1.45069e-21)
(-0.181768 -0.00877733 0)
(-0.180303 -0.0273975 1.7653e-21)
(-0.114231 -0.00652687 1.05926e-21)
(-0.170226 -0.0355061 -1.9664e-21)
(-0.171103 -0.0328362 -3.24544e-21)
(-0.154686 -0.00740525 1.95861e-21)
(-0.161074 -0.0241873 1.79043e-21)
(-0.0954228 -0.000730731 -2.94385e-22)
(-0.122641 0.000427292 0)
(-0.000570304 0.16882 -4.27427e-22)
(-0.00393633 0.132656 0)
(0.00113286 0.180517 0)
(-0.000380853 0.186237 3.26989e-22)
(-6.53198e-05 0.0990763 0)
(0.00167017 0.144345 0)
(-0.14852 -0.065322 0)
(-0.161614 -0.0580218 -2.16169e-21)
(-0.161963 -0.0621326 2.91988e-21)
(-0.134368 -0.0871315 0)
(-0.0786215 -0.0163373 0)
(-0.127528 -0.0277388 -1.22209e-21)
(-0.146641 -0.0352159 -2.28634e-21)
(-0.134159 -0.0691253 2.80828e-21)
(-0.146099 -0.0820062 -1.47929e-22)
(-0.0647258 -0.0339309 -7.03429e-22)
(-0.0248651 -0.0119598 0)
(-0.0137901 -0.0257251 2.1484e-21)
(-0.136432 -0.0334135 7.37925e-22)
(-0.140716 -0.056647 -1.8338e-21)
(-0.0867861 -0.00147766 -1.29963e-21)
(-0.118149 -0.0266836 1.85716e-21)
(-0.117347 -0.071908 8.61233e-22)
(-0.120978 -0.0882418 0)
(-0.104313 -0.10204 1.57276e-21)
(-0.0302115 0.234846 3.19096e-24)
(-0.128216 0.29946 -2.98934e-21)
(-0.141202 0.223795 3.13433e-21)
(0.118554 0.186746 -2.51998e-21)
(-0.0154499 0.171898 1.44028e-21)
(-0.0177932 0.13914 -1.74393e-21)
(-0.0481562 0.207869 -8.93422e-22)
(-0.01685 0.183881 -3.07497e-21)
(0.000772005 0.176746 -7.87774e-22)
(-0.00789498 0.181108 3.18224e-21)
(0.00109401 0.0940998 0)
(0.0022387 0.13429 2.89819e-22)
(-0.0626558 0.199722 4.23157e-21)
(-0.0997364 0.192603 -1.31936e-21)
(-0.107489 -0.119114 4.15215e-21)
(-0.128674 -0.104811 2.47838e-21)
(-0.125916 -0.106676 -3.33253e-21)
(-0.0773171 -0.0620962 5.33911e-22)
(-0.0964666 -0.120754 0)
(-0.102229 -0.08665 2.48064e-22)
(-0.0382209 -0.0628987 -3.0029e-21)
(-0.0846951 -0.141292 -5.84349e-21)
(-0.0226811 -0.0888326 0)
(-0.0698023 -0.142128 2.05127e-21)
(-0.0496862 -0.159837 0)
(-0.0788721 -0.0274487 3.18108e-21)
(-0.0957166 -0.062029 0)
(-0.0602134 -0.106002 -4.67066e-21)
(-0.0861324 -0.0945893 1.13909e-21)
(-0.0172779 -0.00145172 1.35891e-21)
(-0.0507074 -0.00948642 -5.47212e-21)
(-0.105494 0.238409 -5.34553e-22)
(-0.127799 0.20258 0)
(0.00995232 0.1949 1.96855e-21)
(-0.135467 0.109075 -1.29744e-21)
(0.264723 0.0573628 9.58004e-22)
(-0.0273433 0.180188 2.01691e-21)
(-0.0485906 0.178408 -2.27143e-21)
(-0.00850354 0.150304 -1.66487e-21)
(-0.0187068 0.153249 2.87493e-21)
(0.000854771 0.0913455 1.34306e-21)
(-0.00632825 0.11822 -8.88818e-22)
(-0.155178 0.0189236 0)
(-0.108154 0.126032 -1.91581e-21)
(-0.139531 0.0883964 1.08988e-22)
(-0.146411 0.0485417 3.14566e-21)
(-0.0530617 0.137914 -1.22838e-21)
(-0.0850381 0.113848 1.19673e-21)
(-0.0633904 -0.147547 2.24966e-22)
(-0.0628965 -0.16254 5.0555e-22)
(-0.0471619 -0.172919 0)
(-0.0377164 -0.127833 -2.84041e-22)
(-0.00864805 -0.129605 1.90401e-23)
(-0.0279862 -0.178607 -3.58782e-21)
(-0.0307101 -0.154742 1.83874e-21)
(-0.021198 -0.167489 -2.03163e-21)
(-0.0331987 -0.0925806 3.19135e-21)
(-0.0244178 -0.132032 -2.66096e-21)
(-0.0126046 -0.0609676 0)
(-0.00220157 -0.0213911 0)
(-0.0530755 0.0573198 -4.54559e-22)
(-0.113895 0.0269271 1.63248e-21)
(0.105207 0.0607267 -6.68036e-22)
(0.375405 0.017652 1.6736e-21)
(-0.123076 0.0162591 0)
(-0.172633 0.0106419 0)
(-0.0163222 0.119107 -2.08487e-21)
(-0.0331479 0.114416 0)
(-0.163641 -0.00423766 0)
(-0.160897 0.00214474 0)
(-0.00694457 0.0859196 0)
(-0.006162 0.0971738 -9.49274e-22)
(-0.123126 0.00537025 0)
(-0.121519 0.0337934 -3.18307e-21)
(-0.0435056 0.0641988 0)
(-0.0821486 0.0683453 0)
(-0.0966098 0.0406301 2.69353e-21)
(-0.150215 -0.0106103 5.67794e-22)
(-0.0119599 -0.182335 2.51298e-21)
(-0.0113667 -0.167566 0)
(0.000252478 -0.135136 -4.01937e-23)
(-0.00728507 -0.159244 0)
(-0.00351049 -0.186079 0)
(-0.00453279 -0.102073 -3.52118e-21)
(-0.00281776 -0.132105 3.21289e-21)
(-0.0441834 0.0167183 0)
(0.124777 0.0123425 -1.38812e-21)
(0.37565 0.00255101 0)
(-0.182778 0.00432174 -4.68458e-22)
(-0.153178 0.0087867 1.18268e-23)
(-0.142674 0.00537075 -2.5052e-22)
(-0.172631 0.00599791 1.30658e-22)
(-0.00426509 0.0314429 5.48594e-21)
(-0.0320911 0.0259067 -1.03254e-21)
(-0.0693891 0.012307 -2.11795e-21)
(-0.0823965 -0.0142364 0)
(-0.0826193 -0.0036109 0)
(0.000297705 0.00911328 1.7204e-21)
(-2.55852e-05 0.0229776 -6.50322e-21)
(-0.0635126 -0.00552629 0)
(0.00202265 -0.174997 -5.44286e-22)
(0.000380865 -0.134926 3.98483e-23)
(-0.00164401 -0.179577 -4.63199e-21)
(0.0012513 -0.187463 4.30824e-21)
(-0.00146754 -0.0997628 0)
(0.000229583 -0.143112 -5.35955e-22)
(0.0990393 -0.00268285 0)
(0.363275 -0.00154237 0)
(-0.166855 -0.00192969 4.27461e-22)
(-0.0928545 -0.00223988 -3.64882e-22)
(-0.148422 0.000225616 3.315e-22)
(-0.18205 0.00674322 -5.56568e-22)
(-0.0244908 -0.000849589 0)
(0.131216 -0.186398 -5.76529e-21)
(-0.150141 -0.226954 9.82743e-21)
(-0.000618503 -0.172949 1.67242e-22)
(-0.00342817 -0.137433 0)
(0.000955023 -0.179164 3.94842e-21)
(-0.000663486 -0.186284 -2.87809e-21)
(0.000625224 -0.0970089 0)
(0.00241441 -0.148279 -1.02843e-21)
(0.0909284 -0.000122577 -3.84585e-23)
(0.357802 -0.0032648 -2.09548e-21)
(-0.189077 -0.00314919 -2.14088e-21)
(-0.101953 -0.000179086 -6.25776e-22)
(-0.151667 0.00168126 5.32851e-22)
(-0.189802 -0.00175637 0)
(0.267616 -0.0533199 -6.96171e-21)
(0.0263565 -0.166599 -6.40571e-21)
(-0.0150131 -0.173265 0)
(-0.0192413 -0.143768 0)
(0.131316 -0.00836237 -3.06326e-21)
(0.383129 -0.0157337 2.61085e-21)
(0.128898 -0.0594144 1.15831e-20)
(-0.0540644 -0.212766 0)
(-0.112219 -0.219789 9.19454e-21)
(-0.0350548 -0.250721 1.60224e-21)
(-0.147588 -0.306075 -2.5964e-21)
(-0.0665531 -0.195486 -1.80085e-23)
(-0.015383 -0.183467 -3.83788e-21)
(0.000211019 -0.177961 1.65009e-21)
(-0.00636404 -0.180759 6.07315e-21)
(0.00117426 -0.106685 -3.64511e-21)
(0.000157799 -0.145211 2.36683e-21)
(-0.0479717 -0.0138271 2.45575e-21)
(-0.169433 0.00266153 3.73787e-21)
(-0.164865 -0.00565829 -3.37342e-21)
(-0.143908 7.09996e-05 2.48786e-22)
(-0.174312 -0.00025037 0)
(-0.0616995 -0.0658406 -3.84539e-21)
(-0.147716 -0.173628 -2.63114e-21)
(-0.0446829 -0.17581 -6.38865e-21)
(-0.0270848 -0.177099 7.55009e-22)
(-0.126414 -0.0150615 0)
(-0.114928 -0.0286103 -9.97048e-22)
(-0.130328 -0.173474 -6.74507e-21)
(-0.0889401 -0.178241 8.70795e-21)
(-0.0734944 -0.131044 6.39501e-21)
(-0.0510815 -0.140252 0)
(-0.0074492 -0.143622 0)
(-0.0175733 -0.14793 -2.51028e-21)
(-0.00140194 -0.0992504 0)
(-0.00755902 -0.121841 0)
(-0.186538 0.000123751 2.82182e-21)
(-0.177086 -0.00530503 -5.44344e-21)
(-0.13663 0.00214908 -2.61899e-22)
(-0.168445 -0.00295478 -1.59652e-21)
(-0.155257 -0.0197988 5.16627e-21)
(-0.147663 -0.0742587 -4.46186e-21)
(-0.0183696 -0.11761 1.50501e-21)
(-0.0341726 -0.11643 3.62301e-21)
(-0.17346 0.00443114 4.46153e-21)
(-0.155536 0.00195842 -1.78855e-22)
(-0.0429465 -0.0653893 -8.00964e-21)
(-0.0769303 -0.0785986 3.85604e-22)
(-0.109543 -0.0626508 1.41767e-21)
(-0.00735752 -0.0840638 0)
(-0.0080402 -0.0946317 -2.74652e-21)
(-0.137232 -0.00455712 -2.16302e-21)
(-0.157929 0.00806311 1.53808e-21)
(-0.0879727 0.0166559 1.42687e-21)
(-0.0065933 -0.028481 0)
(-0.0340229 -0.0215916 3.56598e-21)
(-0.102364 0.0107705 1.60375e-22)
(-0.0931938 -0.00934016 0)
(0.00015431 -0.00962125 0)
(-0.00109838 -0.0231138 0)
(-0.0612121 0.00665433 -3.7476e-21)
(-0.022578 0.001119 2.9495e-21)
)
;

boundaryField
{
    movingWall
    {
        type            fixedValue;
        value           uniform (1 0 0);
    }
    fixedWalls
    {
        type            noSlip;
    }
    frontAndBack
    {
        type            empty;
    }
    defaultFaces
    {
        type            empty;
    }
}


// ************************************************************************* //
