/*--------------------------------*- C++ -*----------------------------------*\
  =========                 |
  \\      /  F ield         | OpenFOAM: The Open Source CFD Toolbox
   \\    /   O peration     | Website:  https://openfoam.org
    \\  /    A nd           | Version:  8
     \\/     M anipulation  |
\*---------------------------------------------------------------------------*/
FoamFile
{
    version     2.0;
    format      ascii;
    class       surfaceScalarField;
    location    "0.074";
    object      phi;
}
// * * * * * * * * * * * * * * * * * * * * * * * * * * * * * * * * * * * * * //

dimensions      [0 3 -1 0 0 0 0];

internalField   nonuniform List<scalar> 
662
(
-2.03102e-05
1.61456e-05
4.16509e-06
2.07813e-05
-4.10916e-05
-8.80975e-05
3.59282e-05
6.83149e-05
-1.73852e-05
2.15503e-05
-0.000152201
8.4885e-05
1.04193e-05
-5.15109e-05
9.37766e-05
-7.52336e-05
-2.26135e-05
4.41638e-05
-0.000181049
3.92672e-05
1.72378e-06
-5.32346e-05
2.20355e-06
-0.000121868
-4.69573e-06
0.00012436
-3.42408e-05
3.64443e-05
0.000164466
-9.33025e-05
5.59861e-05
-1.18223e-05
-0.000184024
4.69836e-06
-7.66994e-07
-5.24676e-05
1.15417e-06
-0.000117012
-6.01069e-06
-3.30866e-05
5.77064e-05
-1.72035e-06
0.000196191
-4.35472e-05
-0.000182034
-2.75669e-06
-2.22607e-06
-5.02416e-05
3.65885e-06
-0.000103376
-1.72945e-05
-2.94278e-05
5.74482e-05
2.58213e-07
0.000198882
-4.41208e-06
-1.52518e-06
0.000123342
-0.000123546
1.72962e-06
3.45896e-05
-3.61148e-05
-0.000177603
-6.65748e-06
-4.10772e-05
-9.16441e-06
-2.19088e-05
-1.91683e-05
-1.71665e-05
-4.7423e-06
4.83487e-06
-8.81445e-05
-2.00664e-05
-2.45929e-05
-0.000141479
-0.000756497
0.000897976
6.07197e-05
-3.27149e-06
8.98378e-05
-2.91181e-05
-5.16414e-05
0.000199597
-4.56738e-07
-4.22327e-07
0.000120573
3.19157e-06
3.41673e-05
-0.000153315
-3.3452e-05
-9.63133e-05
-7.617e-05
-4.39846e-05
-6.94953e-05
2.2155e-05
-2.68973e-05
3.45675e-06
-7.68237e-05
-1.47775e-05
-2.11361e-05
-0.000390675
0.000705378
-0.0010712
-0.000953909
0.00185189
0.000217051
-2.07252e-05
0.000293727
-0.000105795
-0.000148589
-3.59042e-06
0.000106938
1.72248e-05
3.05768e-05
-0.000116434
9.46048e-05
2.72883e-05
-5.41856e-05
-2.77599e-07
-3.90906e-07
-7.61552e-05
-2.14137e-05
0.00135493
-0.00160346
-0.000107484
0.00195937
-4.16526e-06
9.28737e-05
1.82299e-05
2.64116e-05
-0.000198012
0.000108866
-6.59408e-05
1.17552e-05
0.00161603
-0.000368587
0.00199296
-3.35887e-05
-2.85569e-06
8.01316e-05
1.55978e-05
2.35559e-05
-6.82632e-05
2.32243e-06
-0.00022884
4.25835e-05
0.00199105
1.90962e-06
0.00171142
-0.000128976
-5.42447e-06
2.96378e-05
5.59183e-05
1.81314e-05
-6.76896e-05
-5.7389e-07
-0.00023301
6.4922e-06
-1.6439e-08
-0.000112381
0.000108944
3.45361e-06
-3.1566e-05
3.15496e-05
0.00196113
2.99164e-05
0.00173162
-1.82941e-05
-0.00180573
0.00095013
0.000855597
-6.82501e-05
5.60459e-07
0.00191699
4.41436e-05
0.00187819
3.88001e-05
7.24619e-05
0.000156766
0.000793364
9.93925e-05
5.73733e-05
3.11424e-05
-0.000233732
1.47989e-07
-4.12223e-07
-0.000113123
1.15439e-06
-3.19783e-05
0.00171203
4.9503e-05
-0.000171979
-7.87473e-06
4.15472e-05
0.000138307
-0.00136395
0.000783639
0.00143591
-0.000244774
1.16025e-05
0.00167151
8.4665e-05
0.00158412
0.000126194
0.000292631
0.000416296
0.00116071
0.00032194
0.00015173
0.000108308
-8.55314e-08
-0.000112026
-1.01175e-06
-3.2064e-05
-0.000179481
-1.51402e-06
9.01544e-06
-5.32873e-05
4.54125e-05
4.78075e-07
-0.000109919
-2.58509e-06
-3.15859e-05
-0.000164354
4.63715e-06
-1.97634e-05
-5.48013e-05
1.66131e-06
-9.97362e-05
-1.18438e-05
-2.99247e-05
-0.000142512
7.1929e-06
-2.90356e-05
-5.01642e-05
7.86476e-06
-4.25099e-05
-6.50911e-05
-2.20599e-05
-0.000127554
4.22668e-06
-1.91845e-05
-4.29713e-05
3.91995e-06
-2.01397e-05
-0.000111334
-3.87446e-05
-3.48246e-05
0.000501751
-0.000416866
-0.000139729
0.000208044
0.000362023
0.00013281
-0.000957351
0.000520322
0.000437028
-0.000538501
-0.000418849
-0.000667556
0.000371596
0.000295959
-0.000147234
-0.000749996
0.000211495
-0.000121659
-0.000628337
-0.000367757
0.000246098
0.000210719
-0.000627586
-0.000643898
0.000854617
-0.00106275
4.1602e-05
-0.00066994
-0.00102115
-0.000588318
-0.000100976
-0.000568964
-0.000372453
-0.000473428
-0.000415848
0.000548658
-0.000800792
0.00123782
-5.38256e-05
0.000115795
0.00112202
0.000487392
0.000455356
9.92363e-05
0.000388156
0.000423088
-0.000127129
0.000522324
-0.000471164
0.000344035
-0.000618398
-0.000406903
-0.000160805
3.64443e-05
0.000213597
-0.000801915
-0.000807548
-0.00137651
-0.000797217
-5.82061e-05
-0.00131831
-0.000479439
-0.000537645
-0.000241632
0.000696987
0.000880393
0.00126855
0.00065344
0.000241832
0.00102672
0.000404935
0.000117389
0.000646767
0.000184374
0.000159661
0.000301763
3.61148e-05
0.000121067
-0.000918284
-0.00119724
-0.00092104
2.97317e-05
-0.00122697
-0.00055494
-0.000525208
-0.000169703
0.000823143
0.000857014
0.000818731
0.00044208
0.000204687
0.00129909
0.000303493
0.00050818
1.38842e-05
-0.000934925
-0.00121309
-0.000941582
-0.00127474
6.16565e-05
-0.00083228
-0.000442463
-0.000545274
-0.000483618
0.000781804
3.69268e-05
0.000781348
0.00131181
-1.27212e-05
0.00134874
0.000511372
0.00049865
-0.000330183
-0.000611399
-0.00116246
-0.00094782
-0.000214644
-0.000644851
-0.000391712
-0.000556108
0.000397362
-0.000612005
-0.000700106
0.000257643
-0.000302744
-0.000498395
-0.000240752
0.000919931
-0.000138583
0.000899205
0.00142439
-7.56502e-05
0.00128581
0.000515875
0.000440225
0.000308824
-0.000460168
0.000151344
-0.000303182
-0.000694894
-0.000135473
-0.000324695
0.000352813
-0.000428983
-0.000292038
-0.000848145
6.11295e-05
-0.000909275
-0.000633765
-0.000127666
-0.000301317
-0.000197162
-0.000102557
-0.000392908
9.01634e-05
-0.000241563
-0.000241143
-0.00015098
-0.000160709
-8.08537e-05
-0.000296182
-0.000134316
-0.000161866
0.00144145
-0.00159004
0.0020058
-0.000564344
0.000934596
-0.000668863
0.000856593
4.2612e-05
0.000750799
-0.000839243
-0.00083278
0.000875392
0.00135277
-6.69658e-05
0.000519995
0.000458455
0.000391489
0.000559177
-0.00139842
0.00139332
-0.000834144
0.000495424
-0.00062974
-0.000170729
-0.000463036
0.000100479
-0.000401795
0.000808796
-0.00127183
-0.000504352
-0.000438598
-0.000191142
-0.000395486
-0.000532076
9.34787e-05
2.39088e-05
-0.000555985
-0.000248549
9.75689e-05
-0.000329402
0.000491269
-0.00039779
-2.14137e-05
-0.00224377
0.00167943
-0.00085045
0.00101056
-0.000739919
-0.000110531
0.000641978
0.00124744
-0.000372053
-0.000150976
0.000656834
-0.000136839
0.000284781
0.000407087
0.000270248
0.000516505
-1.82089e-05
-0.000498296
-8.49352e-05
-0.000749209
-0.000824854
-0.000308349
0.000306918
-0.000457894
-0.000442291
-0.000866938
-0.000404895
-0.00105808
-0.00103417
-0.000800381
-0.000757797
-8.54207e-05
-0.000948751
-0.000499506
-5.64792e-05
-0.000584927
-0.000257297
-0.000140493
-0.000313776
-3.15496e-05
-0.000728324
0.000617793
-0.000746533
0.00125977
0.00113079
-0.000290285
-0.000456248
0.000485438
-0.000775723
0.000492328
-0.000207547
3.44345e-05
0.000730304
-0.000244866
0.000232008
0.000299886
9.23391e-05
0.000339926
-0.000107918
3.15769e-05
0.000227253
-0.000192819
-0.000215038
-0.000183461
-0.000378955
0.00013409
-0.000122318
-0.000826433
-0.000880115
-0.000873623
-0.00044362
-0.000141307
-0.00127005
-0.000310322
-0.000451629
0.00018467
-0.000640919
0.00131547
0.00129717
-0.000438753
-0.000336969
-0.00107967
-0.000337408
-0.000674378
0.000166389
-7.40497e-05
-2.64301e-05
-0.000209891
0.000317809
-0.000183719
1.81314e-05
-4.54125e-05
-0.000929208
5.55847e-05
-0.00092906
-0.00123067
-3.93795e-05
-0.00117509
-0.000450474
-0.000489854
0.00128171
1.54616e-05
0.00133121
-0.0010169
-6.27757e-05
-0.00100143
-0.000665362
-0.000728138
0.00117282
0.000263092
0.00233352
-0.000915859
-1.32005e-05
-0.000904257
-0.00102783
-0.000147258
-0.00104103
-0.000490865
-0.000638123
0.00132588
5.32864e-06
0.00141055
-0.00113249
0.00013106
-0.00112717
-0.000747901
-0.000616841
0.0011391
-0.000846467
0.00140219
-0.000899251
-5.00586e-06
-0.000790942
0.00126338
0.000147165
0.00138958
0.000543111
-0.00181154
0.0010206
-0.000673708
0.0020759
-0.00165981
0.00110502
-8.44202e-05
0.000866484
-0.00087149
-0.00124806
0.000207026
-0.000381573
-0.000640708
-0.000433682
0.000630059
-0.000482894
-0.00120434
7.71719e-05
-0.000574279
-0.000645877
-0.000568705
-0.000299096
0.000842207
0.0017768
0.00116833
-6.33076e-05
0.000296839
-0.000838286
0.000355392
3.92039e-06
0.000783361
0.000993442
0.000698941
0.000444317
0.000254624
0.000381009
-0.000646975
0.000265402
-0.000350136
-0.000445526
-0.000180124
-0.000771395
0.000197116
-0.000416003
-0.00058789
-0.000390773
-0.000590253
0.000594174
0.000403189
-0.000491784
0.000141648
-0.000110774
-0.000633122
0.000217119
-3.89479e-05
-0.000311086
0.000200311
-5.64621e-05
0.000346727
-0.000222634
-8.09862e-05
-0.000410913
-0.000193794
-0.000339953
0.000146159
-0.000168137
8.7151e-05
3.21742e-05
-0.000378901
-2.20599e-05
3.48246e-05
)
;

boundaryField
{
    movingWall
    {
        type            calculated;
        value           uniform 0;
    }
    fixedWalls
    {
        type            calculated;
        value           uniform 0;
    }
    frontAndBack
    {
        type            empty;
        value           nonuniform List<scalar> 0();
    }
    defaultFaces
    {
        type            empty;
        value           nonuniform List<scalar> 0();
    }
}


// ************************************************************************* //
