/*--------------------------------*- C++ -*----------------------------------*\
  =========                 |
  \\      /  F ield         | OpenFOAM: The Open Source CFD Toolbox
   \\    /   O peration     | Website:  https://openfoam.org
    \\  /    A nd           | Version:  8
     \\/     M anipulation  |
\*---------------------------------------------------------------------------*/
FoamFile
{
    version     2.0;
    format      ascii;
    class       volVectorField;
    location    "0.074";
    object      U;
}
// * * * * * * * * * * * * * * * * * * * * * * * * * * * * * * * * * * * * * //

dimensions      [0 1 -1 0 0 0 0];

internalField   nonuniform List<vector> 
424
(
(-0.00293619 -0.000189982 6.80993e-26)
(-0.0146519 0.000961569 0)
(-0.0131022 0.00276779 2.04591e-23)
(0.000179594 0.00315104 -1.16706e-24)
(-0.0473544 0.00514738 -2.4765e-23)
(-0.0230453 0.000844533 -3.38783e-23)
(-0.00299439 0.0138301 3.23455e-24)
(-0.000995352 0.0155058 -7.93718e-25)
(-0.0687373 0.00259471 -3.61312e-23)
(-0.0257657 0.000296803 3.10978e-23)
(-0.0703249 0.00228284 9.63777e-23)
(-0.0240385 0.000465976 0)
(-0.00519769 0.0503249 1.16761e-24)
(-0.000963642 0.0244883 0)
(-0.0744415 0.000564814 3.30261e-23)
(-0.0255817 -4.07927e-05 1.7511e-23)
(-0.0590502 0.000689212 0)
(-0.0196485 7.81007e-05 0)
(-0.000341381 0.0271138 0)
(-0.00267691 0.0732638 -2.78437e-23)
(-0.0734039 4.81206e-05 3.49546e-23)
(-0.0258212 -0.000338612 -1.87546e-23)
(-0.057321 0.000236502 0)
(-0.0196378 5.60107e-05 0)
(1.31927e-05 0.026044 1.30696e-23)
(-0.00017261 0.0781342 2.51266e-23)
(-0.00233366 0.0684524 -3.74646e-23)
(-0.000418215 0.0233106 -3.89039e-23)
(-0.0750854 -0.00032719 5.88743e-23)
(-0.0232414 -0.000848003 0)
(-0.0150335 -0.00096941 -1.31698e-22)
(-0.00303882 0.000215705 0)
(-0.0530528 -1.9209e-05 -1.05689e-22)
(-0.0180554 3.82495e-05 9.88299e-23)
(-0.0222842 0.0479302 6.83822e-23)
(0.00023987 0.0268006 0)
(0.000145875 0.0295882 -2.27069e-22)
(0.00335076 0.0631453 2.33922e-22)
(8.24668e-05 0.074665 2.79496e-23)
(-0.000419354 0.0601151 3.92268e-24)
(-6.77644e-06 0.0199987 -3.85034e-24)
(-0.069996 -0.00256859 -1.05446e-22)
(-0.048992 -0.00549407 1.33518e-22)
(-0.0141028 -0.00310151 0)
(0.000224055 -0.00336416 -2.95519e-22)
(-0.0494746 -0.000265431 3.47e-22)
(-0.0162227 -3.37422e-05 0)
(-0.106049 0.152678 -1.89065e-22)
(0.809203 0.0278417 -5.01857e-23)
(-0.000696191 0.0781774 -1.62202e-23)
(-0.00573085 0.0866574 0)
(-0.00507359 0.166849 -3.61594e-24)
(-0.000244497 0.0579448 0)
(-4.43907e-05 0.019918 0)
(-0.00400045 -0.0151979 5.94384e-23)
(-0.00125642 -0.017069 2.58428e-22)
(-0.0531161 -0.000629304 0)
(-0.0174757 -0.000155195 0)
(0.405639 0.118729 1.41483e-22)
(0.861377 -0.0037885 -1.19167e-23)
(0.000144675 0.0544638 -9.27307e-23)
(-8.89674e-06 0.018723 8.78986e-23)
(-0.00671233 -0.0544268 0)
(-0.00104169 -0.0268096 0)
(0.551438 0.0129208 1.56435e-22)
(0.88273 -0.00213942 0)
(0.000408095 0.0516095 -7.97505e-23)
(9.87653e-05 0.0174752 7.33893e-23)
(-0.000335116 -0.0292965 6.02646e-23)
(-0.00298279 -0.0790287 -1.8595e-23)
(0.880718 -0.00128592 -1.38276e-23)
(0.626376 0.00206132 -1.15916e-22)
(-0.00228603 0.0558794 0)
(-0.000204678 0.020985 0)
(7.71688e-05 -0.0288867 4.72764e-23)
(-0.000366267 -0.0834862 1.91047e-23)
(-0.00189937 -0.0659009 -3.97209e-22)
(-0.000343529 -0.0224365 0)
(0.879096 -0.000317034 1.30632e-23)
(0.637004 -0.000768025 -4.91212e-23)
(0.826678 -0.0267488 0)
(0.000338164 -0.028825 -9.0996e-23)
(0.881773 0.0014074 0)
(0.886711 0.00204225 0)
(0.865839 0.00377292 0)
(-0.019522 -0.0491256 0)
(0.00355482 -0.068308 -4.80777e-22)
(0.000174788 -0.0308334 5.95671e-22)
(0.000290599 -0.082176 4.36575e-23)
(-0.000559843 -0.0577266 0)
(-3.6912e-05 -0.0192446 0)
(0.639155 -0.000725826 -2.08442e-23)
(-0.104737 0.00186896 -4.20517e-23)
(0.447584 -0.115196 9.64675e-22)
(-0.000518003 -0.0839578 -8.91268e-23)
(0.64164 0.00131801 -1.2372e-22)
(0.643164 -0.00139841 2.57371e-22)
(0.570045 -0.0108389 -1.24185e-21)
(-0.1084 -0.154019 -1.80905e-22)
(-0.00644846 -0.179397 7.0105e-22)
(-0.00653527 -0.0905117 -5.69201e-22)
(5.52873e-05 -0.0573287 -3.09733e-23)
(3.51868e-05 -0.0196928 3.00378e-23)
(-0.093206 5.7959e-05 0)
(-0.0405077 -4.34239e-05 -4.09738e-23)
(0.00038757 -0.0594259 -1.38401e-22)
(6.08831e-05 -0.0204907 -1.31588e-22)
(-0.0956115 -0.00031815 2.40233e-23)
(-0.0338641 6.27765e-06 0)
(-6.40094e-05 -0.0579798 9.9537e-23)
(8.55278e-05 -0.0199459 -9.489e-23)
(-0.0893461 -0.000141652 -2.48828e-22)
(-0.0351834 -0.000111242 -2.27468e-23)
(-0.00299846 -0.060583 0)
(-0.000220439 -0.0234978 0)
(-0.0824078 0.000297722 1.35986e-22)
(-0.0326825 -6.7175e-05 0)
(-0.0935481 -0.00161888 0)
(-0.0294518 -9.46519e-06 1.2164e-22)
(-0.0350902 -0.000114698 0)
(-0.0797309 0.0171037 2.51292e-24)
(-0.0236558 0.0118479 0)
(-0.0636798 0.0352361 0)
(-0.0121546 0.0248782 -1.84926e-24)
(-0.129974 0.10708 2.70475e-23)
(-0.157664 0.0741215 4.77131e-22)
(-0.0864177 0.136104 3.60171e-23)
(-0.107476 0.116588 -1.33053e-23)
(-0.154486 0.0625096 -8.02898e-22)
(-0.159258 0.0373126 -2.63918e-23)
(-0.136498 0.0285384 -7.20597e-22)
(-0.122899 0.0288305 -1.92552e-22)
(-0.146444 0.0477388 -6.42757e-22)
(-0.16619 0.051177 8.39099e-22)
(-0.173061 0.0243198 -6.00136e-22)
(-0.180487 0.0268216 1.08107e-22)
(-0.112012 0.00669855 1.81302e-22)
(-0.165208 0.00739666 1.24484e-21)
(-0.10943 0.00549304 2.62643e-22)
(-0.136144 0.00295635 3.40125e-22)
(-0.0367945 0.0645058 2.98991e-23)
(-0.103695 0.113234 0)
(-0.0718231 0.068086 -2.47496e-23)
(-0.101901 0.091593 0)
(-0.073568 0.138993 5.30009e-23)
(-0.0750847 0.148145 -1.36488e-22)
(-0.0193362 0.0863853 -2.96857e-25)
(-0.0501179 0.165078 2.19496e-22)
(-0.0697581 0.133917 -4.78441e-23)
(-0.0472389 0.157526 2.86959e-22)
(-0.0615898 0.103859 -5.76552e-23)
(-0.0975227 0.0922572 -2.77363e-23)
(-0.108763 0.0662121 0)
(-0.0950882 0.0359802 1.22422e-22)
(-0.0232885 0.00244742 -2.99279e-22)
(-0.065452 0.014152 3.4528e-22)
(-0.160687 0.00870832 0)
(-0.179705 0.00904296 0)
(-0.188159 0.00221191 -8.63631e-22)
(-0.124781 0.000722842 -1.54643e-21)
(-0.181812 0.00212985 2.80047e-21)
(-0.102247 0.001538 7.08784e-22)
(-0.144516 -0.000259789 7.396e-22)
(-0.0349218 0.131603 -2.11279e-23)
(-0.0443202 0.15355 2.05804e-23)
(-0.0339298 0.178056 -2.34687e-22)
(-0.00640139 0.118413 7.7466e-22)
(-0.0204741 0.182826 1.15941e-22)
(-0.0260381 0.150757 4.82126e-23)
(-0.0147847 0.168126 -3.00197e-22)
(-0.0335771 0.0890467 1.67351e-22)
(-0.020628 0.131575 -1.1726e-21)
(-0.0144272 0.0642283 0)
(-0.00246981 0.0228899 0)
(-0.170575 -0.000968522 8.75416e-22)
(-0.187704 -0.000297703 -2.6118e-21)
(-0.1275 0.000711329 -9.19979e-22)
(-0.178979 0.000117984 2.91444e-21)
(-0.100095 -4.6238e-05 -1.15726e-21)
(-0.145374 -0.000447478 1.43859e-21)
(-0.00533168 0.164865 -6.92787e-22)
(-0.00649974 0.183316 5.23059e-22)
(0.0012143 0.12862 0)
(-0.00490269 0.160075 0)
(-0.00167916 0.18776 -1.05471e-21)
(-0.0039685 0.103316 8.01921e-22)
(-0.00037595 0.133325 0)
(-0.170377 0.00217814 8.74406e-22)
(-0.185665 0.00138094 1.97118e-22)
(-0.13155 0.000716759 1.261e-21)
(-0.178103 -0.00155614 -1.91413e-21)
(-0.183749 -0.00332108 -2.01379e-21)
(-0.0963164 -0.000686806 -2.2691e-21)
(-0.136438 -0.000602638 9.84812e-22)
(0.00381294 0.168853 7.66841e-22)
(0.000864424 0.122816 -8.12005e-22)
(-0.000312792 0.181905 2.55929e-21)
(0.00248008 0.187939 -1.97769e-21)
(-0.000652053 0.10507 0)
(0.000628253 0.145953 0)
(-0.16226 -0.00625043 -1.45071e-21)
(-0.181823 -0.00877903 0)
(-0.180356 -0.0274049 1.76531e-21)
(-0.114263 -0.00652872 1.05928e-21)
(-0.170277 -0.0355165 -1.96641e-21)
(-0.171152 -0.0328454 -3.24545e-21)
(-0.154729 -0.00740723 1.9586e-21)
(-0.161119 -0.024194 1.79043e-21)
(-0.0954469 -0.000730659 -2.94384e-22)
(-0.122673 0.000427543 0)
(-0.000571248 0.168871 -4.27419e-22)
(-0.00393656 0.132693 0)
(0.00113356 0.180571 0)
(-0.000381208 0.186294 3.26983e-22)
(-6.54082e-05 0.0991017 0)
(0.00167035 0.144385 0)
(-0.148561 -0.0653396 0)
(-0.16166 -0.0580378 -2.1617e-21)
(-0.162011 -0.0621505 2.91989e-21)
(-0.134405 -0.0871551 0)
(-0.0786434 -0.0163423 0)
(-0.127566 -0.027747 -1.22211e-21)
(-0.146686 -0.0352263 -2.28637e-21)
(-0.134199 -0.0691462 2.80831e-21)
(-0.146143 -0.08203 -1.4793e-22)
(-0.064744 -0.033941 -7.0344e-22)
(-0.024871 -0.0119633 0)
(-0.013794 -0.0257314 2.1484e-21)
(-0.136468 -0.0334224 7.37918e-22)
(-0.140753 -0.056662 -1.83379e-21)
(-0.086807 -0.00147801 -1.29961e-21)
(-0.118178 -0.0266905 1.85713e-21)
(-0.117377 -0.0719267 8.61229e-22)
(-0.12101 -0.088265 0)
(-0.10434 -0.102067 1.57276e-21)
(-0.0302056 0.23487 3.19097e-24)
(-0.128204 0.299477 -2.98934e-21)
(-0.141198 0.2238 3.13432e-21)
(0.118559 0.18675 -2.51993e-21)
(-0.0154481 0.171946 1.44027e-21)
(-0.0177909 0.139173 -1.74392e-21)
(-0.0481464 0.207907 -8.93422e-22)
(-0.0168485 0.183936 -3.07493e-21)
(0.000772248 0.176798 -7.87753e-22)
(-0.00789494 0.181162 3.18217e-21)
(0.00109408 0.0941234 0)
(0.00223926 0.134326 2.89812e-22)
(-0.0626416 0.199768 4.23153e-21)
(-0.0997093 0.192642 -1.31935e-21)
(-0.107518 -0.119147 4.15216e-21)
(-0.128711 -0.104841 2.47839e-21)
(-0.125951 -0.106706 -3.33255e-21)
(-0.0773405 -0.0621154 5.33919e-22)
(-0.0964953 -0.120791 0)
(-0.10226 -0.086677 2.48066e-22)
(-0.0382322 -0.0629162 -3.0029e-21)
(-0.0847177 -0.141331 -5.8435e-21)
(-0.0226881 -0.0888578 0)
(-0.0698206 -0.142167 2.05127e-21)
(-0.0496994 -0.159882 0)
(-0.0788907 -0.0274555 3.18105e-21)
(-0.0957395 -0.0620446 0)
(-0.0602285 -0.106028 -4.67064e-21)
(-0.0861534 -0.0946127 1.13909e-21)
(-0.0172817 -0.00145212 1.35887e-21)
(-0.0507191 -0.00948887 -5.47204e-21)
(-0.10547 0.23843 -5.3455e-22)
(-0.127767 0.202609 0)
(0.00997051 0.194911 1.96852e-21)
(-0.135428 0.109099 -1.29744e-21)
(0.264746 0.057369 9.57979e-22)
(-0.0273374 0.180241 2.01689e-21)
(-0.048578 0.178459 -2.2714e-21)
(-0.00850189 0.150349 -1.66483e-21)
(-0.018702 0.153297 2.87486e-21)
(0.000855236 0.0913682 1.34303e-21)
(-0.00632758 0.118253 -8.88799e-22)
(-0.155132 0.018939 0)
(-0.108123 0.12607 -1.91578e-21)
(-0.139492 0.088426 1.08995e-22)
(-0.14637 0.0485665 3.14564e-21)
(-0.0530438 0.137958 -1.22836e-21)
(-0.0850117 0.113887 1.19671e-21)
(-0.0634092 -0.147591 2.24966e-22)
(-0.0629145 -0.162588 5.05551e-22)
(-0.0471748 -0.172969 0)
(-0.0377279 -0.127871 -2.84041e-22)
(-0.00865072 -0.129642 1.90402e-23)
(-0.0279931 -0.17866 -3.58784e-21)
(-0.0307184 -0.154785 1.83877e-21)
(-0.0212037 -0.167537 -2.03165e-21)
(-0.0332072 -0.0926033 3.19133e-21)
(-0.0244243 -0.132067 -2.661e-21)
(-0.0126079 -0.0609823 0)
(-0.00220219 -0.0213961 0)
(-0.0530317 0.0573306 -4.54546e-22)
(-0.113842 0.0269362 1.63241e-21)
(0.105244 0.0607371 -6.68003e-22)
(0.375438 0.0176542 1.67354e-21)
(-0.123021 0.0162643 0)
(-0.172585 0.0106474 0)
(-0.0163139 0.119148 -2.08482e-21)
(-0.033133 0.114458 0)
(-0.1636 -0.00422738 0)
(-0.160855 0.00215855 0)
(-0.00694391 0.0859432 0)
(-0.00615621 0.0972064 -9.49257e-22)
(-0.123093 0.00539013 0)
(-0.121484 0.033819 -3.18304e-21)
(-0.0434864 0.0642311 0)
(-0.0821235 0.0683786 0)
(-0.0965817 0.0406583 2.69348e-21)
(-0.150182 -0.0106025 5.67792e-22)
(-0.0119627 -0.182391 2.51299e-21)
(-0.0113696 -0.167616 0)
(0.000252546 -0.135174 -4.01938e-23)
(-0.00728734 -0.15929 0)
(-0.00351154 -0.186134 0)
(-0.00453409 -0.102099 -3.52123e-21)
(-0.00281877 -0.132141 3.21294e-21)
(-0.0441284 0.0167195 0)
(0.124826 0.0123441 -1.38808e-21)
(0.375686 0.0025508 0)
(-0.182734 0.00432341 -4.68447e-22)
(-0.153122 0.00878666 1.18171e-23)
(-0.14265 0.00537145 -2.50514e-22)
(-0.172594 0.0059982 1.30656e-22)
(-0.00425811 0.0314632 5.48589e-21)
(-0.0320767 0.0259302 -1.03255e-21)
(-0.0693675 0.0123279 -2.11791e-21)
(-0.0823762 -0.0142286 0)
(-0.0825954 -0.00359524 0)
(0.000298156 0.00911748 1.72036e-21)
(-2.30392e-05 0.0229901 -6.50311e-21)
(-0.0634989 -0.00552315 0)
(0.00202324 -0.17505 -5.44289e-22)
(0.000380848 -0.134964 3.98484e-23)
(-0.00164377 -0.17963 -4.63203e-21)
(0.00125192 -0.187521 4.30827e-21)
(-0.00146793 -0.0997885 0)
(0.000229447 -0.143152 -5.35959e-22)
(0.0990901 -0.00268342 0)
(0.363311 -0.00154232 0)
(-0.166801 -0.00193052 4.27489e-22)
(-0.0927973 -0.00224099 -3.649e-22)
(-0.148396 0.000225628 3.31491e-22)
(-0.182009 0.00674319 -5.5659e-22)
(-0.0244861 -0.00084905 0)
(0.131224 -0.186401 -5.76534e-21)
(-0.150136 -0.226962 9.8275e-21)
(-0.000619244 -0.173002 1.67242e-22)
(-0.00342858 -0.137472 0)
(0.000954996 -0.179217 3.94843e-21)
(-0.000664148 -0.186341 -2.87809e-21)
(0.00062534 -0.0970338 0)
(0.00241492 -0.148321 -1.02843e-21)
(0.0909792 -0.000121659 -3.84592e-23)
(0.357839 -0.00326454 -2.0955e-21)
(-0.189024 -0.00314945 -2.14092e-21)
(-0.101897 -0.000177966 -6.25798e-22)
(-0.151642 0.00168137 5.32871e-22)
(-0.189761 -0.00175636 0)
(0.26764 -0.0533253 -6.96174e-21)
(0.026377 -0.166609 -6.40574e-21)
(-0.0150106 -0.173315 0)
(-0.0192394 -0.143804 0)
(0.131365 -0.00836375 -3.06327e-21)
(0.383163 -0.0157357 2.61087e-21)
(0.128936 -0.0594233 1.15832e-20)
(-0.054054 -0.212808 0)
(-0.112196 -0.21981 9.1946e-21)
(-0.0350487 -0.250748 1.60225e-21)
(-0.147576 -0.306096 -2.59642e-21)
(-0.0665406 -0.195534 -1.80316e-23)
(-0.0153806 -0.183522 -3.8379e-21)
(0.000210822 -0.178014 1.65009e-21)
(-0.00636361 -0.180814 6.07317e-21)
(0.00117436 -0.106712 -3.64512e-21)
(0.000157366 -0.145251 2.36684e-21)
(-0.0479179 -0.013828 2.45577e-21)
(-0.169381 0.00266199 3.73795e-21)
(-0.164811 -0.0056577 -3.37346e-21)
(-0.143885 7.09732e-05 2.4879e-22)
(-0.174277 -0.000250858 0)
(-0.0616534 -0.0658546 -3.84541e-21)
(-0.147684 -0.173656 -2.63116e-21)
(-0.0446733 -0.175862 -6.38867e-21)
(-0.0270794 -0.177152 7.55009e-22)
(-0.126361 -0.0150687 0)
(-0.114877 -0.0286251 -9.97055e-22)
(-0.130299 -0.173509 -6.74511e-21)
(-0.0889195 -0.178284 8.70803e-21)
(-0.0734749 -0.131087 6.39505e-21)
(-0.0510671 -0.140299 0)
(-0.00744734 -0.143664 0)
(-0.0175686 -0.147976 -2.51028e-21)
(-0.00140214 -0.0992753 0)
(-0.00755865 -0.121875 0)
(-0.186495 0.000122304 2.82187e-21)
(-0.17704 -0.00531121 -5.44353e-21)
(-0.136608 0.00214879 -2.61903e-22)
(-0.168412 -0.00295499 -1.59655e-21)
(-0.155215 -0.0198198 5.1663e-21)
(-0.14763 -0.0742893 -4.46188e-21)
(-0.0183613 -0.11765 1.505e-21)
(-0.0341594 -0.116473 3.62302e-21)
(-0.173421 0.0044222 4.46161e-21)
(-0.155497 0.00194246 -1.78856e-22)
(-0.0429286 -0.0654235 -8.00969e-21)
(-0.0769089 -0.0786334 3.85607e-22)
(-0.109517 -0.0626807 1.41767e-21)
(-0.00735671 -0.0840868 0)
(-0.00803389 -0.0946639 -2.74651e-21)
(-0.137209 -0.00455775 -2.16307e-21)
(-0.157897 0.00805696 1.53813e-21)
(-0.0879527 0.016649 1.42689e-21)
(-0.00658588 -0.0285017 0)
(-0.0340089 -0.0216159 3.56602e-21)
(-0.102338 0.0107557 1.60376e-22)
(-0.0931705 -0.00936078 0)
(0.000154862 -0.00962598 0)
(-0.0010953 -0.0231277 0)
(-0.0611995 0.0066517 -3.74766e-21)
(-0.0225738 0.00111855 2.94955e-21)
)
;

boundaryField
{
    movingWall
    {
        type            fixedValue;
        value           uniform (1 0 0);
    }
    fixedWalls
    {
        type            noSlip;
    }
    frontAndBack
    {
        type            empty;
    }
    defaultFaces
    {
        type            empty;
    }
}


// ************************************************************************* //
