/*--------------------------------*- C++ -*----------------------------------*\
  =========                 |
  \\      /  F ield         | OpenFOAM: The Open Source CFD Toolbox
   \\    /   O peration     | Website:  https://openfoam.org
    \\  /    A nd           | Version:  8
     \\/     M anipulation  |
\*---------------------------------------------------------------------------*/
FoamFile
{
    version     2.0;
    format      ascii;
    class       surfaceScalarField;
    location    "0.083";
    object      phi;
}
// * * * * * * * * * * * * * * * * * * * * * * * * * * * * * * * * * * * * * //

dimensions      [0 3 -1 0 0 0 0];

internalField   nonuniform List<scalar> 
662
(
-2.03104e-05
1.61456e-05
4.1651e-06
2.07816e-05
-4.10921e-05
-8.80987e-05
3.59286e-05
6.83157e-05
-1.73854e-05
2.15505e-05
-0.000152203
8.48862e-05
1.04194e-05
-5.15115e-05
9.37778e-05
-7.52347e-05
-2.26138e-05
4.41644e-05
-0.000181052
3.92677e-05
1.72379e-06
-5.32353e-05
2.2036e-06
-0.00012187
-4.69582e-06
0.000124362
-3.42412e-05
3.64448e-05
0.000164468
-9.33039e-05
5.59868e-05
-1.18224e-05
-0.000184026
4.69837e-06
-7.66993e-07
-5.24683e-05
1.15418e-06
-0.000117013
-6.01075e-06
-3.3087e-05
5.77071e-05
-1.72034e-06
0.000196193
-4.35478e-05
-0.000182036
-2.75669e-06
-2.22608e-06
-5.02422e-05
3.65889e-06
-0.000103377
-1.72947e-05
-2.94281e-05
5.74489e-05
2.58204e-07
0.000198885
-4.41201e-06
-1.52521e-06
0.000123343
-0.000123548
1.72967e-06
3.459e-05
-3.61152e-05
-0.000177605
-6.65747e-06
-4.10777e-05
-9.16453e-06
-2.19091e-05
-1.91686e-05
-1.71668e-05
-4.74231e-06
4.83493e-06
-8.81455e-05
-2.00666e-05
-2.45932e-05
-0.000141479
-0.000756497
0.000897976
6.07204e-05
-3.27149e-06
8.98384e-05
-2.9118e-05
-5.16411e-05
0.0001996
-4.56779e-07
-4.2232e-07
0.000120574
3.19156e-06
3.41676e-05
-0.000153317
-3.34525e-05
-9.63146e-05
-7.61712e-05
-4.3985e-05
-6.94963e-05
2.21553e-05
-2.68976e-05
3.4568e-06
-7.68246e-05
-1.47778e-05
-2.11364e-05
-0.000390676
0.000705378
-0.0010712
-0.000953909
0.00185189
0.000217054
-2.07253e-05
0.00029373
-0.000105794
-0.000148588
-3.59047e-06
0.00010694
1.7225e-05
3.05772e-05
-0.000116436
9.46061e-05
2.72887e-05
-5.41863e-05
-2.77609e-07
-3.90907e-07
-7.61561e-05
-2.1414e-05
0.00135493
-0.00160346
-0.000107485
0.00195937
-4.16532e-06
9.28748e-05
1.82301e-05
2.64118e-05
-0.000198015
0.000108868
-6.59416e-05
1.17553e-05
0.00161603
-0.000368589
0.00199296
-3.35889e-05
-2.85572e-06
8.01325e-05
1.55979e-05
2.35561e-05
-6.8264e-05
2.32246e-06
-0.000228844
4.2584e-05
0.00199105
1.90964e-06
0.00171142
-0.000128976
-5.42445e-06
2.96377e-05
5.59193e-05
1.81317e-05
-6.76904e-05
-5.73824e-07
-0.000233013
6.49222e-06
-1.64364e-08
-0.000112382
0.000108945
3.45364e-06
-3.15664e-05
3.155e-05
0.00196113
2.99164e-05
0.00173162
-1.8294e-05
-0.00180573
0.00095013
0.000855597
-6.82509e-05
5.60472e-07
0.00191699
4.41436e-05
0.00187819
3.88003e-05
7.24622e-05
0.000156766
0.000793364
9.93931e-05
5.7373e-05
3.11422e-05
-0.000233735
1.48082e-07
-4.12295e-07
-0.000113124
1.15448e-06
-3.19786e-05
0.00171204
4.9503e-05
-0.000171978
-7.87473e-06
4.15471e-05
0.000138306
-0.00136395
0.000783639
0.00143591
-0.000244777
1.16025e-05
0.00167152
8.46651e-05
0.00158412
0.000126195
0.000292633
0.000416298
0.00116071
0.000321942
0.000151728
0.000108307
-8.5796e-08
-0.000112027
-1.01172e-06
-3.20643e-05
-0.000179479
-1.51402e-06
9.01545e-06
-5.32869e-05
4.54122e-05
4.77965e-07
-0.00010992
-2.58504e-06
-3.15863e-05
-0.000164353
4.63711e-06
-1.97632e-05
-5.4801e-05
1.66129e-06
-9.97374e-05
-1.18439e-05
-2.9925e-05
-0.000142511
7.19285e-06
-2.90353e-05
-5.01638e-05
7.86472e-06
-4.25098e-05
-6.50923e-05
-2.20603e-05
-0.000127553
4.22666e-06
-1.91844e-05
-4.2971e-05
3.91997e-06
-2.01398e-05
-0.000111333
-3.87443e-05
-3.48244e-05
0.000501759
-0.000416873
-0.000139731
0.000208046
0.000362028
0.000132812
-0.000957365
0.00052033
0.000437035
-0.00053851
-0.000418855
-0.000667566
0.000371602
0.000295964
-0.000147236
-0.000750007
0.000211497
-0.00012166
-0.000628347
-0.000367762
0.000246102
0.000210723
-0.000627595
-0.000643909
0.000854631
-0.00106276
4.16029e-05
-0.00066995
-0.00102116
-0.000588327
-0.000100977
-0.000568973
-0.000372458
-0.000473435
-0.000415855
0.000548666
-0.000800805
0.00123784
-5.38266e-05
0.000115797
0.00112204
0.000487399
0.000455363
9.92378e-05
0.000388161
0.000423094
-0.00012713
0.000522332
-0.00047117
0.000344039
-0.000618406
-0.000406908
-0.000160807
3.64448e-05
0.0002136
-0.000801927
-0.000807561
-0.00137653
-0.000797229
-5.8207e-05
-0.00131833
-0.000479446
-0.000537653
-0.000241635
0.000696998
0.000880407
0.00126857
0.00065345
0.000241836
0.00102673
0.000404941
0.000117391
0.000646776
0.000184376
0.000159663
0.000301767
3.61152e-05
0.000121069
-0.000918297
-0.00119726
-0.000921054
2.97322e-05
-0.00122699
-0.000554947
-0.000525215
-0.000169705
0.000823156
0.000857028
0.000818744
0.000442086
0.00020469
0.00129911
0.000303497
0.000508187
1.38847e-05
-0.000934939
-0.00121311
-0.000941596
-0.00127476
6.16575e-05
-0.000832294
-0.00044247
-0.000545282
-0.000483624
0.000781816
3.69277e-05
0.000781359
0.00131184
-1.27213e-05
0.00134876
0.000511379
0.000498657
-0.000330188
-0.000611408
-0.00116248
-0.000947835
-0.000214647
-0.000644861
-0.000391718
-0.000556117
0.000397368
-0.000612015
-0.000700116
0.000257647
-0.000302748
-0.000498402
-0.000240755
0.000919944
-0.000138585
0.000899219
0.00142441
-7.56514e-05
0.00128583
0.000515882
0.000440231
0.000308828
-0.000460175
0.000151346
-0.000303186
-0.000694905
-0.000135475
-0.0003247
0.000352818
-0.00042899
-0.000292042
-0.000848159
6.11305e-05
-0.000909289
-0.000633774
-0.000127668
-0.000301322
-0.000197164
-0.000102558
-0.000392913
9.01645e-05
-0.000241566
-0.000241146
-0.000150982
-0.000160712
-8.08548e-05
-0.000296186
-0.000134318
-0.000161868
0.00144146
-0.00159005
0.0020058
-0.000564337
0.000934599
-0.000668862
0.000856603
4.26164e-05
0.000750809
-0.00083924
-0.000832792
0.000875408
0.0013528
-6.69668e-05
0.000520004
0.000458461
0.000391494
0.000559193
-0.00139843
0.00139333
-0.00083414
0.000495431
-0.000629749
-0.000170731
-0.000463043
0.00010048
-0.000401802
0.000808809
-0.00127185
-0.00050436
-0.000438604
-0.000191145
-0.000395492
-0.000532084
9.348e-05
2.39093e-05
-0.000555993
-0.000248552
9.757e-05
-0.000329407
0.000491275
-0.000397795
-2.1414e-05
-0.00224377
0.00167943
-0.000850436
0.00101057
-0.000739922
-0.000110515
0.000641983
0.00124746
-0.000372055
-0.00015097
0.000656843
-0.00013684
0.000284788
0.000407092
0.000270253
0.000516494
-1.82027e-05
-0.000498292
-8.49236e-05
-0.000749217
-0.000824846
-0.000308351
0.000306927
-0.000457897
-0.00044229
-0.000866951
-0.000404901
-0.0010581
-0.00103419
-0.000800393
-0.000757809
-8.54221e-05
-0.000948765
-0.000499513
-5.648e-05
-0.000584935
-0.0002573
-0.000140495
-0.00031378
-3.155e-05
-0.000728312
0.000617797
-0.000746514
0.00125978
0.0011308
-0.000290282
-0.000456232
0.00048543
-0.000775712
0.000492337
-0.000207548
3.44398e-05
0.000730294
-0.000244864
0.000232003
0.00029989
9.23419e-05
0.000339922
-0.000107919
3.15706e-05
0.000227258
-0.000192819
-0.000215031
-0.000183461
-0.000378952
0.000134088
-0.000122319
-0.000826446
-0.000880128
-0.000873636
-0.000443627
-0.000141309
-0.00127007
-0.000310326
-0.000451635
0.000184673
-0.000640905
0.00131548
0.00129718
-0.000438746
-0.000336966
-0.00107965
-0.000337405
-0.000674371
0.000166393
-7.4051e-05
-2.64257e-05
-0.000209886
0.000317805
-0.000183718
1.81317e-05
-4.54122e-05
-0.000929222
5.55856e-05
-0.000929074
-0.00123069
-3.938e-05
-0.00117511
-0.000450481
-0.000489861
0.00128172
1.54609e-05
0.00133123
-0.00101688
-6.27753e-05
-0.00100142
-0.000665356
-0.000728131
0.00117282
0.00026309
0.00233352
-0.000915873
-1.32005e-05
-0.000904271
-0.00102785
-0.00014726
-0.00104105
-0.000490872
-0.000638132
0.0013259
5.32803e-06
0.00141056
-0.00113247
0.000131059
-0.00112715
-0.000747894
-0.000616835
0.00113911
-0.000846475
0.0014022
-0.000899262
-5.00892e-06
-0.000790954
0.00126339
0.000147169
0.00138959
0.000543114
-0.00181155
0.0010206
-0.000673701
0.0020759
-0.00165982
0.00110503
-8.44347e-05
0.000866497
-0.000871506
-0.00124808
0.000207029
-0.00038158
-0.000640717
-0.000433688
0.000630046
-0.000482877
-0.00120432
7.71712e-05
-0.000574271
-0.000645871
-0.0005687
-0.00029908
0.000842195
0.00177682
0.00116835
-6.33144e-05
0.000296841
-0.000838266
0.00035539
3.92807e-06
0.00078338
0.000993437
0.000698945
0.000444326
0.000254619
0.000381012
-0.000646984
0.000265405
-0.000350144
-0.000445532
-0.000180127
-0.000771385
0.000197114
-0.000415996
-0.000587884
-0.00039077
-0.000590241
0.000594169
0.000403196
-0.000491792
0.000141648
-0.00011078
-0.000633114
0.000217118
-3.89448e-05
-0.000311091
0.000200311
-5.64719e-05
0.000346725
-0.000222637
-8.09888e-05
-0.000410909
-0.000193792
-0.000339949
0.000146158
-0.000168141
8.71526e-05
3.21696e-05
-0.000378894
-2.20603e-05
3.48244e-05
)
;

boundaryField
{
    movingWall
    {
        type            calculated;
        value           uniform 0;
    }
    fixedWalls
    {
        type            calculated;
        value           uniform 0;
    }
    frontAndBack
    {
        type            empty;
        value           nonuniform List<scalar> 0();
    }
    defaultFaces
    {
        type            empty;
        value           nonuniform List<scalar> 0();
    }
}


// ************************************************************************* //
