/*--------------------------------*- C++ -*----------------------------------*\
  =========                 |
  \\      /  F ield         | OpenFOAM: The Open Source CFD Toolbox
   \\    /   O peration     | Website:  https://openfoam.org
    \\  /    A nd           | Version:  8
     \\/     M anipulation  |
\*---------------------------------------------------------------------------*/
FoamFile
{
    version     2.0;
    format      ascii;
    class       surfaceScalarField;
    location    "0.087";
    object      phi;
}
// * * * * * * * * * * * * * * * * * * * * * * * * * * * * * * * * * * * * * //

dimensions      [0 3 -1 0 0 0 0];

internalField   nonuniform List<scalar> 
1107
(
0.000315988
-0.000643388
0.000633494
-0.000306094
0.000616968
-0.00030098
-2.96871e-05
0.000646655
0.000304962
0.000538557
-0.000106654
-0.000736865
-0.000968717
0.000630291
-9.76567e-05
0.000701464
0.000286064
-5.36017e-05
-1.49161e-05
-3.72724e-05
0.000683927
-3.30514e-05
1.43471e-05
-8.79494e-05
0.000180751
-0.000148833
-6.49694e-05
0.000300272
-0.000856385
-0.00126768
0.000599238
-0.000207466
0.000740101
0.000760967
-9.67759e-05
4.17077e-05
0.000814912
-9.56522e-05
3.58077e-06
-4.28358e-05
-1.13353e-05
0.000725635
0.000853069
2.99217e-05
-6.80789e-05
6.44732e-05
-0.000126751
-8.65551e-05
2.51489e-05
-4.86251e-05
0.000227394
-0.000140758
-0.000213387
0.000277847
-0.000115422
0.000296552
-0.00087509
-0.00151061
0.000539473
-0.000366498
0.00075827
0.000828767
-0.000185442
0.00089923
-0.000166116
5.2156e-06
-2.29025e-05
-6.11972e-06
-2.22933e-05
0.000865051
1.03117e-05
0.000755557
0.000946176
-0.000115024
0.000963478
-3.95959e-05
0.000951863
-2.38972e-05
3.55124e-05
3.54042e-05
-7.27548e-05
-4.92044e-05
1.3622e-05
-2.68429e-05
-8.23992e-05
-0.000131114
0.000322166
-0.000215172
-0.000320381
0.00039717
-0.000190427
0.000306686
-0.000784606
0.000459871
-0.00166379
-0.000570356
0.000743332
0.000880866
-0.000308038
0.000968446
-0.000253696
2.99797e-06
-1.22784e-05
-3.12175e-06
8.81594e-05
0.000916906
-5.32021e-05
0.000853473
-1.23192e-05
0.000765868
0.00102612
-0.000172695
0.00105049
-6.39666e-05
0.00103965
4.63453e-05
0.000999443
0.000128371
-0.000118509
0.000932834
0.000185118
5.74523e-05
-0.000104205
-3.56468e-05
2.76045e-05
-1.93566e-05
1.0414e-05
-9.65236e-06
-0.000129769
-0.000216517
-6.19161e-05
-0.000172058
0.000691201
-0.000801686
0.000902307
-0.000467013
0.00101091
-0.000362295
2.20817e-06
-4.07264e-06
-9.13582e-07
0.000865657
-6.72597e-05
0.000823941
-2.36708e-05
0.000753549
0.000822862
-0.000147403
0.000257374
0.0010796
-0.000241385
0.0011107
-9.50727e-05
0.00110239
5.4654e-05
0.00105829
0.000172472
0.000974518
0.000268891
4.56507e-05
-3.06058e-05
-7.6961e-05
2.44409e-05
-1.4437e-05
1.14678e-05
-6.38348e-06
4.27927e-06
-2.46382e-06
0.000877239
-0.000653051
0.00100527
-0.000490327
8.82548e-07
-6.75919e-07
-3.10339e-08
0.000334144
0.000670019
-0.0001813
0.000790611
-7.23571e-05
0.000785617
-2.89352e-05
0.000729878
0.000827246
0.000404647
0.000622684
0.000538706
0.000388299
-0.00129507
0.00152945
0.00108448
-0.000320591
0.00112435
-0.000134949
0.00112317
5.5834e-05
0.00107777
0.000217874
0.000975238
0.000371426
-3.58706e-05
-5.57964e-05
6.10612e-05
-1.92676e-05
-3.10401e-05
-9.09204e-06
-1.6559e-05
-3.37978e-06
-8.17608e-06
-6.70573e-07
-3.38513e-06
-7.01607e-07
0.000987997
0.000345412
-0.00094511
0.000371512
-0.00099656
0.000688051
-7.87404e-05
0.000739102
-2.58426e-05
0.000700943
0.000793489
0.000586396
0.00054757
0.000784625
0.000411898
0.00166512
0.000483367
0.000916528
-5.78824e-05
-9.54245e-05
9.75106e-05
-3.1331e-05
-5.75916e-05
-1.47863e-05
-3.31037e-05
-5.47327e-06
-1.74891e-05
-1.09568e-06
-7.76272e-06
-1.79729e-06
0.000101442
0.00030067
-5.66997e-05
0.000227768
-0.000801366
0.000357809
-0.000666317
0.000680878
-2.05162e-05
0.000675101
0.000415914
0.000168895
-4.46248e-05
-0.00012534
7.45404e-05
-2.45273e-05
-7.76891e-05
-1.18011e-05
-4.58298e-05
-4.48911e-06
-2.48011e-05
-9.7317e-07
-1.12787e-05
-2.77046e-06
0.000246468
0.00020298
-0.000148778
0.000201338
-3.02692e-05
0.000136232
-0.00057979
0.000342994
-0.000328433
0.000654584
0.00029775
0.000364632
-1.47608e-05
-0.000134215
2.36361e-05
-8.36446e-06
-8.40854e-05
-4.1394e-06
-5.00549e-05
-1.6604e-06
-2.72801e-05
-4.05105e-07
-1.2534e-05
-3.17556e-06
0.000150015
0.000136509
-8.35446e-05
0.000129103
-7.65437e-05
0.000120991
-1.5028e-05
7.0008e-05
-0.000306804
0.000326151
0.000201951
0.000245814
1.3993e-05
-0.000122563
-2.56452e-05
7.11055e-06
-7.7203e-05
3.16843e-06
-4.61128e-05
1.11784e-06
-2.52295e-05
1.79578e-07
-1.15957e-05
-2.99599e-06
0.000129938
7.89302e-05
-7.23595e-05
8.60009e-05
-4.04424e-05
7.42013e-05
-2.97541e-05
5.9351e-05
-4.371e-06
1.93474e-05
0.000120019
0.000211871
-8.9298e-05
6.00143e-05
0.000149302
1.62177e-05
-3.5756e-05
-0.000103025
7.5758e-06
-6.85611e-05
3.2384e-06
-4.17754e-05
1.16858e-06
-2.31597e-05
2.24994e-07
-1.06521e-05
-2.77099e-06
3.85173e-05
-4.88851e-05
4.86451e-05
-3.50037e-05
4.9065e-05
-1.5306e-05
3.54306e-05
-5.83376e-06
1.49764e-05
-5.23182e-05
2.40137e-05
8.83189e-05
-3.18896e-05
5.77147e-05
-6.76004e-05
-1.25598e-05
-4.24895e-05
-2.81563e-06
-2.03963e-05
-5.58662e-06
1.45236e-05
-2.83245e-05
2.31395e-05
-2.33796e-05
2.72532e-05
-1.31919e-05
2.32056e-05
-3.08102e-06
9.1426e-06
4.93297e-06
-2.585e-05
4.49308e-05
-2.07584e-06
7.073e-06
7.25672e-06
-1.22539e-05
-1.29806e-05
5.6045e-05
-6.34607e-05
-1.85672e-05
-1.93342e-06
-8.23207e-06
1.50985e-05
2.33179e-06
-1.36582e-05
8.2209e-06
-1.34059e-05
1.26587e-05
-8.7851e-06
1.27297e-05
-2.71595e-06
6.06158e-06
1.56697e-06
4.38467e-06
-8.02748e-06
-4.98669e-07
3.47088e-06
4.10078e-06
-1.88979e-06
8.4816e-06
-1.68634e-05
1.02716e-05
-3.10757e-06
-3.36123e-07
1.51027e-06
-1.79595e-06
-4.10432e-06
8.9685e-07
-6.33417e-06
4.24614e-06
-4.99337e-06
5.79577e-06
-1.85119e-06
3.34563e-06
3.51198e-06
1.70872e-06
-3.65373e-06
1.67817e-06
2.20783e-06
1.17843e-07
1.46325e-06
-7.53688e-07
3.04895e-06
6.18633e-06
-2.68431e-06
4.81517e-06
-2.38958e-05
2.1765e-05
-2.17772e-06
2.17455e-06
-3.1044e-06
-2.2411e-06
1.09026e-07
-1.41885e-06
-1.78862e-06
2.36091e-07
-2.32413e-06
1.84543e-06
-1.04303e-06
1.49444e-06
3.85075e-06
-3.38324e-07
-4.48377e-10
2.66465e-06
7.2224e-07
1.3394e-06
9.86267e-07
2.42329e-07
4.67232e-07
-2.01069e-07
5.65703e-07
-5.83361e-07
5.39853e-06
-1.21592e-06
1.74363e-06
-2.70543e-06
-1.4072e-06
1.34065e-06
-1.48295e-06
1.73124e-07
-9.41072e-07
-6.1146e-07
3.48914e-09
-4.82187e-07
4.51409e-07
2.70967e-06
-2.27839e-06
3.41948e-06
2.65947e-06
-3.33155e-07
1.80188e-06
2.59758e-07
8.83735e-07
3.44861e-07
1.82774e-07
8.33888e-08
-1.76585e-08
-1.68935e-06
-9.53099e-07
1.42653e-06
-6.61803e-07
9.98222e-07
-8.42918e-07
7.00624e-07
-8.74284e-07
1.06336e-07
-4.96926e-07
-1.11045e-07
-3.07781e-08
1.50446e-06
-2.03685e-06
3.24206e-06
1.72783e-06
-1.34675e-06
1.68549e-06
-2.16767e-07
1.07594e-06
6.75551e-08
4.62539e-07
6.5096e-08
6.57303e-08
-2.47371e-06
-1.39798e-06
2.18234e-06
-1.04768e-06
-5.67227e-07
-3.37265e-07
4.9257e-07
-4.55567e-07
2.81906e-07
-4.23734e-07
3.31434e-08
-1.41823e-07
2.15794e-06
1.27853e-06
-1.93201e-06
8.36601e-07
-1.14563e-06
1.01817e-06
-6.79424e-07
9.59451e-07
-1.00281e-07
5.24463e-07
5.63151e-09
1.30826e-07
-2.93877e-06
-7.53811e-07
1.21886e-06
-1.63557e-06
-8.10091e-07
-6.10834e-07
-2.93658e-07
-1.52761e-07
1.89764e-07
-2.04143e-07
6.23151e-08
-1.0868e-07
-2.83732e-06
1.91683e-07
-2.93126e-07
1.29746e-06
-1.97685e-06
1.35304e-06
7.62081e-07
4.32297e-07
-5.5976e-07
5.44557e-07
-2.6453e-07
4.50597e-07
-2.64158e-08
1.36458e-07
-1.96145e-06
-4.2793e-07
-1.01467e-06
-4.06256e-07
-3.25862e-07
-1.20558e-07
-5.35986e-08
3.92198e-08
-4.63647e-08
-1.88572e-06
1.15953e-07
7.64784e-07
7.99354e-07
3.95023e-07
1.99193e-07
-2.14396e-07
2.42172e-07
-5.6105e-08
1.10042e-07
-1.22985e-06
-2.1275e-07
-5.72276e-07
-1.59842e-07
-1.46254e-07
-2.79024e-08
-7.14496e-09
-1.17526e-06
6.1367e-08
3.88876e-07
4.32032e-07
1.62184e-07
7.16385e-08
-4.38626e-08
5.3937e-08
-7.00529e-07
-8.44974e-08
-2.70258e-07
-3.58386e-08
-3.50475e-08
-6.65759e-07
2.65963e-08
1.55149e-07
1.96153e-07
3.76692e-08
1.00742e-08
-3.34984e-07
-1.97708e-08
-7.08861e-08
-3.15732e-07
7.34335e-09
3.55703e-08
4.77434e-08
-9.0657e-08
-8.33137e-08
0.000597177
-0.00138178
-0.00106661
0.000323399
-0.000539916
0.000860691
-0.000537292
0.00054031
0.00130424
-0.000763926
0.00111381
-0.000267972
0.00157007
-0.00183804
0.000503455
-0.000298232
-0.00139491
0.000630983
0.000139432
-0.00031149
-0.000400483
4.44255e-05
-0.000121386
-0.000267065
0.000331851
-0.000732334
0.00117716
-0.000845312
0.00063987
-0.000755039
0.00207405
-0.00144306
0.000236006
0.00130968
-0.00107367
0.00101145
0.000358397
0.00101926
-0.0017743
-0.000423805
-6.03252e-05
0.000230334
-0.000290659
-3.67308e-05
-0.000769065
-6.73795e-05
-0.000701685
0.00137395
-0.00144133
0.000528636
-0.00124566
0.00142815
-0.00185196
0.00035448
0.000887054
-0.000532574
-0.00124545
0.000755123
-0.0013792
0.00105861
-0.000624077
0.000990109
-0.00223577
-0.000861849
0.000861469
0.000803655
0.001778
-0.000412956
0.000999351
-0.00149414
0.0013592
-0.000435535
-0.00116238
0.000749425
-0.000790954
-0.00132532
0.00138116
3.38711e-05
-0.00129359
0.000502638
-0.00107572
0.00030544
-0.000193148
0.000132845
-0.000325993
-0.000568841
0.000281261
-0.000850102
-0.00116007
0.000202724
-0.00136279
-0.00203305
0.00114367
-0.00200552
-0.000611099
-1.2978e-05
-0.000667335
0.000231801
-0.000680313
-2.44732e-05
-0.00200857
-0.00203
-0.000901727
0.00170538
-0.000117102
0.000882249
0.000281894
0.0014961
0.00198728
0.001665
-2.67826e-05
0.000909032
-0.001017
0.000990221
-0.000267579
-0.000587148
0.000621019
-0.000355348
-0.000971541
0.000703962
-0.000468904
-0.000798046
0.000329142
-0.000492606
0.000128414
-0.000251453
8.12177e-05
-0.00033267
-0.000768884
3.4985e-05
-0.000803869
-0.00132781
-0.000350874
-0.000976932
-0.00235945
0.000884665
-0.00124001
0.000204352
-0.00182564
-0.00142582
0.000185805
0.000920216
-0.00274586
-0.00143923
0.00053871
0.00144857
0.00144774
-0.00100918
0.00137381
0.00065582
0.00210439
9.87727e-05
0.00134897
0.00108899
4.39676e-05
0.00104503
0.00074793
0.000217742
0.000530188
0.000546884
0.000675298
-0.00075052
-0.000309034
1.00538e-05
-0.000319088
-0.000793815
-0.000349424
-0.000444391
-0.00132636
-0.000424792
-0.000901564
-0.00186402
0.00201386
-0.00182805
-0.000732005
0.00173275
-0.00248327
-9.5301e-05
0.00128856
-0.00202057
-0.000575463
-0.000617188
0.000863003
0.000756622
-0.00121315
0.00196977
0.000891238
0.00224021
0.00140608
0.000834128
0.0024511
0.00298129
-0.000632487
0.0020593
-0.00142681
0.00311576
-0.000134464
-0.000344733
0.00056504
-0.0011405
-9.40131e-05
-0.00025072
-0.000538404
-0.000119134
-0.00041927
-0.0010207
-0.000455658
0.00182449
0.000234804
-0.00172919
-0.000291372
-0.000733438
0.000968242
-0.000977297
-0.000163206
0.000648003
-0.000939375
-0.000329294
-0.00117902
0.00044558
-0.000325382
0.000537253
0.00053762
2.80651e-05
-0.000605859
0.000577794
-0.00115095
-0.000122758
0.000349275
-0.000226517
-0.000728617
-0.000703134
0.00124075
0.00126664
0.00210077
-0.000341408
-0.000809545
-0.00176822
0.00121701
0.000883757
0.00108254
-0.000685675
-0.000286476
0.000394876
-0.000558081
-0.000676773
0.000221115
-0.000281897
-0.000125807
-0.000160669
-0.000545076
-0.000323962
-0.00126105
0.000321673
-0.000292806
-0.000608679
0.000315872
-0.000163099
-0.000503039
-5.50418e-05
0.000832333
-0.000510661
-0.000676756
0.000513657
-9.89615e-05
0.000369126
-1.98512e-05
0.000270165
-0.000219651
0.0001998
1.72208e-05
0.000144687
-0.000161908
-0.00020243
-0.000428947
-0.000259311
-0.000169636
-0.000113027
0.000262329
0.000424226
-0.000149313
0.000573539
0.00109144
0.000317402
-0.000576713
-0.000411215
-0.00122076
0.000468744
0.000622697
-0.000666827
-0.000553934
0.0013525
-2.1565e-05
0.000109884
0.000240764
0.000113871
-0.000274541
-1.08464e-05
-0.000466342
0.000184445
-0.000521384
-0.000100945
-0.000173596
-0.000424906
-0.000240461
0.000483832
2.98244e-05
-0.000799705
0.000289044
-0.000532023
1.06387e-05
-0.000242979
-0.000300942
0.000330766
-0.000346569
4.56272e-05
-7.64038e-05
-0.000238834
0.00016243
-3.90345e-05
-0.000132056
9.3022e-05
1.26308e-05
5.50587e-06
2.43893e-05
-2.98952e-05
1.27626e-05
-2.40511e-05
4.84404e-05
6.98279e-05
-9.3879e-05
8.24587e-05
-4.69421e-05
-4.69369e-05
-0.00020885
-2.42635e-05
-5.63169e-06
-7.12004e-05
-1.78856e-05
-0.00010231
-0.000106541
-0.000271946
-0.000104209
-0.000167737
-0.000680922
-9.43016e-05
0.000335066
0.000479238
0.00110193
-0.000443755
-0.000237167
0.000997689
0.000104246
1.87274e-05
2.62034e-05
0.000128611
4.65998e-05
8.20115e-05
0.000381665
5.40449e-05
-0.000227641
1.35555e-05
-7.32801e-05
-0.000154361
-0.000313741
-0.000303103
-0.000234943
-6.81595e-05
-0.000477922
-0.000147156
0.000192022
-2.95915e-05
-0.000237649
9.04931e-05
5.34917e-05
2.8967e-05
0.000146514
0.000116922
4.10024e-05
7.43797e-06
6.99694e-05
1.77095e-05
-4.9162e-05
-2.20383e-05
-0.000155703
-2.31049e-05
5.21934e-06
-4.51433e-05
-2.80815e-06
1.52497e-05
-1.5128e-07
4.14531e-05
-0.000103322
-5.23812e-05
-0.000271059
-0.000148746
-0.000122313
-0.000385913
0.000342319
3.93462e-05
0.000446565
6.06521e-05
9.45435e-06
3.19988e-05
9.14659e-05
0.000130812
9.71329e-05
-2.71635e-05
0.000214055
-0.000236389
8.20279e-05
-0.000304548
-1.85672e-05
-5.39853e-06
-8.07278e-06
7.9215e-06
-6.56251e-06
-4.08142e-05
-4.32903e-06
-9.31954e-05
-1.27291e-05
9.92092e-06
-1.70581e-05
6.26718e-06
1.14638e-05
-3.54232e-06
4.34626e-05
-7.53168e-05
-1.78786e-05
-0.000197629
-0.000136977
3.34918e-05
9.97074e-06
0.000164304
2.73267e-05
-8.42456e-06
4.88224e-06
5.09459e-06
-8.19899e-06
-1.46791e-06
-9.89247e-06
-7.68324e-07
-7.43067e-06
-3.47375e-06
-3.03838e-05
1.33256e-05
-4.82624e-05
-1.81617e-06
8.08335e-06
1.15095e-05
8.0829e-06
1.31589e-05
-8.27664e-06
2.31296e-05
3.052e-05
-7.39037e-06
-5.78467e-05
9.5843e-06
-4.51064e-07
-9.44141e-06
-8.72771e-06
-2.52303e-06
-4.90764e-06
-1.19644e-05
-2.04722e-06
-6.95486e-06
2.8321e-06
8.67736e-06
1.24164e-05
-4.25825e-06
7.67772e-06
3.82465e-06
1.2502e-05
-2.5814e-06
-6.14631e-06
-9.97177e-06
-1.12811e-05
1.30936e-06
1.13526e-06
8.31234e-07
6.84649e-06
4.07329e-06
-8.19605e-06
-3.76839e-06
-1.43424e-05
-4.77252e-06
-8.54092e-06
4.98645e-07
6.34784e-06
1.30007e-05
1.41359e-05
-1.30097e-05
-1.33265e-06
1.17004e-05
2.43556e-06
2.14128e-06
8.48912e-06
-7.32205e-06
-8.65471e-06
-8.94783e-06
6.51227e-06
)
;

boundaryField
{
    movingWall
    {
        type            calculated;
        value           uniform 0;
    }
    fixedWalls
    {
        type            calculated;
        value           uniform 0;
    }
    frontAndBack
    {
        type            empty;
        value           nonuniform List<scalar> 0();
    }
    defaultFaces
    {
        type            empty;
        value           nonuniform List<scalar> 0();
    }
}


// ************************************************************************* //
