/*--------------------------------*- C++ -*----------------------------------*\
  =========                 |
  \\      /  F ield         | OpenFOAM: The Open Source CFD Toolbox
   \\    /   O peration     | Website:  https://openfoam.org
    \\  /    A nd           | Version:  8
     \\/     M anipulation  |
\*---------------------------------------------------------------------------*/
FoamFile
{
    version     2.0;
    format      ascii;
    class       surfaceScalarField;
    location    "0.126";
    object      phi;
}
// * * * * * * * * * * * * * * * * * * * * * * * * * * * * * * * * * * * * * //

dimensions      [0 3 -1 0 0 0 0];

internalField   nonuniform List<scalar> 
1107
(
0.000315988
-0.000643388
0.000633494
-0.000306094
0.000616968
-0.00030098
-2.96871e-05
0.000646655
0.000304962
0.000538556
-0.000106654
-0.000736864
-0.000968717
0.000630291
-9.76567e-05
0.000701464
0.000286064
-5.36017e-05
-1.49161e-05
-3.72724e-05
0.000683927
-3.30504e-05
1.43459e-05
-8.79493e-05
0.000180751
-0.000148833
-6.49699e-05
0.000300272
-0.000856385
-0.00126768
0.000599238
-0.000207466
0.000740101
0.000760967
-9.6776e-05
4.17077e-05
0.000814912
-9.56523e-05
3.58059e-06
-4.28357e-05
-1.13353e-05
0.000725635
0.000853069
2.99217e-05
-6.80792e-05
6.44729e-05
-0.000126751
-8.65549e-05
2.51488e-05
-4.8625e-05
0.000227394
-0.000140758
-0.000213387
0.000277847
-0.000115423
0.000296552
-0.00087509
-0.0015106
0.000539473
-0.000366498
0.00075827
0.000828767
-0.000185442
0.000899231
-0.000166116
5.21558e-06
-2.29025e-05
-6.11971e-06
-2.22935e-05
0.000865051
1.03118e-05
0.000755557
0.000946176
-0.000115025
0.000963479
-3.95964e-05
0.000951864
-2.38971e-05
3.55121e-05
3.54042e-05
-7.27549e-05
-4.92043e-05
1.3622e-05
-2.68428e-05
-8.2399e-05
-0.000131114
0.000322166
-0.000215172
-0.000320381
0.00039717
-0.000190427
0.000306686
-0.000784606
0.000459871
-0.00166379
-0.000570356
0.000743331
0.000880866
-0.000308038
0.000968446
-0.000253696
2.99796e-06
-1.22784e-05
-3.12175e-06
8.81595e-05
0.000916907
-5.32021e-05
0.000853473
-1.23192e-05
0.000765868
0.00102612
-0.000172696
0.00105049
-6.39677e-05
0.00103966
4.63446e-05
0.000999445
0.000128371
-0.000118509
0.000932836
0.000185118
5.74522e-05
-0.000104205
-3.56466e-05
2.76045e-05
-1.93565e-05
1.0414e-05
-9.65232e-06
-0.000129769
-0.000216517
-6.19159e-05
-0.000172058
0.000691201
-0.000801687
0.000902307
-0.000467014
0.00101091
-0.000362296
2.20817e-06
-4.07262e-06
-9.13578e-07
0.000865657
-6.72599e-05
0.000823942
-2.36708e-05
0.000753549
0.000822863
-0.000147403
0.000257375
0.0010796
-0.000241387
0.0011107
-9.50748e-05
0.0011024
5.46528e-05
0.0010583
0.000172472
0.000974521
0.000268892
4.56505e-05
-3.06057e-05
-7.69608e-05
2.44409e-05
-1.4437e-05
1.14678e-05
-6.38344e-06
4.27926e-06
-2.46381e-06
0.00087724
-0.000653052
0.00100527
-0.00049033
8.82546e-07
-6.75912e-07
-3.10326e-08
0.000334145
0.00067002
-0.000181301
0.000790611
-7.23573e-05
0.000785617
-2.89352e-05
0.000729878
0.000827248
0.000404649
0.000622685
0.000538708
0.0003883
-0.00129507
0.00152945
0.00108448
-0.000320595
0.00112436
-0.000134952
0.00112318
5.58321e-05
0.00107778
0.000217874
0.000975242
0.000371428
-3.58705e-05
-5.57962e-05
6.1061e-05
-1.92675e-05
-3.104e-05
-9.092e-06
-1.65589e-05
-3.37977e-06
-8.17604e-06
-6.7057e-07
-3.38511e-06
-7.01602e-07
0.000987996
0.000345413
-0.000945109
0.000371512
-0.00099656
0.000688051
-7.87405e-05
0.000739103
-2.58427e-05
0.000700943
0.000793492
0.000586399
0.000547572
0.000784628
0.000411899
0.00166513
0.000483369
0.000916526
-5.78824e-05
-9.54244e-05
9.75105e-05
-3.13309e-05
-5.75914e-05
-1.47862e-05
-3.31036e-05
-5.47326e-06
-1.7489e-05
-1.09568e-06
-7.76269e-06
-1.79728e-06
0.00010144
0.000300672
-5.66986e-05
0.000227769
-0.000801366
0.000357809
-0.000666317
0.000680878
-2.05163e-05
0.000675101
0.000415917
0.000168892
-4.4625e-05
-0.00012534
7.45409e-05
-2.45274e-05
-7.76891e-05
-1.18012e-05
-4.58298e-05
-4.48913e-06
-2.48011e-05
-9.73173e-07
-1.12786e-05
-2.77045e-06
0.000246466
0.000202983
-0.000148777
0.000201339
-3.02687e-05
0.000136232
-0.00057979
0.000342994
-0.000328433
0.000654584
0.000297754
0.000364629
-1.47612e-05
-0.000134216
2.36368e-05
-8.36468e-06
-8.40856e-05
-4.1395e-06
-5.0055e-05
-1.66043e-06
-2.72801e-05
-4.05112e-07
-1.2534e-05
-3.17557e-06
0.000150015
0.000136512
-8.35442e-05
0.000129105
-7.65432e-05
0.000120992
-1.50278e-05
7.00081e-05
-0.000306804
0.000326151
0.000201956
0.000245813
1.39926e-05
-0.000122564
-2.56445e-05
7.11033e-06
-7.72034e-05
3.16833e-06
-4.6113e-05
1.1178e-06
-2.52296e-05
1.7957e-07
-1.15957e-05
-2.996e-06
0.000129939
7.89328e-05
-7.236e-05
8.60027e-05
-4.04422e-05
7.42022e-05
-2.97539e-05
5.93512e-05
-4.37096e-06
1.93474e-05
0.000120023
0.000211872
-8.93e-05
6.0017e-05
0.000149306
1.62173e-05
-3.57554e-05
-0.000103026
7.5756e-06
-6.85617e-05
3.23831e-06
-4.17757e-05
1.16855e-06
-2.31598e-05
2.24987e-07
-1.06522e-05
-2.77101e-06
3.8519e-05
-4.88862e-05
4.86466e-05
-3.50039e-05
4.9066e-05
-1.5306e-05
3.54311e-05
-5.83372e-06
1.49764e-05
-5.23203e-05
2.40149e-05
8.83223e-05
-3.18902e-05
5.77157e-05
-6.76012e-05
-1.256e-05
-4.249e-05
-2.81567e-06
-2.03966e-05
-5.58668e-06
1.45243e-05
-2.83256e-05
2.31405e-05
-2.33801e-05
2.7254e-05
-1.3192e-05
2.32061e-05
-3.081e-06
9.1427e-06
4.93317e-06
-2.58515e-05
4.49332e-05
-2.07612e-06
7.07337e-06
7.25725e-06
-1.22545e-05
-1.29808e-05
5.60461e-05
-6.34618e-05
-1.85675e-05
-1.93369e-06
-8.23267e-06
1.50995e-05
2.33186e-06
-1.3659e-05
8.22132e-06
-1.34064e-05
1.26592e-05
-8.78529e-06
1.27301e-05
-2.71597e-06
6.0617e-06
1.56696e-06
4.38504e-06
-8.02812e-06
-4.98818e-07
3.47108e-06
4.10111e-06
-1.88997e-06
8.48201e-06
-1.68641e-05
1.02721e-05
-3.10796e-06
-3.36193e-07
1.51046e-06
-1.79617e-06
-4.10463e-06
8.96861e-07
-6.33453e-06
4.24636e-06
-4.99356e-06
5.79601e-06
-1.85123e-06
3.34573e-06
3.51221e-06
1.70901e-06
-3.65427e-06
1.6782e-06
2.20802e-06
1.1777e-07
1.46334e-06
-7.5378e-07
3.0491e-06
6.18669e-06
-2.68447e-06
4.81536e-06
-2.38967e-05
2.17658e-05
-2.17801e-06
2.17479e-06
-3.10475e-06
-2.24138e-06
1.09009e-07
-1.41901e-06
-1.78876e-06
2.36082e-07
-2.32426e-06
1.84552e-06
-1.04307e-06
1.4945e-06
3.85111e-06
-3.38205e-07
-6.94876e-10
2.66482e-06
7.22393e-07
1.33943e-06
9.86359e-07
2.42297e-07
4.67264e-07
-2.01107e-07
5.65735e-07
-5.83402e-07
5.39876e-06
-1.21608e-06
1.74384e-06
-2.70577e-06
-1.40738e-06
1.3408e-06
-1.48312e-06
1.73124e-07
-9.41171e-07
-6.11508e-07
3.47846e-09
-4.82215e-07
4.51433e-07
2.70996e-06
-2.27856e-06
3.41971e-06
2.65972e-06
-3.33099e-07
1.802e-06
2.59827e-07
8.83761e-07
3.44895e-07
1.82762e-07
8.3395e-08
-1.76672e-08
-1.68958e-06
-9.53237e-07
1.42674e-06
-6.61887e-07
9.98346e-07
-8.43023e-07
7.00698e-07
-8.74385e-07
1.06338e-07
-4.96976e-07
-1.11054e-07
-3.07827e-08
1.50463e-06
-2.03706e-06
3.24239e-06
1.72801e-06
-1.34685e-06
1.68565e-06
-2.16745e-07
1.07601e-06
6.75794e-08
4.62554e-07
6.51029e-08
6.57278e-08
-2.47406e-06
-1.39818e-06
2.18266e-06
-1.04782e-06
-5.67307e-07
-3.37307e-07
4.9263e-07
-4.55623e-07
2.81936e-07
-4.23782e-07
3.31447e-08
-1.41836e-07
2.1582e-06
1.27869e-06
-1.93226e-06
8.36693e-07
-1.14575e-06
1.01827e-06
-6.79475e-07
9.59538e-07
-1.00274e-07
5.24497e-07
5.63611e-09
1.30831e-07
-2.93917e-06
-7.53908e-07
1.21902e-06
-1.63579e-06
-8.10206e-07
-6.10915e-07
-2.93699e-07
-1.52779e-07
1.89787e-07
-2.04167e-07
6.23215e-08
-1.08692e-07
-2.83769e-06
1.91733e-07
-2.93208e-07
1.29765e-06
-1.97714e-06
1.35321e-06
7.62177e-07
4.32343e-07
-5.59818e-07
5.44613e-07
-2.6455e-07
4.50638e-07
-2.64149e-08
1.36467e-07
-1.96172e-06
-4.27984e-07
-1.01481e-06
-4.06313e-07
-3.25904e-07
-1.20575e-07
-5.36047e-08
3.92245e-08
-4.63702e-08
-1.88597e-06
1.15983e-07
7.64895e-07
7.99449e-07
3.95071e-07
1.99214e-07
-2.14419e-07
2.42197e-07
-5.61094e-08
1.10052e-07
-1.23001e-06
-2.12777e-07
-5.72353e-07
-1.59864e-07
-1.46273e-07
-2.79062e-08
-7.14567e-09
-1.17541e-06
6.13819e-08
3.88931e-07
4.32082e-07
1.62204e-07
7.16458e-08
-4.38673e-08
5.39425e-08
-7.00622e-07
-8.45081e-08
-2.70294e-07
-3.58436e-08
-3.50519e-08
-6.65843e-07
2.66022e-08
1.5517e-07
1.96176e-07
3.76735e-08
1.00752e-08
-3.35028e-07
-1.97733e-08
-7.08954e-08
-3.15771e-07
7.3448e-09
3.55752e-08
4.77487e-08
-9.06687e-08
-8.33239e-08
0.000597176
-0.00138178
-0.00106661
0.000323398
-0.000539915
0.000860691
-0.000537292
0.00054031
0.00130424
-0.000763927
0.00111381
-0.000267973
0.00157007
-0.00183804
0.000503454
-0.000298232
-0.00139491
0.000630982
0.000139432
-0.000311489
-0.000400483
4.44252e-05
-0.000121386
-0.000267064
0.00033185
-0.000732333
0.00117716
-0.000845312
0.00063987
-0.000755039
0.00207405
-0.00144306
0.000236006
0.00130968
-0.00107367
0.00101145
0.000358396
0.00101926
-0.0017743
-0.000423804
-6.0325e-05
0.000230333
-0.000290658
-3.67309e-05
-0.000769064
-6.7379e-05
-0.000701685
0.00137395
-0.00144133
0.000528638
-0.00124566
0.00142816
-0.00185196
0.000354482
0.000887057
-0.000532575
-0.00124545
0.000755123
-0.00137921
0.00105861
-0.000624084
0.000990116
-0.00223578
-0.000861845
0.000861472
0.000803653
0.001778
-0.00041296
0.000999359
-0.00149416
0.0013592
-0.000435544
-0.00116239
0.00074943
-0.000790962
-0.00132534
0.00138117
3.38658e-05
-0.0012936
0.000502642
-0.00107573
0.00030544
-0.000193148
0.000132845
-0.000325993
-0.00056884
0.000281264
-0.000850104
-0.00116007
0.000202731
-0.0013628
-0.00203305
0.00114369
-0.00200553
-0.000611111
-1.29726e-05
-0.00066735
0.000231806
-0.000680323
-2.44589e-05
-0.00200859
-0.00202999
-0.000901736
0.00170539
-0.000117108
0.000882251
0.000281888
0.00149611
0.00198728
0.001665
-2.67979e-05
0.000909048
-0.00101703
0.000990229
-0.000267596
-0.000587177
0.000621042
-0.00035537
-0.000971567
0.000703971
-0.000468925
-0.000798067
0.000329142
-0.000492627
0.000128416
-0.000251452
8.12189e-05
-0.000332671
-0.000768885
3.49884e-05
-0.000803873
-0.00132781
-0.000350867
-0.000976941
-0.00235945
0.000884648
-0.00124002
0.000204325
-0.00182566
-0.0014258
0.000185779
0.000920204
-0.00274587
-0.00143925
0.000538694
0.00144858
0.00144774
-0.00100919
0.00137382
0.000655812
0.0021044
9.87513e-05
0.00134899
0.00108898
4.39408e-05
0.00104504
0.000747911
0.000217707
0.000530204
0.000546849
0.000675265
-0.000750533
-0.000309034
1.00555e-05
-0.00031909
-0.000793818
-0.000349422
-0.000444396
-0.00132636
-0.000424788
-0.000901575
-0.00186404
0.00201384
-0.00182806
-0.000732028
0.00173274
-0.00248327
-9.53227e-05
0.00128856
-0.00202059
-0.000575477
-0.000617201
0.000863015
0.000756618
-0.00121317
0.00196979
0.000891221
0.00224021
0.00140605
0.000834163
0.00245109
0.00298129
-0.000632475
0.00205931
-0.00142684
0.00311575
-0.000134455
-0.000344734
0.000565041
-0.00114052
-9.40118e-05
-0.000250722
-0.000538408
-0.000119132
-0.000419275
-0.00102071
-0.000455666
0.00182452
0.000234791
-0.0017292
-0.000291392
-0.000733459
0.00096825
-0.000977307
-0.000163211
0.000648003
-0.000939395
-0.000329304
-0.00117904
0.000445583
-0.000325394
0.000537266
0.000537621
2.8074e-05
-0.000605879
0.000577805
-0.00115097
-0.000122756
0.000349285
-0.000226528
-0.000728635
-0.000703161
0.00124078
0.00126663
0.00210079
-0.000341401
-0.000809568
-0.00176824
0.00121701
0.000883783
0.00108256
-0.00068568
-0.000286478
0.000394878
-0.000558089
-0.000676781
0.000221115
-0.000281903
-0.000125806
-0.000160671
-0.000545081
-0.000323967
-0.00126107
0.000321673
-0.000292818
-0.000608692
0.000315874
-0.000163108
-0.000503043
-5.50463e-05
0.000832347
-0.000510674
-0.000676774
0.000513666
-9.89692e-05
0.000369139
-1.98544e-05
0.00027017
-0.000219659
0.000199805
1.72237e-05
0.000144692
-0.000161916
-0.000202435
-0.000428964
-0.000259319
-0.000169645
-0.000113033
0.000262339
0.000424233
-0.000149325
0.000573558
0.00109146
0.000317417
-0.000576735
-0.000411219
-0.00122079
0.000468736
0.00062272
-0.00066684
-0.000553947
0.00135252
-2.15672e-05
0.00010989
0.000240772
0.000113872
-0.000274543
-1.0846e-05
-0.000466348
0.000184446
-0.000521394
-0.000100944
-0.000173599
-0.000424911
-0.000240466
0.000483845
2.98206e-05
-0.000799719
0.000289045
-0.000532031
1.06368e-05
-0.000242986
-0.000300951
0.000330772
-0.000346578
4.56266e-05
-7.64082e-05
-0.000238842
0.000162434
-3.90375e-05
-0.000132062
9.30243e-05
1.26303e-05
5.50579e-06
2.43909e-05
-2.98967e-05
1.2763e-05
-2.40516e-05
4.84425e-05
6.98315e-05
-9.38831e-05
8.24618e-05
-4.69432e-05
-4.69399e-05
-0.000208859
-2.42643e-05
-5.63243e-06
-7.12042e-05
-1.78869e-05
-0.000102312
-0.000106547
-0.000271957
-0.000104211
-0.000167746
-0.000680947
-9.431e-05
0.000335082
0.000479248
0.00110197
-0.000443768
-0.000237178
0.000997715
0.000104253
1.87283e-05
2.62049e-05
0.000128618
4.66015e-05
8.20163e-05
0.000381683
5.40451e-05
-0.000227644
1.35561e-05
-7.328e-05
-0.000154364
-0.000313746
-0.000303109
-0.000234947
-6.81621e-05
-0.000477933
-0.000147161
0.000192028
-2.95939e-05
-0.000237655
9.04938e-05
5.34945e-05
2.89673e-05
0.000146519
0.000116925
4.10046e-05
7.43793e-06
6.99719e-05
1.771e-05
-4.91642e-05
-2.204e-05
-0.000155711
-2.31064e-05
5.21946e-06
-4.51464e-05
-2.80866e-06
1.52512e-05
-1.5164e-07
4.1456e-05
-0.000103326
-5.23845e-05
-0.000271072
-0.000148753
-0.000122319
-0.000385931
0.000342334
3.93494e-05
0.000446587
6.06561e-05
9.45514e-06
3.20009e-05
9.14715e-05
0.000130821
9.71365e-05
-2.71646e-05
0.000214061
-0.000236393
8.20293e-05
-0.000304555
-1.85675e-05
-5.39876e-06
-8.07381e-06
7.92217e-06
-6.56335e-06
-4.0817e-05
-4.32936e-06
-9.32016e-05
-1.27305e-05
9.9218e-06
-1.70598e-05
6.26753e-06
1.14652e-05
-3.54302e-06
4.34661e-05
-7.53223e-05
-1.78793e-05
-0.000197642
-0.000136986
3.34947e-05
9.97139e-06
0.000164316
2.73298e-05
-8.42584e-06
4.88282e-06
5.09537e-06
-8.20012e-06
-1.46798e-06
-9.89382e-06
-7.68456e-07
-7.43166e-06
-3.47423e-06
-3.03871e-05
1.33273e-05
-4.82664e-05
-1.81685e-06
8.08438e-06
1.15104e-05
8.08368e-06
1.31607e-05
-8.27784e-06
2.3132e-05
3.05227e-05
-7.39067e-06
-5.78526e-05
9.58619e-06
-4.50997e-07
-9.44282e-06
-8.72884e-06
-2.5233e-06
-4.90836e-06
-1.19661e-05
-2.04748e-06
-6.95584e-06
2.83178e-06
8.67865e-06
1.2418e-05
-4.25888e-06
7.67859e-06
3.82481e-06
1.25035e-05
-2.58181e-06
-6.14703e-06
-9.97248e-06
-1.12823e-05
1.30978e-06
1.13572e-06
8.31377e-07
6.84721e-06
4.07377e-06
-8.1972e-06
-3.76892e-06
-1.43442e-05
-4.77318e-06
-8.54211e-06
4.98558e-07
6.34865e-06
1.3002e-05
1.41377e-05
-1.30115e-05
-1.33274e-06
1.17017e-05
2.43603e-06
2.14151e-06
8.49016e-06
-7.32309e-06
-8.65583e-06
-8.94904e-06
6.51302e-06
)
;

boundaryField
{
    movingWall
    {
        type            calculated;
        value           uniform 0;
    }
    fixedWalls
    {
        type            calculated;
        value           uniform 0;
    }
    frontAndBack
    {
        type            empty;
        value           nonuniform List<scalar> 0();
    }
    defaultFaces
    {
        type            empty;
        value           nonuniform List<scalar> 0();
    }
}


// ************************************************************************* //
