/*--------------------------------*- C++ -*----------------------------------*\
  =========                 |
  \\      /  F ield         | OpenFOAM: The Open Source CFD Toolbox
   \\    /   O peration     | Website:  https://openfoam.org
    \\  /    A nd           | Version:  8
     \\/     M anipulation  |
\*---------------------------------------------------------------------------*/
FoamFile
{
    version     2.0;
    format      ascii;
    class       volVectorField;
    location    "0.096";
    object      U;
}
// * * * * * * * * * * * * * * * * * * * * * * * * * * * * * * * * * * * * * //

dimensions      [0 1 -1 0 0 0 0];

internalField   nonuniform List<vector> 
656
(
(0.743372 0.0565316 -9.65478e-25)
(0.927889 0.0140691 1.86667e-24)
(0.954788 -0.00127375 0)
(-0.0910749 0.118994 2.40002e-23)
(0.556742 0.0977245 1.12098e-23)
(0.841242 0.000939743 0)
(-0.0571798 0.0672276 -4.93902e-23)
(-0.0145962 0.018846 9.85104e-24)
(0.968227 -0.000150839 0)
(-0.000504612 0.138601 -2.37828e-24)
(-0.0030496 0.193131 -7.83495e-23)
(-0.117738 0.172053 0)
(0.376006 0.139834 1.00526e-23)
(0.715019 0.00930684 0)
(0.890989 0.00127448 -1.70667e-22)
(0.906567 0.000583102 4.77898e-23)
(0.00104042 0.0823432 9.70512e-24)
(0.00137425 0.0267217 0)
(0.971852 -7.63387e-05 -3.43357e-23)
(0.913662 0.00029856 -1.43719e-22)
(-0.0123884 0.0928732 7.71104e-23)
(-0.00523408 0.062872 0)
(-0.0239222 0.125114 1.33361e-24)
(-0.00789619 0.242543 1.53981e-22)
(-0.136115 0.223437 -1.67657e-22)
(0.210343 0.18042 -2.26587e-23)
(0.577674 0.0245875 0)
(0.8007 0.00637692 2.66449e-22)
(0.829494 0.00303222 -8.91624e-23)
(-0.00144235 0.0356645 0)
(-0.000151565 0.0114448 0)
(0.916986 0.000158367 5.13467e-23)
(0.973373 -4.69458e-05 -3.66608e-23)
(0.842959 0.00161743 1.95816e-22)
(0.849425 0.000810493 -5.18089e-23)
(0.854031 6.35045e-05 -1.08889e-22)
(-0.00677975 0.0608904 -1.05381e-22)
(-0.00280707 0.0409241 1.7071e-23)
(-0.0137926 0.0825097 -1.88325e-22)
(-0.0408484 0.158564 -1.577e-22)
(-0.0167101 0.28282 1.66501e-22)
(-0.143742 0.269547 -4.77706e-24)
(0.0686489 0.217917 4.55154e-22)
(0.433182 0.0474137 0)
(0.696558 0.0162323 0)
(0.739382 0.00802649 -3.69821e-22)
(-0.000821629 0.0230279 -5.40252e-24)
(-0.000128818 0.00732298 0)
(0.854943 -0.000883153 1.20144e-22)
(0.919453 2.84581e-05 -2.78104e-23)
(0.974008 -2.02048e-05 4.92918e-24)
(0.75977 0.00435532 0)
(0.769765 0.00218551 0)
(0.776843 0.00015204 -1.06666e-22)
(0.778388 -0.00237205 4.59706e-22)
(0.763627 -0.00604323 0)
(-0.0103745 0.0366041 2.00131e-22)
(-0.00502145 0.0257396 2.95145e-22)
(-0.00202819 0.0165171 -2.87513e-22)
(-0.0250269 0.104803 -1.85263e-22)
(-0.0193443 0.0489367 5.84786e-22)
(0.28681 0.0796721 -1.32799e-22)
(0.57847 0.0319868 1.75137e-22)
(0.635201 0.0165802 -5.20768e-22)
(-0.000553535 0.00884741 4.53702e-23)
(-6.70888e-05 0.00256179 6.0905e-23)
(0.844861 -0.00224246 -2.5466e-22)
(0.92 -0.00014638 8.54502e-23)
(0.974687 1.29042e-05 5.47827e-24)
(0.726768 -0.015198 -1.16792e-23)
(0.662692 0.00911929 0)
(0.676457 0.0046646 1.93316e-22)
(0.686386 0.00038646 2.04132e-22)
(0.688971 -0.00481305 -8.82331e-22)
(0.669711 -0.0125431 2.27279e-22)
(-0.00839881 0.0139349 8.88421e-22)
(-0.00405364 0.00913809 -6.83449e-24)
(-0.00182771 0.00550512 0)
(-0.000643611 0.00295303 1.0577e-22)
(0.447786 0.0558281 0)
(0.516952 0.0303683 6.66113e-22)
(-8.94478e-05 0.00127332 -1.00135e-22)
(5.5325e-05 0.000241389 -3.08628e-23)
(0.604786 -0.0240906 4.71813e-22)
(0.82026 -0.00592586 1.49694e-22)
(0.914485 -0.000374946 0)
(0.975031 4.1989e-05 -5.28356e-23)
(0.619973 -0.0302311 -2.88771e-22)
(0.468209 -0.0472383 7.26193e-22)
(0.251479 -0.190757 -8.79081e-22)
(0.550826 0.0170805 0)
(0.568151 0.00874887 4.66271e-23)
(0.58124 0.000992634 -1.45194e-22)
(0.585541 -0.00871513 5.11886e-22)
(0.56258 -0.0231808 -8.69611e-22)
(-0.0147911 0.00626418 3.73776e-22)
(-0.00924713 0.0030667 -3.98853e-22)
(-0.00537223 0.00139791 -1.97735e-22)
(-0.00279645 0.000480314 3.91348e-22)
(-0.00116583 4.38413e-05 4.713e-23)
(-0.000203188 -6.2062e-05 -2.84976e-23)
(-0.136728 -0.250241 5.90066e-23)
(0.411944 -0.147966 -6.13836e-23)
(0.732778 -0.00901641 -7.95845e-22)
(0.901186 -0.00112449 0)
(0.973747 0.000109572 0)
(0.499722 -0.0539486 5.52146e-22)
(0.325513 -0.0810145 -2.7733e-22)
(0.106283 -0.230036 1.02582e-22)
(-0.141409 -0.298198 1.38428e-21)
(-0.0465803 0.0112551 0)
(-0.0340209 0.00583953 1.86863e-22)
(-0.0235914 0.00285792 -6.59976e-22)
(-0.0149878 0.00114531 1.84041e-22)
(-0.00792709 0.000287612 -4.38527e-23)
(-0.00212802 2.17915e-05 -2.72268e-23)
(-0.00754383 -0.28903 0)
(-0.120665 -0.194926 0)
(0.582914 -0.103403 4.88166e-22)
(0.850387 -0.000878696 -3.99584e-23)
(0.970606 0.000203289 -1.0304e-22)
(-0.0155569 -0.33292 -1.64648e-21)
(-0.0760015 0.0100106 0)
(-0.0568623 0.00552754 1.9315e-22)
(-0.0403702 0.00276358 -1.41143e-24)
(-0.0262671 0.00117179 9.54886e-23)
(-0.0142712 0.000360379 -4.48733e-23)
(-0.0041164 7.18021e-05 0)
(-0.0276218 -0.164275 -5.51166e-22)
(-0.00296272 -0.233229 0)
(-0.094997 -0.136206 5.08316e-22)
(0.75789 -0.0597746 0)
(0.956555 0.00135216 7.64116e-23)
(-0.0466778 -0.205096 0)
(-0.0980846 0.0082898 0)
(-0.0741666 0.004609 1.20078e-22)
(-0.0531752 0.00234379 -3.48152e-22)
(-0.0349417 0.0010281 1.12646e-22)
(-0.0192397 0.000345413 5.03483e-23)
(-0.00578431 8.89842e-05 -1.68739e-23)
(-0.015655 -0.119028 2.82625e-22)
(-0.0145372 -0.123352 0)
(-0.000248165 -0.169217 -4.45518e-22)
(-0.0605237 -0.0776122 4.30418e-22)
(0.931395 -0.0147218 0)
(-0.0284336 -0.148595 0)
(-0.107005 0.00724215 1.53155e-22)
(-0.0810007 0.00408769 -1.47862e-22)
(-0.0581645 0.00207796 1.43073e-22)
(-0.0382911 0.000905994 -2.73887e-22)
(-0.0211551 0.000304644 3.76654e-22)
(-0.00650422 7.86168e-05 -5.02184e-23)
(-0.0133574 -0.0678612 2.43769e-22)
(-0.00771819 -0.089099 -5.22016e-22)
(-0.00596344 -0.0840668 1.52074e-22)
(0.00181257 -0.100771 -4.6198e-22)
(-0.014189 -0.0214027 1.30993e-23)
(-0.0241151 -0.0868541 0)
(-0.0154617 -0.0452169 -5.49846e-23)
(-0.107964 0.00780893 -1.88582e-22)
(-0.0816243 0.00492892 7.60118e-22)
(-0.058694 0.0026444 -7.25763e-22)
(-0.0387754 0.00113992 0)
(-0.0215135 0.000351543 0)
(-0.00671227 7.27362e-05 -5.50899e-24)
(-0.00849446 -0.0350828 1.17253e-22)
(-0.00666788 -0.049794 3.44447e-24)
(-0.00302972 -0.0605438 3.97954e-22)
(-0.00125803 -0.0475669 -1.49542e-22)
(0.00233743 -0.0310267 0)
(-0.00873866 -0.0196313 8.91155e-22)
(-0.0632764 0.00409155 8.291e-22)
(-0.0414414 0.00257073 -8.57304e-22)
(-0.0227755 0.000908332 0)
(-0.00700821 0.000157904 -7.76625e-24)
(-0.00480668 -0.0146296 -2.36315e-22)
(-0.00418806 -0.0254857 -9.16752e-23)
(-0.00273025 -0.0332937 1.89004e-22)
(-0.000643011 -0.0342514 -1.29325e-22)
(0.000182382 -0.0143651 4.94292e-23)
(-0.00447456 -0.00526452 0)
(-0.00270608 0.00320104 -1.02407e-21)
(-0.0505275 0.0011801 0)
(-0.0176846 0.000393824 -2.71406e-23)
(-0.00152207 0.000804217 0)
(-0.00238156 -0.00358819 -2.40559e-22)
(-0.0023452 -0.0102342 -4.59275e-22)
(-0.00172137 -0.0168635 -6.24874e-23)
(-0.000724385 -0.0186278 1.27155e-22)
(7.65247e-05 -0.0106535 -4.96195e-23)
(-0.00108026 -0.000901928 2.08811e-21)
(-0.00130629 0.00154802 2.17907e-21)
(-0.00310788 0.00369395 7.02071e-23)
(-0.000132309 0.00198948 -4.81421e-22)
(-0.00074916 0.00104834 -9.8252e-25)
(-0.00111842 -0.00225135 1.24587e-22)
(-0.000958385 -0.006537 3.71986e-22)
(-0.000484011 -0.00935179 7.62147e-24)
(-6.56822e-05 -0.00583942 -2.27909e-23)
(-0.000147408 -0.0025755 -1.88366e-24)
(-0.00045332 -0.00141138 -1.74693e-21)
(-0.000547701 0.000678946 -5.26919e-22)
(-0.00136142 0.00157887 0)
(-0.00319376 0.00914427 1.51722e-21)
(0.00038922 0.00151007 -2.58748e-22)
(-4.01163e-06 0.00176502 2.56504e-22)
(-0.000314498 0.00105892 1.28438e-22)
(-0.000440227 -0.00126608 0)
(-0.000272131 -0.00350619 -1.2192e-22)
(-6.47755e-05 -0.00293411 1.71268e-23)
(0.000229807 -0.00282419 8.27434e-22)
(1.29878e-05 -0.00241842 3.33751e-22)
(-0.00016219 -0.00146221 1.96694e-22)
(-0.000173918 0.000193317 5.36033e-23)
(-0.000334949 0.000545876 -6.14605e-23)
(-0.00045982 0.00212037 1.0924e-21)
(0.00031025 0.000534788 1.08136e-21)
(0.000248394 0.00126938 -4.0476e-22)
(2.98062e-05 0.00143275 -2.63976e-22)
(-0.00010718 0.000883878 -1.28486e-22)
(-0.000115846 -0.000584157 0)
(-3.96769e-05 -0.00106227 -1.12742e-23)
(0.00052801 -0.00205872 0)
(0.000185019 -0.00240454 -2.86303e-22)
(4.71871e-05 -0.00200887 -9.86503e-22)
(-3.77047e-05 -0.00121451 3.2149e-22)
(-2.21864e-05 -2.83801e-05 -3.58209e-22)
(-1.25001e-05 1.19634e-05 9.65593e-24)
(0.000532078 0.000192062 -4.69797e-22)
(0.000171519 0.000398936 7.16204e-22)
(0.000139518 0.000980724 -6.92982e-22)
(2.76356e-05 0.00103607 1.32346e-22)
(-1.72687e-05 0.000583964 0)
(-1.10015e-05 -0.000141971 1.11475e-23)
(0.000388916 -0.000698809 0)
(0.0003168 -0.00169627 5.50365e-22)
(0.000115032 -0.00187533 7.1644e-22)
(3.78163e-05 -0.00146586 9.39679e-22)
(8.23587e-06 -0.00079122 -3.338e-22)
(9.77957e-06 -5.50452e-05 -2.20475e-23)
(0.00120546 0.000277318 -5.60813e-22)
(0.000378426 0.000104433 0)
(8.37095e-05 0.000273314 5.14328e-22)
(6.4871e-05 0.000678694 0)
(1.68367e-05 0.000614528 0)
(6.2276e-06 0.000211531 0)
(0.000718721 -0.000234865 6.27186e-22)
(0.000209888 -0.000524544 -5.69271e-22)
(0.000168866 -0.00128772 -5.60028e-22)
(5.82734e-05 -0.00130854 -4.18078e-22)
(2.38481e-05 -0.00087214 -4.34759e-22)
(1.31875e-05 -0.000279336 1.31222e-23)
(0.00168602 0.00014566 0)
(0.000961263 0.000159189 1.40554e-22)
(0.000249782 5.15536e-05 0)
(3.23401e-05 0.000167286 1.98727e-27)
(2.19698e-05 0.000385237 0)
(8.67181e-06 0.000196662 -8.98034e-23)
(0.00183424 -2.67085e-05 0)
(0.00156421 -0.000258268 -5.66059e-22)
(0.000522194 -0.000131926 -1.5799e-22)
(9.94293e-05 -0.000360126 2.91849e-22)
(7.56696e-05 -0.000877461 -4.14964e-22)
(2.45369e-05 -0.000750072 -1.31464e-22)
(1.2293e-05 -0.000280631 9.15686e-23)
(0.0013535 8.23608e-05 -1.88764e-23)
(0.000715526 8.24791e-05 -2.10202e-22)
(0.000149285 2.00357e-05 0)
(6.31742e-06 8.3014e-05 -1.0821e-22)
(5.51714e-06 0.000112644 9.05926e-23)
(0.00147073 -1.80438e-05 2.09892e-24)
(0.00124729 -0.000151885 6.35707e-22)
(0.000352539 -6.60387e-05 -4.7232e-27)
(3.77789e-05 -0.000221166 1.34933e-25)
(2.46166e-05 -0.000490538 -2.65275e-22)
(9.49862e-06 -0.000226847 8.36337e-23)
(0.0010178 4.25606e-05 1.4857e-22)
(0.000483183 3.63798e-05 1.02542e-22)
(7.34206e-05 3.8586e-06 -1.26143e-22)
(-1.22141e-06 1.91398e-05 2.30053e-23)
(0.0011059 -1.07261e-05 2.0944e-24)
(0.000931285 -8.12816e-05 -1.40607e-22)
(0.000215851 -2.6138e-05 4.54169e-22)
(7.22523e-06 -0.000110375 -2.1277e-22)
(6.01142e-06 -0.000139093 3.40378e-26)
(0.000696141 1.89758e-05 0)
(0.000271394 1.19832e-05 1.13807e-22)
(1.73682e-05 -1.10292e-06 7.96668e-23)
(0.000756912 -5.78901e-06 0)
(0.000631546 -3.70996e-05 -2.057e-22)
(0.000108928 -5.34271e-06 3.95909e-22)
(-1.46383e-06 -2.55814e-05 4.39588e-23)
(0.000398341 6.50686e-06 -9.70975e-25)
(8.26843e-05 2.82896e-06 -1.43009e-22)
(0.00043364 -2.79694e-06 9.69712e-25)
(0.000356548 -1.29661e-05 -1.14033e-22)
(2.67358e-05 1.18711e-06 1.12934e-22)
(0.000128977 1.65489e-06 4.33798e-23)
(0.000140687 -1.2332e-06 0)
(0.000109504 -3.58847e-06 -1.09967e-23)
(-0.142805 0.304015 2.22384e-21)
(-0.0269628 0.258916 5.09922e-22)
(-0.0419225 0.128296 0)
(-0.0753956 0.189539 2.78623e-21)
(-0.0629118 0.19421 -2.94436e-21)
(-0.073022 0.268242 0)
(-0.0373497 0.311078 0)
(-0.0980452 0.353175 -1.02569e-21)
(-0.0849303 0.314173 0)
(-0.038841 0.266567 -1.88531e-21)
(0.152159 0.126701 4.23773e-21)
(-0.0955074 0.278837 0)
(-0.0338099 0.0636954 -3.65697e-22)
(-0.0560702 0.10525 0)
(-0.0162072 0.0192656 -3.81809e-21)
(-0.0385986 0.0469828 3.90722e-21)
(-0.0831657 0.121715 -2.27027e-21)
(-0.114795 0.159415 0)
(-0.0954014 0.203483 0)
(-0.119101 0.24024 6.18362e-22)
(-0.10878 0.295516 0)
(-0.0974965 0.289536 1.95869e-21)
(-0.0152742 0.19448 2.36968e-21)
(0.0946772 0.155501 -5.71835e-21)
(0.302808 0.0912268 1.1234e-21)
(-0.149953 0.235269 -5.90024e-22)
(-0.140543 0.252469 0)
(-0.0215697 0.0120701 -3.15874e-21)
(-0.0491873 0.028652 8.65326e-22)
(-0.0607813 0.052156 7.20345e-22)
(-0.0913818 0.081873 2.30837e-21)
(-0.121538 0.0806729 -4.44499e-21)
(-0.167505 0.115469 -3.93327e-21)
(-0.159415 0.156947 -3.00645e-21)
(-0.184491 0.185495 5.63124e-21)
(-0.130934 0.208746 -1.64175e-21)
(-0.0600026 0.184083 -1.71406e-21)
(0.0433093 0.128478 0)
(0.387488 0.0504159 -5.74685e-21)
(0.190368 0.106437 0)
(0.423925 0.0298139 0)
(0.243699 0.0593234 4.83685e-21)
(-0.20681 0.172881 0)
(-0.178848 0.179871 0)
(-0.010847 -0.277365 6.03709e-21)
(-0.146114 -0.33037 0)
(0.386544 -0.0835116 0)
(0.436603 0.0148338 -1.97023e-22)
(0.273597 0.0341754 0)
(0.269521 -0.0944412 0)
(0.45653 -0.0376443 1.1832e-21)
(0.458429 0.00179157 3.69632e-21)
(0.29658 0.00855288 0)
(0.320022 -0.0442478 0)
(0.473855 -0.0152629 0)
(0.325096 -0.0149193 -3.75314e-21)
(-0.0639559 0.0225517 1.14952e-21)
(-0.0974188 0.0360227 -1.44531e-21)
(-0.120521 0.0485927 4.75467e-21)
(-0.173508 0.0548068 0)
(-0.202303 0.0851152 0)
(-0.231692 0.0954737 -3.1048e-21)
(-0.249597 0.120086 -2.36308e-21)
(-0.152318 0.139204 0)
(0.0674797 0.0804192 3.34717e-21)
(-0.0352851 0.118036 0)
(0.151949 0.043566 0)
(0.00479678 0.0682078 -3.61973e-21)
(-0.267033 0.106391 7.84726e-21)
(-0.228673 0.113315 -2.31886e-21)
(-0.0112092 -0.264237 -3.40716e-21)
(0.172354 -0.13773 7.67052e-21)
(0.147214 -0.156983 -6.00212e-21)
(-0.114827 -0.387007 1.70474e-21)
(-0.0771425 -0.329038 -3.71048e-21)
(-0.0361737 -0.360387 2.43751e-22)
(0.0477275 -0.183755 -6.36435e-21)
(0.051136 -0.153934 2.08615e-21)
(0.149731 -0.110152 3.22715e-21)
(0.134004 0.0100574 0)
(0.02589 0.038128 0)
(0.0865155 -0.0943345 -3.55657e-21)
(0.189492 -0.0572682 0)
(0.101098 -0.0463002 -3.31618e-21)
(0.200539 -0.0211011 3.02412e-21)
(0.0615372 -0.00977485 4.60933e-21)
(-0.0973006 0.0161603 1.65291e-21)
(-0.141108 0.0248625 0)
(-0.16821 0.034327 0)
(-0.213582 0.040108 3.2834e-21)
(-0.245119 0.058838 0)
(-0.274295 0.0598916 8.2624e-21)
(-0.294493 0.0759784 -7.06126e-21)
(-0.108257 0.0542714 0)
(-0.132025 0.0690209 -5.67658e-21)
(-0.222718 0.0874097 1.15629e-20)
(-0.195121 0.0400588 0)
(-0.292502 0.0752983 -7.47357e-21)
(-0.306172 0.0691416 -3.98623e-21)
(-0.0856962 -0.315049 0)
(-0.0705383 -0.248577 7.72744e-21)
(-0.0719272 -0.243756 0)
(-0.063932 -0.32305 -5.27585e-22)
(-0.0899584 -0.326036 4.14361e-22)
(-0.102161 -0.242421 -7.93624e-21)
(-0.060338 -0.188507 -7.29073e-21)
(-0.0903594 -0.162641 9.69494e-21)
(-0.0371752 -0.116158 2.98966e-21)
(-0.103641 -0.0834656 -3.91714e-21)
(-0.0500297 -0.0527866 0)
(-0.0772189 -0.017873 -3.18618e-21)
(-0.172125 0.0108968 0)
(-0.123471 0.0131842 0)
(-0.16778 0.0198124 -1.28101e-21)
(-0.198094 0.0256513 -5.01979e-21)
(-0.23252 0.0320192 4.30489e-21)
(-0.261246 0.0426993 -1.53211e-21)
(-0.279707 0.0448652 -1.96661e-21)
(-0.307512 0.056795 6.22748e-21)
(-0.277592 0.0468823 -6.94643e-21)
(-0.30105 0.0619536 8.46946e-21)
(-0.264018 0.0155267 0)
(-0.298747 0.0397606 -1.19023e-21)
(-0.321167 0.0618842 0)
(-0.314361 0.0565671 0)
(-0.0467887 -0.174297 -1.23693e-20)
(-0.0894345 -0.248999 4.26681e-21)
(-0.10988 -0.258996 5.15499e-21)
(-0.121751 -0.288646 -7.1046e-22)
(-0.137726 -0.259309 6.5544e-22)
(-0.172232 -0.210031 -7.46635e-21)
(-0.174967 -0.170587 0)
(-0.195617 -0.112958 -9.32941e-21)
(-0.281277 0.0178952 -4.39168e-21)
(-0.237521 -0.0819603 6.78736e-21)
(-0.273983 -0.0184048 2.80128e-21)
(-0.135494 0.0115885 4.51752e-21)
(-0.294669 0.0530496 2.69733e-21)
(-0.173485 0.017924 -3.22747e-21)
(-0.198936 0.0232821 -2.79434e-21)
(-0.226295 0.0312887 -6.05195e-21)
(-0.261507 0.0397398 1.35422e-21)
(-0.270898 0.0439443 -3.43183e-21)
(-0.294278 0.0460242 -2.6992e-21)
(-0.318238 0.0607725 6.72778e-22)
(-0.313226 0.051555 1.23265e-21)
(-0.274839 0.0591651 4.81691e-21)
(-0.291152 0.0568449 1.99652e-21)
(-0.301957 0.0645253 -1.27921e-21)
(-0.29412 0.061149 -1.91856e-21)
(-0.242414 0.0645942 -6.67711e-21)
(-0.0389574 -0.105086 0)
(-0.0625013 -0.165991 8.27743e-21)
(-0.183073 0.0661272 0)
(-0.221453 0.0555658 4.37741e-21)
(-0.120778 0.0615408 8.4773e-21)
(-0.146577 0.0581729 -5.59777e-21)
(-0.0860444 -0.18145 0)
(-0.125147 -0.221315 -4.90037e-21)
(-0.162279 -0.198662 1.5002e-20)
(-0.21943 0.0286148 -5.83721e-21)
(-0.245524 0.00874576 4.6204e-21)
(-0.179571 -0.157312 -1.06991e-20)
(-0.23049 -0.0769408 1.13788e-22)
(-0.222385 -0.0475247 -9.42586e-21)
(-0.135738 0.0117714 0)
(-0.266246 0.0528005 0)
(-0.245172 0.0395977 2.5967e-22)
(-0.250756 0.0463454 -3.54415e-22)
(-0.169208 0.0200998 -5.02247e-21)
(-0.197278 0.0263328 5.3414e-21)
(-0.215701 0.0314426 4.634e-21)
(-0.28484 0.0701726 1.83082e-21)
(-0.276874 0.0697531 -4.16907e-22)
(-0.24739 0.0774339 3.63316e-21)
(-0.228234 0.0764838 1.32583e-21)
(-0.259229 0.0572891 -5.47572e-21)
(-0.264837 0.0719026 1.99898e-23)
(-0.271602 0.063871 4.67546e-21)
(-0.201417 0.082118 2.29948e-21)
(-0.176506 0.0804318 -7.50234e-21)
(-0.119858 0.0731992 2.8829e-21)
(-0.145064 0.0806271 2.3815e-21)
(-0.0957098 0.0709197 -3.36804e-21)
(-0.0575658 0.0524467 0)
(-0.0759412 0.0589826 2.79832e-21)
(-0.0918714 0.0547551 -2.40034e-22)
(-0.0834281 0.0470405 0)
(-0.0249326 -0.0547226 -4.19627e-21)
(-0.0490763 -0.0950172 4.10557e-21)
(-0.0595069 -0.102593 2.88711e-21)
(-0.0951233 -0.138299 0)
(-0.107708 0.0317549 1.0204e-20)
(-0.141142 0.0342306 0)
(-0.168901 0.0188898 5.66236e-21)
(-0.121308 -0.116504 1.30633e-22)
(-0.152644 -0.0268255 1.53358e-21)
(-0.151436 -0.124331 -4.2194e-21)
(-0.179981 -0.0561372 8.46574e-21)
(-0.0139534 -0.0251677 -4.96204e-22)
(-0.0255738 -0.0430872 0)
(-0.126003 0.0107819 0)
(-0.0850571 0.00384018 -5.1455e-22)
(-0.102855 0.00502799 5.18696e-22)
(-0.223807 0.0441783 -3.00818e-21)
(-0.234485 0.0542649 2.64529e-21)
(-0.150076 0.0166045 0)
(-0.184907 0.0256345 -2.45617e-21)
(-0.201144 0.0351562 2.95873e-21)
(-0.199209 0.086436 1.24116e-21)
(-0.239284 0.0767426 -2.01769e-21)
(-0.232767 0.0817435 -2.56042e-21)
(-0.218733 0.060222 -3.409e-21)
(-0.219075 0.0716472 6.75997e-22)
(-0.176344 0.0843057 0)
(-0.148088 0.0843906 0)
(-0.134587 0.0828163 0)
(-0.107081 0.0793851 -2.97558e-21)
(-0.0874889 0.0727906 -1.67582e-21)
(-0.0674392 0.0661626 3.98958e-21)
(-0.0505257 0.0542453 0)
(-0.00780856 0.0145317 0)
(-0.00500051 0.00961367 -6.67879e-22)
(-0.0142651 0.0259849 3.59747e-21)
(-0.0228615 0.0350546 -3.1536e-21)
(-0.0363452 0.0471483 0)
(-0.0258688 0.03291 -5.85684e-21)
(-0.0393751 0.0403161 3.75503e-23)
(-0.0107529 0.0154364 0)
(-0.0146982 0.0201798 -4.59986e-21)
(-0.00493265 0.005873 0)
(-0.0416706 0.0354754 1.35516e-23)
(-0.059748 0.0401248 2.05769e-23)
(-0.0589279 0.0304376 3.55591e-21)
(-0.092481 0.0259539 -4.32545e-21)
(-0.0363815 -0.0479477 8.81291e-21)
(-0.0604584 -0.0669841 -1.85481e-20)
(-0.088205 -0.0672184 3.9511e-21)
(-0.0877757 0.00901592 -2.28004e-21)
(-0.0966006 -0.037968 8.37686e-21)
(-0.117178 -0.0226118 -5.88531e-21)
(-0.00690017 -0.00708606 0)
(-0.0130819 -0.0154609 0)
(-0.0161976 -0.0167656 -3.64655e-21)
(-0.0323235 -0.0283304 -5.33373e-21)
(-0.00421483 0.00680784 5.65156e-22)
(-0.117803 0.0104127 1.25357e-21)
(-0.0697794 0.00082435 0)
(-0.0874993 0.00282397 -1.09677e-21)
(-0.146699 0.0292966 1.49045e-21)
(-0.173555 0.037535 -4.4578e-21)
(-0.189331 0.0550489 -8.10664e-23)
(-0.162316 0.0678502 4.04891e-21)
(-0.181566 0.0761268 -4.75263e-21)
(-0.169063 0.0815081 3.23332e-21)
(-0.0990766 0.0791468 -3.93072e-21)
(-0.128483 0.0781585 6.07468e-23)
(-0.125918 0.0828418 1.11158e-21)
(-0.0371325 0.0531467 4.04607e-21)
(-0.0566224 0.0645362 -4.42167e-23)
(-0.0786214 0.071814 1.95872e-21)
(-0.0111595 0.0273612 1.76765e-21)
(-0.027357 0.0448947 -2.14115e-21)
(-0.00631042 0.0177609 -1.5888e-21)
(-0.0165703 0.0185407 5.23523e-21)
(-0.026208 0.0239916 0)
(-0.005041 0.00498548 4.11264e-21)
(-0.00739836 0.007508 -7.26838e-21)
(-0.00222772 0.000334626 0)
(-0.00222404 0.000331502 0)
(-0.00450594 -0.00215492 -1.1554e-21)
(-0.0267827 0.0194266 5.2423e-21)
(-0.0413391 0.0217627 -1.58194e-23)
(-0.0412691 0.0142472 -1.0782e-20)
(-0.0632518 0.00757527 1.0884e-20)
(-0.0389593 -0.017936 3.80771e-21)
(-0.0543286 -0.0178047 -3.09013e-21)
(-0.0479363 -0.00261629 -3.8081e-21)
(-0.00654795 -0.0030662 7.17178e-22)
(-0.0130977 -0.00712765 2.03319e-21)
(-0.0214456 -0.00661991 1.40881e-21)
(-0.00507094 0.0134531 -3.05322e-21)
(-0.0292688 0.0495637 0)
(-0.0616473 0.0639655 0)
(-0.0931571 0.0360271 3.94697e-21)
(-0.108841 0.0553776 -2.76841e-21)
(-0.101075 0.0672075 0)
(-0.0222631 0.00259982 3.06211e-23)
(-0.0626342 0.0148131 0)
(-0.010026 0.0309591 -1.03653e-22)
(-0.000829229 0.00176164 -6.08664e-22)
(-0.000217481 0.00204887 2.99376e-21)
(-0.00929528 0.00687246 7.49977e-21)
(-0.0147097 0.0105717 0)
(-0.00154225 -0.000792465 -3.39873e-21)
(-0.00344562 0.000626267 -1.07878e-20)
(-0.000489361 -0.00230161 5.95606e-21)
(-0.00139592 0.00147405 4.21849e-22)
(-0.00538012 -0.000676496 0)
(-0.0159001 0.00597543 0)
(-0.0257751 0.00784398 0)
(-0.0282723 0.000492429 0)
(-0.00745362 -0.000584909 4.81293e-21)
(-0.0162942 -0.00291934 -4.11252e-21)
(-0.0185754 0.000574257 0)
(-0.00132115 0.00993906 0)
(-0.00040982 0.00166612 2.7225e-21)
(0.000580172 0.00166838 -6.82893e-21)
(0.00065186 0.00195464 1.18869e-20)
(0.0006355 0.00178194 -7.18398e-21)
(0.000874921 0.00122659 -2.33877e-21)
(0.000468793 0.000635634 0)
(-0.00314238 -8.88306e-05 3.51874e-21)
(-0.00669411 0.00129194 0)
(0.000156543 -0.00293463 0)
(-0.00022339 -0.00243945 0)
(0.000225396 -0.0030225 -1.29477e-21)
(-0.000778023 0.00109908 2.23582e-21)
(-0.00308814 0.000834675 0)
(-0.00238807 0.000434776 6.76851e-21)
(-0.00463282 0.000682403 1.79024e-21)
(-0.00598589 0.00148011 -6.75079e-21)
(0.00116036 0.00146335 0)
(0.000773532 0.00130193 5.27914e-21)
(0.00124127 0.00107038 8.56216e-21)
(0.00149014 0.00125016 -9.71163e-21)
(0.000673659 0.000345584 -1.74315e-22)
(0.00121944 0.000655736 7.2328e-21)
(0.000782129 -0.00231934 1.45299e-21)
(0.000204437 -0.00132588 -1.08956e-21)
(0.000750328 -0.00229656 -8.36624e-21)
(0.000954181 -0.0026861 1.14318e-20)
(0.00119872 -0.00254158 0)
(0.00133517 0.000953252 -5.358e-21)
(0.000533761 0.000832199 -7.84286e-21)
(0.00172023 -5.60688e-06 1.1628e-20)
(0.00158777 -0.00102095 0)
(0.00107277 -0.00147855 0)
(0.000583661 -0.000820097 4.46027e-21)
(0.00197107 0.000841818 3.35733e-21)
(0.00209812 0.000794877 -5.95497e-21)
(0.00144453 0.000458183 -1.30425e-22)
(0.00190986 0.00059748 1.78981e-24)
(0.00158026 -0.00134378 0)
(0.00194999 -0.00163247 1.9505e-21)
(0.00220288 -0.00110395 -1.68504e-21)
(0.00255756 0.00027159 -4.16508e-24)
(0.00246086 -0.000551079 7.99863e-22)
(0.00247628 -0.000120488 6.32241e-21)
(0.000882617 -0.00039164 -5.91228e-21)
(0.00160533 -0.000761245 0)
(0.00201973 0.000251023 -8.83114e-21)
(0.00245043 0.000199228 4.21039e-21)
(0.00220587 -3.67619e-05 4.4837e-21)
(0.00189759 -0.000437604 0)
(0.00231386 -0.000458548 -4.91229e-21)
)
;

boundaryField
{
    movingWall
    {
        type            fixedValue;
        value           uniform (1 0 0);
    }
    fixedWalls
    {
        type            noSlip;
    }
    frontAndBack
    {
        type            empty;
    }
    defaultFaces
    {
        type            empty;
    }
}


// ************************************************************************* //
