/*--------------------------------*- C++ -*----------------------------------*\
  =========                 |
  \\      /  F ield         | OpenFOAM: The Open Source CFD Toolbox
   \\    /   O peration     | Website:  https://openfoam.org
    \\  /    A nd           | Version:  8
     \\/     M anipulation  |
\*---------------------------------------------------------------------------*/
FoamFile
{
    version     2.0;
    format      ascii;
    class       volScalarField;
    location    "9000";
    object      nut;
}
// * * * * * * * * * * * * * * * * * * * * * * * * * * * * * * * * * * * * * //

dimensions      [0 2 -1 0 0 0 0];

internalField   nonuniform List<scalar> 
4109
(
0.000666615
0.000661476
0.000658827
0.0006663
0.000669025
0.000677405
0.000672446
0.000677786
0.000675051
0.000657132
0.000666938
0.000678544
0.000668886
0.000671418
0.000676645
0.000677635
0.000665959
0.000673716
0.000679224
0.000675739
0.000660143
0.000678637
0.000673985
0.000678073
0.000673687
0.000668228
0.000656518
0.000672592
0.000677795
0.000681378
0.000677352
0.000677057
0.000665112
0.00067127
0.0006774
0.000682465
0.000673909
0.000667057
0.000667032
0.000670472
0.000667503
0.000662947
0.000674012
0.000681482
0.000678131
0.00148606
0.000802345
0.000677802
0.000677455
0.000661437
0.000673115
0.000677466
0.000676971
0.000672723
0.000675691
0.000661477
0.000661583
0.000678051
0.000676404
0.0006694
0.000675355
0.00196416
0.000684655
0.000680091
0.000679297
0.000695065
0.0012347
0.000678704
0.000673479
0.0006598
0.000671613
0.000678935
0.000689437
0.000677355
0.000679782
0.000673497
0.000670678
0.000667082
0.000648705
0.000674913
0.000679422
0.000679847
0.000675748
0.0006687
0.000728748
0.000739174
0.00152763
0.0019301
0.00194802
0.000684498
0.000685495
0.000680569
0.000680258
0.000680461
0.000655768
0.000945822
0.000676847
0.000660902
0.00069215
0.000686003
0.000682332
0.000686538
0.000692451
0.000684845
0.000673052
0.000676265
0.000674479
0.000665126
0.000657026
0.000678696
0.000653276
0.000680781
0.000680665
0.000677043
0.000670731
0.00209725
0.000825522
0.00098984
0.00126711
0.00197038
0.00201029
0.000670051
0.000687796
0.000689215
0.000682885
0.000682035
0.000681575
0.000677099
0.000939142
0.000634931
0.000665077
0.000692982
0.000689521
0.000694141
0.000692902
0.000681225
0.000689443
0.00067654
0.000673729
0.000673017
0.00065986
0.000677657
0.000681656
0.000681499
0.00068212
0.000678208
0.000671095
0.00175684
0.00102459
0.00194682
0.00131329
0.00201114
0.000803382
0.000690524
0.000688853
0.000683248
0.000682935
0.00068298
0.000681125
0.000664763
0.000819249
0.000642414
0.000694228
0.000690487
0.000696296
0.000694303
0.000695497
0.000696317
0.000680837
0.00067923
0.00067696
0.000670977
0.000655577
0.00068002
0.000674672
0.000683536
0.000683207
0.000678966
0.000673514
0.0011891
0.00227606
0.00121566
0.00194047
0.00199552
0.000751485
0.000685815
0.000686142
0.000684843
0.000682641
0.000684504
0.00066844
0.000861087
0.000646998
0.000688896
0.000689207
0.000697155
0.000692024
0.000697555
0.000700321
0.000691743
0.000685022
0.000679221
0.000676858
0.000673316
0.000662575
0.000682553
0.000676044
0.000684286
0.000684251
0.000681519
0.000673594
0.00116452
0.00214418
0.00198167
0.00117314
0.00202818
0.000747341
0.000685985
0.00068805
0.000685588
0.000671734
0.000857706
0.000638925
0.000689096
0.00069111
0.000692439
0.000692302
0.000695298
0.000700714
0.000698417
0.000702046
0.00068664
0.000682464
0.000679875
0.000674948
0.000659732
0.000685244
0.000672563
0.000685582
0.000685894
0.000682369
0.000683524
0.000676451
0.00109743
0.00216635
0.00120683
0.00196798
0.00201431
0.000729838
0.000688587
0.000688756
0.000679208
0.000857655
0.000657376
0.000692168
0.00069162
0.000694056
0.000695804
0.000695598
0.000695854
0.000701318
0.00070361
0.000696693
0.000693041
0.000682288
0.000678424
0.00066624
0.000683502
0.000688396
0.000674383
0.000687143
0.000685072
0.00067634
0.000685538
0.00218324
0.00104697
0.00198901
0.00118779
0.00203999
0.000724242
0.000782843
0.00067455
0.000681422
0.000851264
0.000659346
0.000692712
0.00068986
0.00069459
0.000698599
0.000699195
0.00069712
0.000698764
0.000704659
0.000703081
0.000707616
0.000698337
0.000692275
0.000662494
0.000680372
0.000675033
0.00068496
0.000685326
0.000692613
0.000674001
0.000690215
0.000679519
0.000687189
0.00101596
0.00217117
0.00196081
0.00114727
0.0020151
0.000713294
0.000754227
0.000791965
0.000796536
0.000776138
0.000781047
0.000789428
0.000934132
0.000660485
0.000632041
0.000675286
0.000662225
0.000688258
0.000694413
0.000701225
0.000696716
0.000699048
0.000710218
0.000699522
0.000705478
0.000710252
0.000707384
0.000699009
0.000706458
0.000701032
0.000673298
0.000677395
0.000686292
0.000688453
0.000679286
0.0006947
0.000677233
0.000691019
0.000689165
0.000986218
0.00223343
0.00196221
0.000704571
0.000781649
0.000845627
0.000776562
0.000788894
0.000787184
0.000805403
0.000707786
0.000723056
0.000731182
0.000762507
0.000766352
0.000739405
0.000774973
0.000783626
0.00147099
0.00061626
0.000602388
0.000642289
0.000694465
0.000712885
0.000697951
0.000699962
0.000702224
0.000700739
0.000709239
0.000702444
0.000709218
0.000715881
0.00071441
0.000708488
0.000719718
0.000730565
0.000729091
0.000666377
0.000682994
0.000689834
0.000688671
0.000682666
0.000690363
0.000696158
0.000674251
0.000694434
0.000954663
0.00236987
0.000812917
0.000817778
0.000783554
0.000782797
0.000801207
0.000722358
0.000710015
0.000739573
0.00072885
0.00073474
0.000743961
0.000750938
0.00078008
0.000773021
0.000771031
0.00251381
0.00108283
0.000550074
0.000617123
0.000685149
0.000713753
0.000713381
0.000700484
0.00070415
0.000700361
0.000702779
0.00070872
0.000703469
0.000718359
0.000718383
0.000723985
0.000723503
0.000728303
0.000726314
0.00067846
0.000685221
0.000693821
0.000693995
0.000691274
0.000682441
0.000692461
0.000696406
0.000699831
0.000700012
0.000676466
0.000981818
0.000792404
0.000845205
0.000813598
0.000783767
0.000789003
0.000800714
0.000729181
0.000719264
0.000725845
0.00073684
0.000740067
0.000740451
0.000729982
0.000732529
0.000734725
0.000755152
0.000775065
0.000770398
0.000767088
0.00240633
0.00188748
0.000629186
0.000630138
0.000682807
0.000713236
0.00071153
0.000699839
0.000703768
0.000705576
0.000704536
0.000706444
0.000716621
0.000717352
0.00072241
0.000722517
0.000722847
0.000726498
0.000672547
0.000695167
0.000691413
0.000696601
0.000697502
0.000685975
0.000685734
0.000693737
0.000697294
0.000689701
0.00150552
0.00177874
0.000703748
0.000651922
0.000816201
0.0008158
0.000834058
0.000843411
0.000818474
0.000779392
0.000787528
0.000804595
0.000732341
0.000729804
0.000734656
0.00074018
0.000749291
0.000738791
0.000754095
0.000735516
0.0007412
0.000764273
0.000759209
0.000770821
0.000774489
0.00278699
0.00217938
0.00237012
0.000591585
0.000604193
0.000676032
0.000707724
0.000710786
0.000703379
0.000708575
0.000705659
0.000706809
0.000712341
0.000715506
0.000717361
0.000720665
0.000723511
0.000728441
0.000729592
0.000686519
0.000689663
0.000704264
0.000697061
0.000696095
0.000696619
0.000699743
0.000705148
0.000689766
0.00069292
0.000650514
0.000609089
0.000833277
0.000811154
0.000822821
0.000772177
0.000753121
0.000853262
0.000810039
0.000783689
0.000786126
0.000799478
0.000735317
0.000733734
0.000732547
0.000762816
0.00074474
0.000749484
0.000739535
0.000741817
0.000760119
0.000755395
0.000767055
0.000773012
0.000721518
0.00284958
0.00248785
0.00250266
0.000636301
0.000600386
0.000674831
0.000708724
0.000711171
0.000707928
0.000700745
0.00070974
0.000713253
0.000715882
0.000718168
0.000720999
0.000724378
0.000726665
0.000730681
0.000732652
0.000677461
0.000699524
0.000701348
0.00070218
0.000701214
0.000703283
0.000702603
0.000701552
0.000690972
0.000698243
0.000698541
0.000682298
0.000833755
0.000762114
0.000775929
0.000825512
0.000768338
0.000858778
0.000806156
0.000785537
0.000791953
0.000800142
0.000808147
0.000738785
0.000736166
0.000736588
0.000732745
0.000742884
0.000752132
0.000748784
0.000759373
0.000764204
0.00077204
0.000772974
0.000699664
0.00290538
0.00258032
0.00264783
0.000610685
0.000589507
0.000668023
0.000714166
0.000709995
0.000712522
0.000707609
0.000714458
0.000718745
0.000723483
0.000719201
0.000724656
0.000729711
0.000729242
0.000734195
0.000737179
0.000690588
0.0006943
0.000709379
0.000707811
0.000704253
0.000705805
0.000709927
0.000693733
0.000695739
0.000699236
0.000655086
0.00082534
0.000807001
0.000754352
0.000745641
0.000768304
0.000808853
0.000760515
0.000818821
0.00084857
0.000783231
0.000794061
0.00079613
0.000809212
0.000741998
0.000737883
0.000739101
0.00073897
0.000738732
0.00074731
0.000747499
0.000745284
0.000756144
0.000765072
0.000775426
0.00077977
0.000796892
0.00293707
0.0027721
0.00267166
0.000640366
0.00058164
0.000682366
0.00071571
0.000712705
0.000705244
0.000715773
0.000719126
0.000722539
0.000720526
0.000726677
0.000731712
0.000734372
0.000735657
0.000738368
0.000685476
0.000706243
0.00070806
0.000694951
0.000708173
0.000706523
0.000708097
0.000704475
0.000699423
0.00070036
0.000650119
0.000845329
0.000821365
0.000823159
0.000792267
0.000736472
0.000737744
0.000751785
0.000773107
0.000801711
0.000773511
0.000735647
0.000829516
0.00083731
0.000849638
0.000782745
0.000796472
0.000798009
0.000798372
0.000743636
0.000740385
0.000737115
0.000738384
0.000747728
0.000753438
0.000746811
0.000783374
0.000761238
0.000761567
0.000773242
0.000720934
0.00298102
0.00287797
0.00282519
0.000682834
0.000615418
0.000594923
0.000721138
0.000712264
0.00072262
0.000718705
0.000725864
0.000726004
0.000723094
0.000732462
0.000734354
0.000735741
0.000700274
0.000704206
0.00071307
0.000697667
0.000700476
0.000712301
0.000707509
0.000709267
0.000715088
0.000700203
0.000645328
0.000694303
0.000705103
0.00082477
0.000810524
0.000811036
0.00078288
0.000733993
0.00075163
0.000771076
0.000765716
0.000792585
0.000723135
0.00072049
0.000719677
0.000711725
0.000703351
0.000833502
0.00081418
0.000830032
0.000815876
0.000786427
0.000785195
0.000787096
0.000784132
0.0007456
0.000741333
0.000743366
0.000755038
0.00075122
0.000749794
0.00074309
0.000772467
0.000772577
0.00076588
0.000769388
0.000861907
0.00308071
0.00301794
0.00266112
0.000601648
0.00059163
0.000716396
0.000668582
0.000733368
0.000721325
0.000730998
0.000734059
0.000737598
0.000699793
0.000716519
0.000699384
0.000702584
0.000708991
0.000713351
0.000710726
0.000712196
0.000647433
0.000700361
0.000704605
0.000705744
0.000704582
0.000810358
0.000803001
0.000801587
0.000773699
0.000731446
0.000758601
0.000788226
0.000758369
0.000739198
0.000722786
0.000722326
0.000714225
0.000711871
0.000701136
0.000712633
0.000819153
0.000851431
0.000813152
0.000820597
0.000772633
0.000775945
0.000779164
0.000764174
0.000744145
0.000743613
0.00075278
0.000747537
0.000753147
0.000748821
0.000747916
0.000773077
0.000774199
0.000764009
0.00060066
0.00301794
0.00303533
0.00271889
0.000583553
0.000579238
0.000739763
0.00103269
0.000729065
0.000734093
0.000737347
0.000726354
0.000701943
0.000705363
0.000719139
0.000713343
0.000717107
0.000710644
0.000668299
0.000709528
0.000715242
0.000722547
0.000798206
0.000800707
0.000795473
0.000791689
0.000765053
0.00076085
0.000779182
0.000751578
0.000743675
0.000753169
0.000736905
0.000726932
0.000734466
0.000729807
0.00072856
0.000729323
0.0007805
0.00080262
0.000785539
0.000810352
0.000764549
0.00076335
0.000772526
0.000767059
0.000786337
0.0007447
0.000759009
0.000754338
0.000753461
0.0007514
0.000747544
0.000761087
0.000763733
0.000762832
0.000651987
0.00316594
0.00311466
0.0030879
0.000521605
0.000730962
0.000624436
0.000737282
0.000739583
0.000704122
0.000706802
0.000713763
0.000716704
0.000718305
0.000715131
0.00068147
0.000709606
0.000731107
0.000706683
0.000796965
0.000794569
0.000788689
0.000778046
0.000756886
0.000774881
0.000746095
0.000767532
0.000764999
0.00075651
0.000736836
0.00074097
0.000751557
0.000743503
0.000747355
0.000811957
0.000786015
0.000803335
0.000757013
0.000755443
0.000762665
0.000778093
0.000778296
0.000754646
0.000751564
0.000747878
0.000756304
0.000753959
0.000752845
0.000541457
0.00315385
0.00451614
0.000982882
0.000747228
0.000624715
0.000742957
0.000710469
0.000723583
0.000717952
0.000724021
0.000714951
0.000687656
0.000709299
0.000711613
0.000785508
0.000782357
0.000777861
0.000770986
0.000751427
0.000740671
0.000736378
0.000731843
0.000728246
0.000711949
0.000714869
0.000724374
0.000717777
0.00072109
0.000778716
0.000794244
0.000788784
0.00075298
0.000759068
0.000774433
0.000752274
0.000774514
0.000752667
0.000748302
0.000751739
0.000750803
0.000752074
0.000756222
0.00543103
0.00515278
0.00141616
0.000765408
0.00057366
0.000718993
0.000721464
0.000716406
0.000720208
0.000692831
0.000715807
0.000728339
0.00078169
0.000783999
0.000769992
0.000762461
0.000745371
0.000741587
0.000736439
0.000733801
0.000716941
0.000721389
0.000729071
0.000722717
0.0007273
0.000768414
0.000776975
0.000780054
0.000761135
0.000763823
0.000753084
0.000769159
0.000747992
0.000747101
0.000746549
0.000749368
0.0011269
0.000978944
0.00628704
0.00682728
0.00239366
0.00122812
0.000722932
0.00072001
0.000727587
0.000725524
0.000632106
0.000724663
0.0007265
0.000766125
0.000767332
0.000764502
0.000760206
0.000752361
0.000751606
0.000743994
0.000733394
0.000730727
0.000744563
0.000738681
0.000737047
0.000768885
0.000764093
0.000769744
0.000759115
0.000750436
0.000753619
0.000760966
0.000871433
0.000966738
0.00155499
0.00833669
0.0082404
0.00135784
0.00103477
0.00190884
0.000724319
0.000722461
0.000726678
0.00073482
0.000564303
0.000728245
0.000724396
0.000769563
0.000767398
0.000759356
0.000754433
0.000749872
0.000746371
0.000731887
0.00073398
0.000742773
0.000739921
0.00073696
0.000766272
0.000765846
0.000757014
0.0007548
0.000754961
0.000758227
0.000575873
0.000754596
0.000793228
0.00245504
0.00119629
0.00083637
0.00188704
0.00179731
0.000728773
0.000725082
0.00074943
0.000536031
0.000730771
0.000726196
0.000755612
0.000757067
0.000754632
0.000749544
0.000747144
0.000729115
0.000736722
0.000742528
0.000741542
0.000736524
0.000765151
0.000762563
0.000749424
0.000763755
0.000750748
0.000752232
0.000473346
0.000481713
0.000625467
0.000612709
0.000561997
0.00184243
0.000996415
0.000638746
0.00161923
0.0016681
0.000729448
0.000736961
0.000767748
0.000732451
0.000731865
0.00073143
0.000756102
0.000749953
0.000748684
0.000743727
0.000737026
0.000732883
0.000743406
0.000739525
0.000737736
0.000760135
0.000748737
0.000759778
0.000747323
0.000747854
0.000374432
0.000387199
0.000487786
0.000432054
0.00163639
0.0004068
0.00191223
0.00153345
0.000776438
0.00044735
0.00133288
0.00152397
0.000725591
0.000745449
0.000731101
0.000733567
0.000735273
0.000750786
0.000749786
0.00074919
0.000745044
0.000737947
0.000737596
0.000743944
0.000740858
0.000739961
0.000755116
0.000745846
0.000742823
0.00138677
0.000287855
0.000294472
0.000346592
0.000258404
0.00141384
0.000280431
0.00197268
0.00159882
0.00122109
0.000550746
0.000267537
0.00103027
0.00136446
0.000739045
0.000729003
0.000734996
0.000731147
0.000740004
0.000742342
0.000745444
0.000743543
0.00073634
0.000737015
0.000743286
0.000740251
0.000740389
0.00141058
0.00115373
0.000214166
0.000204416
0.000207646
0.000103106
0.00116626
0.000183714
0.00202848
0.0016469
0.00128534
0.000922175
0.000332114
0.000108733
0.000728024
0.00118288
0.00162018
0.00114866
0.000939196
0.000150822
0.00011998
8.13925e-05
7.25082e-06
0.000908415
0.000109498
0.00223965
0.00169707
0.00132349
0.000980244
0.000643973
0.000138632
8.72419e-06
0.000443213
0.000977919
0.00189985
0.00129667
0.000928277
0.000734217
9.26524e-05
4.46861e-05
4.63537e-06
0.000653176
5.75103e-05
0.00125563
0.00194713
0.00136946
0.00100913
0.000691619
0.000393
1.45485e-05
0.000197868
0.00257256
0.00147371
0.00102264
0.000727894
0.000534207
3.76551e-05
1.52175e-06
0.00040809
3.12042e-05
0.00113315
0.000963907
0.00160769
0.00105074
0.000712235
0.000426947
0.000178146
3.38014e-05
0.0042549
0.0019719
0.00111921
0.000798772
0.000539301
0.000341556
1.08619e-06
0.000186907
0.00141732
0.000947356
0.000716818
0.00124654
0.000746614
0.0004406
0.000196646
2.72833e-05
0.00438286
0.00366677
0.00146699
0.00082071
0.000600002
0.00035729
0.00016236
2.62926e-05
0.00183978
0.00121073
0.000772485
0.000507451
0.000886778
0.000465277
0.000204832
3.21065e-05
0.00546735
0.00366323
0.00300731
0.00104956
0.000579488
0.000414117
0.000181677
2.42784e-05
0.00217779
0.00146715
0.00100062
0.000604807
0.000331551
0.000550665
0.000218717
3.50757e-05
0.00451783
0.00470163
0.0029286
0.00234646
0.000710077
0.000394281
0.000229542
3.46991e-05
0.00236271
0.00172919
0.00112089
0.000785299
0.000441626
0.000188065
0.000260347
3.95369e-05
0.00400222
0.00376567
0.00389167
0.00221459
0.00173578
0.000415397
0.00024232
6.24894e-05
0.00238555
0.00187164
0.00131702
0.000808095
0.000560755
0.000285401
7.85091e-05
5.33403e-05
0.00381973
0.00336779
0.00301154
0.00309169
0.00156829
0.00119343
0.000209181
8.85798e-05
0.00222803
0.00189042
0.00142247
0.000947996
0.000533775
0.000326934
0.000130692
1.52301e-05
0.00377093
0.0032051
0.00270142
0.00225729
0.00233411
0.0010128
0.000647926
8.02287e-05
0.00186879
0.00177233
0.00143752
0.00102198
0.000626273
0.000301662
0.000124391
1.38366e-05
0.00394485
0.00316325
0.00257032
0.00204911
0.00154855
0.00164009
0.000552336
0.000141264
0.00142725
0.0014903
0.00135218
0.0010335
0.00067407
0.000354755
0.000117221
9.39179e-06
0.00437259
0.00329236
0.00253543
0.00195217
0.00143722
0.000928426
0.000960291
0.000214832
0.00109243
0.00121606
0.00113909
0.000975068
0.00068227
0.000381291
0.000139651
9.39169e-06
0.00524908
0.00364468
0.00262866
0.00192467
0.0013724
0.000889887
0.000449245
0.00025857
0.00125117
0.000913532
0.00100252
0.000821997
0.00064528
0.000386396
0.00015051
1.31748e-05
0.00408222
0.00451465
0.00291779
0.00198692
0.00135207
0.000852597
0.000435733
0.000143462
0.00220884
0.000961757
0.000746224
0.000784758
0.000543532
0.000366303
0.000152871
1.51714e-05
0.00401444
0.00330685
0.00368384
0.00220836
0.00138815
0.000838599
0.000418931
0.000125073
0.00202483
0.00191167
0.000713014
0.000585212
0.000558064
0.000307665
0.00014494
1.56566e-05
0.00253878
0.00337304
0.00253481
0.00281585
0.00155757
0.000851913
0.000410469
0.000120218
0.00194532
0.00168959
0.00157258
0.000503553
0.000427466
0.000324366
0.00012024
1.4246e-05
0.00192697
0.00189793
0.00260659
0.00181631
0.00196169
0.000992391
0.000409272
0.000115803
0.00187622
0.00161791
0.00135861
0.00121485
0.000328602
0.00027585
0.000123384
1.00567e-05
0.00169461
0.00150129
0.00133101
0.00179487
0.00120822
0.00115629
0.000520715
0.000111422
0.00181155
0.00156264
0.0012953
0.00103894
0.000861603
0.000186273
0.000125364
9.38439e-06
0.00141583
0.00136223
0.00114675
0.000864979
0.00105813
0.000697077
0.000393868
0.00016329
0.00191325
0.00186855
0.00150149
0.0012516
0.000984452
0.000736039
0.0005332
7.70937e-05
1.26004e-05
0.00139074
0.00115049
0.00106992
0.000853051
0.000508482
0.000478573
0.000304144
3.52848e-05
0.00137
0.00179333
0.001597
0.00119072
0.00095151
0.000692409
0.000457018
0.000249947
1.3957e-05
0.00161507
0.00115645
0.000928502
0.00082108
0.000606976
0.000267039
0.0001468
8.95022e-05
0.000566009
0.00120785
0.00119356
0.00165772
0.00131042
0.000896188
0.000669284
0.000426021
0.000213196
4.94568e-05
0.0014078
0.000941384
0.000731147
0.000605514
0.000410681
0.000137313
4.02178e-05
0.000408346
0.000501495
0.00116317
0.00101651
0.00098552
0.00150877
0.00100959
0.000624264
0.000411381
0.000196404
3.72597e-05
0.00063049
0.000940865
0.00116919
0.000736483
0.00054454
0.000409705
0.000252383
9.46075e-05
0.000280032
0.000399697
0.00099482
0.000819437
0.000762976
0.00134487
0.000710672
0.000380244
0.00018808
3.2126e-05
0.000523446
0.000815862
0.000914606
0.000536488
0.000361146
0.000227112
9.66603e-05
0.000183527
0.000308871
0.000814216
0.000623497
0.000537576
0.00116069
0.000430383
0.000171692
2.93567e-05
0.00041894
0.000677286
0.000659876
0.000343277
0.000183979
6.45682e-05
0.00010987
0.000231155
0.000627604
0.000434795
0.000321831
0.00095384
0.000189811
2.53525e-05
0.000317667
0.000528764
0.000413458
0.000163502
3.60945e-05
5.95545e-05
0.000163988
0.000441699
0.000258549
0.000132426
3.08778e-05
0.000220474
0.000376418
0.000190284
2.47263e-05
3.22526e-05
0.000101609
0.000263591
0.0001037
1.30153e-05
0.000130234
0.000226764
2.73935e-05
4.19046e-05
0.000105292
7.69047e-06
4.95951e-05
9.05229e-05
1.35765e-06
7.52658e-06
1.96934e-06
5.8567e-06
0.000739592
0.000739071
0.000740658
0.000740886
0.000741787
0.000740985
0.000741166
0.000742208
0.000740029
0.000738889
0.000740171
0.000740622
0.000741442
0.000741377
0.000742006
0.000744872
0.000758727
0.000764131
0.000768459
0.000778234
0.000782062
0.000743996
0.000747458
0.000741977
0.000743734
0.000742487
0.000740649
0.000742166
0.000743603
0.000741022
0.000794565
0.000798752
0.000740015
0.000740078
0.000740978
0.000741195
0.000742319
0.000742137
0.000745566
0.00074812
0.000751267
0.000753327
0.000756767
0.000764401
0.000771753
0.000775709
0.00078971
0.000793938
0.00081908
0.00082092
0.000750106
0.000753161
0.000755799
0.000759574
0.000764046
0.000771553
0.000780738
0.000743756
0.000747904
0.000741691
0.000742638
0.000742632
0.000740873
0.000743438
0.00074462
0.00074238
0.000778275
0.000786235
0.000840139
0.000849027
0.000808853
0.00080891
0.000833416
0.00073987
0.000740627
0.000741235
0.000742452
0.000743896
0.000745475
0.000749488
0.000751001
0.000758003
0.000759945
0.000764835
0.000770565
0.000787012
0.000792144
0.000808937
0.000808774
0.000831231
0.000833913
0.000859882
0.000869042
0.000905833
0.000899167
0.000922338
0.000747041
0.000751965
0.000753488
0.000758208
0.000763774
0.000743761
0.000746852
0.000741633
0.000741949
0.000743588
0.00074154
0.000744497
0.000744468
0.000744746
0.000763755
0.000780049
0.000780915
0.000803557
0.000811601
0.000905489
0.000853067
0.000892099
0.000835506
0.000850291
0.000742843
0.00074312
0.000745346
0.000746141
0.000750062
0.000750616
0.000757503
0.00075599
0.000766399
0.000762464
0.000776515
0.000780071
0.000815032
0.000814858
0.000832656
0.000833521
0.000857326
0.000865912
0.000885531
0.000896403
0.00094977
0.000951294
0.000999085
0.00101828
0.00098239
0.00102489
0.0010311
0.00122807
0.000746524
0.000751757
0.000753079
0.000756986
0.00074594
0.000745378
0.000743833
0.000746528
0.000742157
0.000741969
0.000744434
0.00074375
0.000741997
0.000746275
0.000745149
0.000760949
0.000772002
0.000780448
0.001527
0.00135098
0.00150083
0.000800645
0.000803301
0.000830572
0.000844556
0.00090648
0.000918934
0.00106609
0.000971801
0.000861672
0.000909719
0.000750747
0.000748324
0.000754675
0.000751141
0.000759752
0.00075487
0.000764575
0.000760272
0.000764751
0.000770321
0.000781435
0.000783191
0.000793332
0.000818715
0.000845822
0.000821627
0.00084977
0.000970711
0.000969704
0.000963776
0.00103033
0.00202941
0.00209255
0.00175454
0.00117922
0.00117988
0.00129805
0.00124814
0.00125028
0.00137593
0.00138835
0.00186813
0.00156406
0.00355232
0.00332325
0.00339971
0.00210651
0.00299654
0.00280583
0.00246314
0.00212333
0.000746573
0.000750829
0.000750452
0.000755448
0.000744147
0.000743567
0.000743951
0.000745661
0.000742594
0.000742567
0.00074217
0.000746427
0.000745441
0.00074428
0.000743668
0.000760343
0.000773852
0.00080321
0.000781661
0.000798269
0.00366326
0.00367497
0.00284475
0.00272679
0.00214501
0.00111775
0.00137111
0.00156468
0.00192614
0.00083747
0.00083921
0.000847812
0.000847103
0.000891717
0.000902899
0.000992452
0.000976602
0.00105633
0.00363312
0.00342501
0.00126155
0.00328216
0.00288472
0.00263638
0.00148379
0.00179034
0.00189199
0.00263074
0.000779942
0.000767216
0.000783553
0.000769899
0.000786321
0.000775493
0.000790313
0.000790639
0.0007987
0.000796041
0.000810201
0.000810916
0.000850721
0.00087571
0.000929243
0.000901504
0.0011407
0.00133207
0.00110054
0.00173896
0.00142714
0.00132763
0.00162994
0.00146118
0.00143791
0.00252537
0.00304963
0.0035034
0.00304465
0.00268174
0.00228373
0.00180515
0.00166996
0.00184405
0.00200583
0.00259984
0.00190721
0.00204185
0.00348526
0.00355025
0.00361269
0.00369958
0.00357017
0.00340361
0.00329259
0.00330278
0.00138584
0.00136698
0.00284753
0.00297171
0.0015338
0.00160437
0.00191167
0.00254643
0.00207321
0.00240972
0.000746571
0.000749741
0.000749109
0.000758527
0.000743209
0.000742991
0.000742975
0.000743889
0.000745188
0.000746443
0.000745196
0.000744522
0.000743515
0.000743389
0.000743107
0.000758607
0.000774324
0.000776453
0.000795144
0.000799499
0.000826455
0.000793941
0.00349748
0.00374811
0.00338297
0.00371037
0.00365106
0.00274227
0.00332368
0.00262506
0.00215081
0.000838949
0.00192195
0.00117352
0.00175776
0.00134624
0.00087972
0.000872974
0.000901665
0.000890213
0.000923191
0.000911478
0.00103514
0.00102902
0.00117214
0.00369706
0.00339286
0.00375744
0.0011335
0.00120532
0.000952207
0.00323812
0.00280044
0.00265892
0.00180204
0.00114185
0.00157842
0.000621438
0.000826859
0.00386331
0.00129171
0.000685011
0.000842564
0.00077671
0.000875859
0.00086242
0.000904059
0.000942238
0.000879242
0.000870371
0.000944448
0.000951664
0.00114523
0.00121703
0.00170887
0.0013264
0.00174762
0.00134612
0.0013119
0.00176815
0.00148355
0.00160871
0.00186884
0.00223715
0.00184402
0.00156196
0.00203078
0.00181002
0.00215267
0.00203309
0.00274152
0.00314706
0.00354111
0.0033529
0.00294869
0.00246943
0.00247834
0.00227109
0.0028056
0.00231862
0.00251956
0.00360742
0.0034989
0.00368539
0.0035559
0.00362721
0.00333179
0.00339073
0.00287829
0.00312553
0.00303485
0.00146102
0.00162589
0.00247903
0.00263933
0.00227158
0.00215573
0.00196183
0.000757602
0.000746428
0.000748859
0.000748619
0.000743111
0.00074374
0.000744834
0.000759412
0.000745966
0.000744883
0.000744502
0.000743738
0.000743854
0.000743356
0.000743826
0.000743902
0.000746841
0.00074511
0.000744492
0.000748485
0.000748035
0.000750367
0.000772447
0.000773757
0.00077642
0.000785525
0.000843489
0.000813565
0.000818019
0.000796168
0.00381307
0.003806
0.00353998
0.00244693
0.00335209
0.00284062
0.000877739
0.000908347
0.000926345
0.00241463
0.00141146
0.00227022
0.00155388
0.000939375
0.000926321
0.00100574
0.000988521
0.00116521
0.00116822
0.0013378
0.00376723
0.00378153
0.00357332
0.00387874
0.00392592
0.00339509
0.000839752
0.00090437
0.00067424
0.00293994
0.00271208
0.00207923
0.00150875
0.000864609
0.00909145
0.00821538
0.00217157
0.000903188
0.0074267
0.00528224
0.0013912
0.000908026
0.00114835
0.000910214
0.0010762
0.000993441
0.0011284
0.00127129
0.00124628
0.00177031
0.00181151
0.00151376
0.00223663
0.00173142
0.00194807
0.00250705
0.00247216
0.00270182
0.00222152
0.00239218
0.00258341
0.00287071
0.00222862
0.00242737
0.00264751
0.00234696
0.00273326
0.00243577
0.00348798
0.00319326
0.00339287
0.0033058
0.00307407
0.00305387
0.00318725
0.00305992
0.00297731
0.00365276
0.00349435
0.00341762
0.00352646
0.00349079
0.00302825
0.0032812
0.00257327
0.00277357
0.00215383
0.00228763
0.000756057
0.000753084
0.000749773
0.000756932
0.000744125
0.00074602
0.000747583
0.00075509
0.000761129
0.000745234
0.000744224
0.000744297
0.000743614
0.000744016
0.000743626
0.000744638
0.000744821
0.000748052
0.000742029
0.000747166
0.000748482
0.000751013
0.000752564
0.000771216
0.000774324
0.000786279
0.000794626
0.000865985
0.000832918
0.000841696
0.000813484
0.0031762
0.00330862
0.00384359
0.000924073
0.000943426
0.000945197
0.00103029
0.000984646
0.00233571
0.00297714
0.0016527
0.00209808
0.00138338
0.00129059
0.00167249
0.00169705
0.001505
0.0037025
0.00391684
0.0039413
0.0037435
0.00374681
0.00351736
0.003033
0.00276482
0.00061581
0.000704674
0.00239464
0.00188379
0.00145957
0.000788103
0.00915421
0.0103076
0.00382696
0.00830509
0.0101741
0.00984341
0.00550974
0.00340424
0.00942726
0.00895605
0.00456673
0.00252727
0.00352439
0.00204448
0.00294036
0.00185629
0.00253163
0.00252408
0.00203419
0.00299184
0.00261603
0.00261889
0.00252057
0.00265115
0.00315544
0.00306924
0.00311586
0.00334481
0.00306554
0.00279504
0.00324006
0.0034203
0.00288901
0.00317169
0.00338489
0.00308288
0.00338539
0.00361076
0.00345829
0.00359911
0.00346834
0.00357053
0.00344459
0.00345075
0.00347565
0.00355069
0.00354223
0.00315448
0.00337504
0.00269579
0.00284744
0.00216575
0.00232802
0.000759239
0.00075684
0.000756166
0.000753957
0.000749407
0.000749904
0.000753688
0.000758999
0.000765997
0.000746979
0.00074182
0.000746823
0.000742319
0.000748184
0.000744806
0.000750849
0.000746208
0.000747584
0.000749213
0.000750673
0.000752761
0.00075404
0.000775851
0.000776841
0.000786622
0.00081553
0.000803483
0.00078086
0.000911246
0.000871831
0.000875674
0.000845647
0.000950329
0.00383013
0.00337821
0.000982839
0.00092936
0.00121226
0.0011118
0.00181131
0.00214557
0.0021968
0.00211028
0.00305114
0.00258095
0.00229531
0.00248837
0.00234431
0.00394845
0.00414324
0.00377835
0.0039677
0.00324253
0.00293786
0.00237937
0.00219341
0.00189148
0.0017962
0.000607577
0.001348
0.00767514
0.0098783
0.00229531
0.00576165
0.00966999
0.0106804
0.00857534
0.00738812
0.01071
0.0102592
0.0069496
0.00582214
0.00571923
0.0038007
0.00439584
0.0035158
0.00316386
0.00331523
0.00416153
0.00345207
0.00393348
0.00334434
0.00360613
0.00363614
0.00388185
0.00378895
0.00375857
0.00362682
0.00356755
0.00335307
0.00366438
0.00381467
0.00345284
0.00361699
0.00372677
0.00359443
0.00370676
0.00358732
0.00354881
0.00355187
0.00364228
0.00363207
0.00361943
0.00326307
0.00342267
0.00276575
0.00293829
0.00222345
0.00239951
0.000788167
0.000665213
0.000759282
0.000760243
0.000759202
0.00075762
0.000756803
0.000754808
0.000756999
0.000757586
0.000762905
0.000763732
0.000780517
0.000747335
0.000746668
0.000748152
0.000748488
0.00075194
0.000749102
0.000749958
0.000751785
0.000753126
0.000753997
0.000755738
0.000775524
0.000799717
0.000803059
0.00084903
0.000792872
0.000800533
0.000949718
0.000898306
0.000906763
0.000850587
0.00100968
0.00115632
0.000903096
0.00389835
0.00373891
0.00190413
0.00167956
0.00239492
0.00347433
0.00316613
0.00282742
0.00308536
0.00340516
0.00363713
0.00305719
0.00384867
0.00446924
0.00305737
0.00354718
0.00255443
0.00225552
0.00181895
0.00167009
0.000595856
0.000906005
0.00597465
0.00920822
0.00156054
0.00343644
0.00873004
0.0103383
0.00975921
0.00878864
0.00961956
0.0102193
0.00720598
0.00850395
0.00785534
0.00651286
0.00567745
0.00561723
0.004924
0.00393437
0.00409667
0.00509727
0.00443069
0.00397855
0.00418039
0.00376578
0.00384232
0.00411741
0.00397756
0.00382276
0.00391652
0.0036427
0.00367357
0.00378621
0.00360528
0.00375769
0.00362107
0.00368038
0.00352108
0.00356963
0.00352853
0.0034489
0.00330538
0.00350136
0.0034246
0.00287478
0.00304817
0.00229649
0.00250627
0.000761309
0.000779485
0.000806736
0.000698964
0.000758863
0.000756995
0.000757587
0.000758819
0.000758648
0.000758482
0.000757316
0.000758369
0.000755016
0.000757555
0.000772383
0.000764266
0.000759194
0.000760988
0.000750716
0.000751912
0.000753001
0.00075315
0.000753995
0.000755663
0.000756895
0.000757976
0.000758134
0.000779281
0.000794128
0.000814033
0.000838886
0.000849459
0.000820354
0.000948072
0.00103311
0.000890878
0.000956759
0.00109274
0.00130626
0.00127069
0.00147769
0.00181475
0.00358788
0.00404861
0.00482034
0.00298645
0.00404796
0.00377987
0.0039878
0.00430511
0.00425176
0.00466058
0.00351861
0.00399019
0.00284647
0.00242273
0.00196722
0.00171865
0.000655807
0.000719385
0.00447848
0.00770162
0.00114058
0.00231211
0.00720608
0.00889898
0.00990115
0.00940987
0.00848257
0.00940281
0.00774632
0.00822375
0.00928245
0.00869503
0.00570108
0.00729392
0.0067249
0.00648592
0.00596913
0.00444673
0.00476767
0.00534327
0.00509944
0.00431364
0.00447402
0.00422598
0.00352734
0.00369967
0.00373119
0.00386816
0.00397252
0.00312532
0.00303742
0.00333898
0.00355157
0.0035544
0.0031619
0.00328607
0.0033398
0.00332596
0.00309977
0.00318276
0.00294043
0.00312379
0.00308182
0.00237862
0.00257561
0.000745283
0.000756288
0.000765296
0.000787648
0.000809186
0.000718108
0.000756972
0.000755321
0.000756722
0.000757821
0.000760088
0.000759756
0.000761005
0.000758398
0.00074988
0.00075363
0.000753325
0.000756415
0.000746195
0.000747147
0.00074366
0.000743829
0.000783116
0.000764626
0.000757844
0.000762968
0.00075699
0.000762198
0.000761735
0.000759711
0.000759942
0.000759762
0.000766005
0.000764348
0.000767304
0.000796968
0.000824444
0.000806501
0.000841844
0.000881165
0.000875213
0.000906986
0.00102396
0.0011059
0.000958855
0.00102387
0.00120821
0.00141908
0.00270388
0.00307078
0.00223153
0.00347683
0.00398937
0.00439332
0.00391308
0.00469378
0.00484907
0.00564235
0.00511445
0.00450962
0.00533906
0.00336886
0.00278639
0.00229585
0.00195117
0.000722578
0.000703735
0.00337497
0.00549581
0.000936811
0.00182609
0.00554364
0.00801473
0.0091574
0.00937028
0.00762889
0.00854306
0.00803555
0.00862133
0.00913526
0.00889865
0.005764
0.00622007
0.00796431
0.00671198
0.00747384
0.00707731
0.00550435
0.0048176
0.00496284
0.00443424
0.00478606
0.00398792
0.00440226
0.00304039
0.00341192
0.00346694
0.00373944
0.0027373
0.00232265
0.00238591
0.00232621
0.0026846
0.00301913
0.00303217
0.00256852
0.00265101
0.00264633
0.00255636
0.00231881
0.00271547
0.000748049
0.000737649
0.000745688
0.000748982
0.000760563
0.000772796
0.000791093
0.00081495
0.000735608
0.00073784
0.000734051
0.000737064
0.000733541
0.000735788
0.000742156
0.000740938
0.000741197
0.00074014
0.00074164
0.000739805
0.000742125
0.00073941
0.000735704
0.000736514
0.000739027
0.000737506
0.000741131
0.000738738
0.000738947
0.000756259
0.000754544
0.000756585
0.000757626
0.00076203
0.000763997
0.000758664
0.00074902
0.000753137
0.000753079
0.000755969
0.000745695
0.000748173
0.000743075
0.000744611
0.000767691
0.00076934
0.000777053
0.000768202
0.000769237
0.000770936
0.000770204
0.000769006
0.000772071
0.00077543
0.0007739
0.000776022
0.000771828
0.000783769
0.000810412
0.000791893
0.000854552
0.000827971
0.000876305
0.000930275
0.000916742
0.000977076
0.00116915
0.00126804
0.00105006
0.00118622
0.00170166
0.00266612
0.00551009
0.00510057
0.00484115
0.00449361
0.00501319
0.00534975
0.00572024
0.00355193
0.00428684
0.00552092
0.00430796
0.00540238
0.00286044
0.00236881
0.000818139
0.000701027
0.00462325
0.00259305
0.00350235
0.000842274
0.001462
0.00611738
0.00714387
0.00822552
0.00868342
0.00662337
0.00740416
0.00618872
0.00859545
0.00839535
0.00870221
0.00593619
0.0066082
0.00818705
0.00767125
0.00695371
0.00746094
0.00563996
0.00512539
0.00463811
0.00506708
0.00398307
0.00441019
0.00290571
0.00371433
0.00329867
0.0029071
0.00220937
0.00250858
0.0018689
0.0017893
0.00214469
0.00212217
0.00172063
0.00167539
0.0016273
0.000802149
0.00079652
0.000821152
0.000740586
0.000749548
0.000756049
0.000767848
0.000781316
0.000738864
0.000742894
0.000737173
0.000738782
0.000733562
0.00073773
0.000740808
0.00074178
0.00073801
0.000740231
0.000735412
0.000739317
0.000731566
0.000737679
0.000732216
0.000736515
0.000731086
0.00073622
0.000736015
0.000756697
0.000755256
0.000757728
0.000759825
0.000761615
0.000749216
0.000753261
0.000753575
0.000754909
0.000745957
0.000748964
0.000744098
0.000745748
0.00076298
0.000771905
0.000767499
0.0007857
0.000781713
0.000783271
0.000787359
0.000784048
0.000789585
0.000793601
0.000783932
0.000786327
0.000781947
0.000824806
0.000805019
0.000806101
0.000885614
0.000851823
0.000924867
0.00100243
0.000988811
0.00109374
0.0011048
0.0020808
0.00118893
0.00137057
0.00346059
0.00479813
0.00587578
0.00584412
0.00646307
0.00641264
0.00708925
0.00659118
0.00581803
0.00564013
0.00511137
0.00296123
0.0040005
0.000871194
0.000871584
0.000840017
0.00327987
0.00447977
0.00192658
0.00298193
0.00120674
0.00495673
0.00558133
0.00749338
0.0081592
0.00491524
0.00696909
0.00543507
0.00605941
0.00645773
0.00598161
0.00808782
0.00798367
0.00612297
0.00668838
0.00780334
0.00755694
0.00689924
0.00729109
0.00594544
0.00541556
0.00471005
0.0052237
0.00406144
0.00460203
0.00337723
0.00393792
0.00276906
0.00333392
0.00197241
0.00252051
0.00137656
0.00155965
0.00140012
0.000749986
0.000811878
0.000849099
0.00077602
0.00079258
0.000746589
0.000757322
0.000765364
0.000745117
0.000748889
0.000743236
0.000743685
0.000741798
0.000742728
0.000742763
0.000743639
0.00074255
0.000742392
0.000742455
0.000742401
0.000741886
0.000742299
0.00074126
0.000741874
0.000742396
0.000757938
0.000758012
0.000761107
0.00076193
0.000750049
0.00075422
0.00075508
0.000757301
0.000747491
0.000750645
0.00074532
0.000748838
0.000770772
0.000770859
0.000787529
0.000779447
0.000811618
0.000802984
0.000817695
0.000810527
0.000800086
0.000804838
0.000817434
0.000809779
0.000795584
0.000820665
0.000802797
0.000804374
0.000867245
0.000862155
0.000950282
0.000928111
0.00105195
0.00106865
0.00123206
0.00118522
0.00160347
0.00262547
0.00139062
0.00177227
0.0051429
0.0063282
0.00743742
0.00627786
0.0058575
0.00698631
0.0069873
0.00642266
0.00521234
0.00487683
0.001545
0.000854392
0.000885863
0.000851856
0.00109064
0.00111607
0.00380844
0.00256369
0.0028669
0.00453082
0.00400655
0.00748312
0.00702713
0.00449052
0.00502404
0.00654968
0.00616557
0.00511418
0.0054893
0.00538031
0.00576748
0.0075324
0.0073213
0.00629118
0.0066889
0.0073084
0.00720188
0.00689421
0.00513369
0.00600702
0.00551832
0.00454489
0.00513238
0.00370192
0.00434937
0.00281023
0.003349
0.00179352
0.00231923
0.0007927
0.00080344
0.000755031
0.000766891
0.000780144
0.00074744
0.000759033
0.000745521
0.000750589
0.00074533
0.000744589
0.000743022
0.000746872
0.000741785
0.000745258
0.000742285
0.000745252
0.000741321
0.000744914
0.00074554
0.000766041
0.000760093
0.00076354
0.000767651
0.000754233
0.00075615
0.000760689
0.000757999
0.000752041
0.000754447
0.000750727
0.000752753
0.000788683
0.000784691
0.000785402
0.000804014
0.000791864
0.00083763
0.000835787
0.000831525
0.000846487
0.000871562
0.000859406
0.000865536
0.000846145
0.000844752
0.000827841
0.000815561
0.000858385
0.000845687
0.000875725
0.000950332
0.000941592
0.00125795
0.00121621
0.00108156
0.00113226
0.00161087
0.00152576
0.0038056
0.00507652
0.00368947
0.00646615
0.00724419
0.00714149
0.00689641
0.00639248
0.00607665
0.00518823
2.5075e-05
0.002654
0.000817262
0.0014919
0.00207159
0.000858984
0.00085615
0.000923676
0.00095086
0.00110925
0.00112625
0.00367332
0.00346469
0.0043619
0.00405963
0.00685718
0.00647467
0.00443761
0.0047249
0.00598617
0.00564404
0.00464826
0.00502123
0.00513651
0.0069813
0.00667473
0.00624325
0.00666315
0.00673887
0.00660997
0.00555445
0.00599691
0.00457479
0.00519061
0.0034474
0.00396267
0.00232127
0.00282984
0.000798349
0.000763813
0.000781376
0.000790991
0.000787694
0.000755408
0.000765422
0.000749865
0.000758229
0.000749905
0.000753083
0.000748418
0.000750834
0.00074941
0.000748702
0.000749306
0.000749075
0.000748935
0.000755371
0.000767589
0.000764086
0.00078149
0.000763225
0.000759974
0.000759223
0.000783209
0.000761669
0.000760639
0.000762022
0.000789253
0.000787063
0.000799029
0.000812458
0.000812065
0.000838415
0.000830186
0.000876309
0.000884269
0.000895494
0.000894128
0.000963311
0.000927449
0.000929074
0.000882739
0.000878759
0.000914295
0.000906957
0.000952857
0.000956568
0.00111951
0.00105823
0.00157433
0.0013839
0.00148646
0.0014062
0.00655255
0.00400695
0.00647211
0.00604419
0.00605091
0.00645777
0.00580879
0.00604084
0.00324751
0.00249767
0.00314359
0.000860122
0.00082354
0.00144946
0.00184196
0.000911474
0.000931326
0.00102914
0.00106315
0.00119463
0.00402598
0.00383639
0.00419479
0.00404342
0.00611803
0.00573207
0.00409213
0.0043392
0.00425258
0.00469631
0.00505117
0.00626409
0.00594624
0.00601078
0.0060818
0.00623122
0.00512845
0.00559112
0.00388182
0.00436981
0.00271335
0.00315982
0.000811837
0.000829828
0.000773422
0.000779304
0.000798859
0.00081444
0.000764111
0.000770516
0.000757248
0.000764656
0.000753641
0.000760499
0.000758704
0.000756309
0.000757684
0.000760492
0.000759696
0.000795777
0.000767068
0.000767306
0.000769457
0.000769953
0.000786659
0.000766702
0.000794219
0.000787872
0.000772304
0.000768055
0.000819285
0.000814351
0.000842566
0.000829166
0.000866663
0.00085872
0.000915256
0.000904169
0.00095235
0.000989586
0.00108952
0.00101796
0.00101478
0.000968435
0.000961771
0.00098801
0.000991317
0.00105683
0.00111785
0.00108076
0.00147929
0.00128253
0.00570167
0.00252718
0.00303331
0.00235272
0.0060228
0.00570832
0.00558972
0.00583598
0.00525754
0.0049804
0.00361612
0.00296981
0.00351433
0.00238517
0.00285307
0.000887419
0.000847089
0.00147795
0.00183423
0.000999055
0.00104849
0.00124636
0.00395694
0.00391141
0.00389773
0.00387849
0.00456979
0.00485318
0.00541879
0.00372487
0.00387173
0.00367696
0.00398321
0.00369507
0.00567491
0.00532992
0.0052161
0.00532217
0.00407026
0.00440528
0.00296066
0.00330008
0.000831373
0.000862889
0.000781266
0.000798123
0.000811377
0.000838445
0.000776597
0.000784272
0.00076677
0.000770663
0.000774628
0.000776453
0.000773966
0.000769083
0.000774172
0.000815362
0.000811437
0.000776437
0.00077382
0.000781809
0.00078137
0.000797342
0.000806472
0.000788458
0.000802015
0.000793227
0.000871587
0.000867219
0.000853658
0.000905209
0.000882626
0.000959081
0.000979118
0.000981351
0.00103548
0.00102334
0.00140538
0.00114333
0.00110685
0.00115511
0.00111461
0.00109514
0.00128347
0.00122489
0.00132423
0.00120963
0.00159486
0.00377849
0.00380397
0.00574971
0.00492654
0.00535157
0.00542505
0.00548702
0.0045941
0.00475073
0.00349532
0.00373292
0.0038992
0.0028789
0.00339727
0.00220993
0.00278273
0.00090697
0.000979568
0.00136612
0.00181026
0.00112241
0.00116429
0.00381455
0.00388207
0.00378137
0.00352065
0.00364439
0.00446113
0.0039214
0.00478988
0.0030789
0.0031981
0.003215
0.00284636
0.00340831
0.00467571
0.00452433
0.00393401
0.0040326
0.00298224
0.00319726
0.000863996
0.000925978
0.000796592
0.000813587
0.000843051
0.000870914
0.000786487
0.000787769
0.00079963
0.000795494
0.000785687
0.00078911
0.000787218
0.000847088
0.000823582
0.000811334
0.000806209
0.000797492
0.000819039
0.000822877
0.000813137
0.000830517
0.000817167
0.000946656
0.000931263
0.000923318
0.000885161
0.00104817
0.00108755
0.00105764
0.00109174
0.00114619
0.00111617
0.00130404
0.00123312
0.00236716
0.00139874
0.00148296
0.00158718
0.00180181
0.00175623
0.00195435
0.00508815
0.00376099
0.00587281
0.00600992
0.00543741
0.00551138
0.00447181
0.00473336
0.00355551
0.00376134
0.00385244
0.00293428
0.00332848
0.00213569
0.0027888
0.00109017
0.00104068
0.00157158
0.00130501
0.00170425
0.00380247
0.00349578
0.00362716
0.00361235
0.0037887
0.00372265
0.00292231
0.00319114
0.0034437
0.00389754
0.00247359
0.00253829
0.00243271
0.00287467
0.00351733
0.00348317
0.00276989
0.00288452
0.00106941
0.000905179
0.000959132
0.000825529
0.000845961
0.000865178
0.000914393
0.00082497
0.000814503
0.000843953
0.000826767
0.000826238
0.000856634
0.000846489
0.000882131
0.000863022
0.000844622
0.000838148
0.000859779
0.00086424
0.00086515
0.000869708
0.00105376
0.0010032
0.000995416
0.000946996
0.00141074
0.00147039
0.00134802
0.00130857
0.00124202
0.00179179
0.00204473
0.00307242
0.00531133
0.00576567
0.00498551
0.00373001
0.00510514
0.00551392
0.00603477
0.0059542
0.00584022
0.00541884
0.00581982
0.0044977
0.00480202
0.00356787
0.00374024
0.00213148
0.0028723
0.00277919
0.00332426
0.00127913
0.00136949
0.00148193
0.00171119
0.00374614
0.00370062
0.00373632
0.00310002
0.00334336
0.00352578
0.00350854
0.00323275
0.00225474
0.00254776
0.00265485
0.00292685
0.00187762
0.00206697
0.00202525
0.00235153
0.0023567
0.00122038
0.00129072
0.000984961
0.00120375
0.000897191
0.00089433
0.000978936
0.000890221
0.000870311
0.000870893
0.000908358
0.000814994
0.00096002
0.000916005
0.000900301
0.00092493
0.000955244
0.000929989
0.000935788
0.000907891
0.000922202
0.00114433
0.0011306
0.00104113
0.00104544
0.0024453
0.00327417
0.00251298
0.00346775
0.00286858
0.00396351
0.00261179
0.00463746
0.00477582
0.00606345
0.00743436
0.00608001
0.00599962
0.00657049
0.00667446
0.00756677
0.00565098
0.00587903
0.00457027
0.00495145
0.00344558
0.0036419
0.00237811
0.00277431
0.00312582
0.00331205
0.00144013
0.00166207
0.00197965
0.00218657
0.00375819
0.00364127
0.00352957
0.00325431
0.00325948
0.00246702
0.00292822
0.00294565
0.00170797
0.00202217
0.00136605
0.00159346
0.00182662
0.00159912
0.000871762
0.0014265
0.0015334
0.00107685
0.00107749
0.00134247
0.000947723
0.000925454
0.000912273
0.0010996
0.00121213
0.00119609
0.0012194
0.00122669
0.000973793
0.00093931
0.00103038
0.000999528
0.000952048
0.00304478
0.001705
0.00202514
0.00152501
0.00293911
0.00517155
0.00548351
0.00446877
0.0053558
0.00393285
0.00475661
0.0034798
0.00421587
0.00639438
0.00625258
0.00687411
0.00690508
0.00602071
0.00663702
0.00659701
0.00506215
0.00554495
0.00366187
0.00366391
0.00313423
0.00295341
0.00339956
0.00196122
0.00233547
0.00290452
0.00370532
0.00361937
0.00349711
0.00322443
0.00303216
0.00251765
0.00250903
0.00205093
0.00159811
0.00133322
0.00251291
0.00179109
0.0021476
0.00147302
0.00149897
0.00144515
0.00152906
0.00173538
0.00151982
0.00174563
0.00137716
0.00142779
0.00146173
0.00137526
0.00156005
0.0015364
0.00180054
0.00185468
0.00233472
0.00362521
0.0027001
0.00291773
0.00295829
0.00369092
0.00442958
0.00474647
0.00624417
0.00584364
0.00581554
0.00553483
0.00567203
0.00509068
0.00554572
0.00627184
0.00610926
0.0057837
0.0061069
0.00583007
0.0034803
0.00361464
0.00293878
0.00318453
0.00332889
0.00369449
0.00358591
0.00346065
0.00323233
0.00306412
0.00268816
0.00225359
0.00164459
0.00281408
0.00326583
0.00219667
0.00261202
0.00169037
0.00171365
0.00184586
0.00223595
0.00202874
0.00166174
0.00193974
0.00173719
0.00224344
0.00208402
0.00214197
0.00281552
0.00282619
0.00273335
0.00390768
0.00357079
0.00360817
0.003602
0.00482561
0.00487338
0.00502652
0.00546514
0.0056726
0.00573207
0.00549644
0.00552425
0.00529057
0.00493173
0.00501815
0.00359963
0.00363091
0.00346249
0.00337324
0.0036889
0.00350615
0.00342354
0.00313834
0.00300708
0.00260067
0.00255025
0.00335346
0.00326137
0.00310528
0.0030716
0.00287943
0.00267874
0.00284574
0.00304279
0.00302693
0.00265269
0.00301933
0.00349311
0.00366607
0.00327373
0.00350391
0.00346603
0.00391475
0.00432375
0.00466526
0.00447552
0.00485417
0.00443877
0.00473943
0.00429622
0.00411894
0.0046834
0.0049476
0.00393654
0.00375512
0.00363402
0.00365581
0.00359517
0.00358651
0.00339772
0.00328765
0.0030081
0.00288869
0.00249908
0.00239158
0.00360131
0.00352886
0.00354547
0.00347182
0.00369524
0.00349072
0.00356936
0.00357093
0.00351736
0.00381126
0.00399397
0.00397035
0.0038899
0.00399864
0.00418249
0.00416477
0.00445629
0.00402394
0.00421812
0.00335822
0.00325146
0.00301265
0.00285744
0.00371251
0.0035613
0.00372807
0.00367944
0.00350928
0.00325656
0.00314789
0.00290897
0.00277742
0.0023827
0.00227915
0.00391724
0.00369801
0.00368393
0.00374334
0.0037511
0.00391835
0.00379558
0.00379276
0.004001
0.00409986
0.00399852
0.00388855
0.0039226
0.00397548
0.00412661
0.00355182
0.00367878
0.002858
0.00287023
0.00235797
0.00232896
0.00364355
0.00368518
0.00354487
0.00336584
0.00311281
0.00306973
0.00278651
0.00270248
0.00230698
0.00220182
0.00377622
0.00384587
0.00366369
0.00368799
0.00371625
0.00378106
0.00367329
0.00378953
0.00387182
0.00359224
0.00370177
0.00355703
0.00354687
0.00343946
0.0031769
0.00338204
0.00241879
0.00259022
0.00201646
0.00199183
0.00343314
0.00335021
0.00296139
0.00287179
0.00262849
0.00255957
0.00224685
0.0021287
0.00339059
0.00352781
0.00323927
0.00334702
0.00322362
0.00302729
0.00317051
0.00314823
0.00301339
0.00289339
0.00304979
0.00288597
0.00230189
0.00249291
0.00172428
0.00184966
0.00287533
0.00279713
0.00245589
0.00243855
0.00225522
0.00204497
0.00213334
0.00286061
0.00289339
0.00267051
0.00258321
0.00260228
0.00241537
0.00224767
0.0024798
0.00222866
0.00247121
0.00218157
0.00169096
0.00186338
0.00221831
0.00220326
0.00197459
0.0018952
0.00153604
0.00201611
0.00209637
0.00187564
0.00208267
0.00197526
0.00137087
0.00140722
0.00178732
0.00186252
0.00121279
0.000652513
0.00169202
0.00168736
0.00150768
0.0014526
0.00128957
0.0015033
0.00148468
0.000787152
0.00103894
0.000675198
0.00129202
0.00131915
0.000747288
0.000992892
0.0010702
0.000724305
2.6082e-05
)
;

boundaryField
{
    top
    {
        type            symmetryPlane;
    }
    bottom
    {
        type            symmetryPlane;
    }
    inlet
    {
        type            calculated;
        value           uniform 0.000851986;
    }
    outlet
    {
        type            calculated;
        value           nonuniform List<scalar> 
17
(
0.000666615
0.000658827
0.000677786
0.000668886
0.000660143
0.000656518
0.000677795
0.000665112
0.000670472
0.000674012
0.00148606
0.000802345
0.000661583
0.000675355
0.00196416
0.000739174
0.00152763
)
;
    }
    deck
    {
        type            nutkWallFunction;
        Cmu             0.09;
        kappa           0.41;
        E               9.8;
        value           nonuniform List<scalar> 
60
(
3.31564e-07
0
0
0
0
8.72063e-08
0
0
0
0
0
0
0
0
0
0
0
0
0
0
0
0
0
0
0
0
0
0
0
0
0
0
0
0
0
0
0
0
0
0
0
0
0
0
0
0
0
0
0
0
0
0
0
0
0
0
0
0
0
0
)
;
    }
    frontAndBack
    {
        type            empty;
    }
    defaultFaces
    {
        type            empty;
    }
}


// ************************************************************************* //
