/*--------------------------------*- C++ -*----------------------------------*\
  =========                 |
  \\      /  F ield         | OpenFOAM: The Open Source CFD Toolbox
   \\    /   O peration     | Website:  https://openfoam.org
    \\  /    A nd           | Version:  8
     \\/     M anipulation  |
\*---------------------------------------------------------------------------*/
FoamFile
{
    version     2.0;
    format      ascii;
    class       surfaceScalarField;
    location    "0.032";
    object      phi;
}
// * * * * * * * * * * * * * * * * * * * * * * * * * * * * * * * * * * * * * //

dimensions      [0 3 -1 0 0 0 0];

internalField   nonuniform List<scalar> 
662
(
-2.01925e-05
1.60362e-05
4.15676e-06
2.06307e-05
-4.08232e-05
-8.74932e-05
3.57253e-05
6.78041e-05
-1.72628e-05
2.14196e-05
-0.000151093
8.42306e-05
1.03554e-05
-5.11786e-05
9.31113e-05
-7.46488e-05
-2.24429e-05
4.38625e-05
-0.00017975
3.90124e-05
1.7207e-06
-5.28993e-05
2.17875e-06
-0.000121069
-4.65008e-06
0.000123541
-3.40376e-05
3.62164e-05
0.000163227
-9.25585e-05
5.56102e-05
-1.17477e-05
-0.00018273
4.70017e-06
-7.67896e-07
-5.21314e-05
1.14775e-06
-0.000116242
-5.97519e-06
-3.28899e-05
5.73401e-05
-1.72989e-06
0.000194739
-4.32601e-05
-0.000180737
-2.76052e-06
-2.22797e-06
-4.99035e-05
3.63852e-06
-0.000102696
-1.71848e-05
-2.92513e-05
5.70776e-05
2.62541e-07
0.00019747
-4.46056e-06
-1.50707e-06
0.000122562
-0.000122766
1.71072e-06
3.4395e-05
-3.59021e-05
-0.000176291
-6.6742e-06
-4.07994e-05
-9.10405e-06
-2.1781e-05
-1.90184e-05
-1.70447e-05
-4.73637e-06
4.80388e-06
-8.75737e-05
-1.99257e-05
-2.44475e-05
-0.000141364
-0.000756629
0.000897993
6.03447e-05
-3.26706e-06
8.9557e-05
-2.92123e-05
-5.18075e-05
0.000198168
-4.35523e-07
-4.26831e-07
0.000119792
3.19689e-06
3.39682e-05
-0.000152173
-3.3222e-05
-9.56469e-05
-7.55443e-05
-4.37402e-05
-6.89513e-05
2.20047e-05
-2.6741e-05
3.43086e-06
-7.63446e-05
-1.466e-05
-2.10167e-05
-0.000390029
0.000705197
-0.0010718
-0.000953767
0.00185176
0.000215602
-2.07006e-05
0.000292567
-0.000106178
-0.000149269
-3.56836e-06
0.000106252
1.71078e-05
3.03998e-05
-0.000115622
9.38868e-05
2.70836e-05
-5.38246e-05
-2.72574e-07
-3.87353e-07
-7.56847e-05
-2.12892e-05
0.00135425
-0.00160282
-0.000107281
0.00195904
-4.13607e-06
9.22926e-05
1.80958e-05
2.62637e-05
-0.000196535
0.000107996
-6.55092e-05
1.16846e-05
0.00161469
-0.000367725
0.00199255
-3.35123e-05
-2.83934e-06
7.96113e-05
1.55207e-05
2.34244e-05
-6.78254e-05
2.31621e-06
-0.00022716
4.23099e-05
0.00199066
1.89544e-06
0.00170985
-0.000128671
-5.43533e-06
2.96589e-05
5.53877e-05
1.7989e-05
-6.72453e-05
-5.80066e-07
-0.000231331
6.48676e-06
-2.55804e-08
-0.000111644
0.000108227
3.44219e-06
-3.13777e-05
3.13521e-05
0.00196075
2.99098e-05
0.00173011
-1.83618e-05
-0.00180559
0.000950115
0.000855472
-6.78055e-05
5.6016e-07
0.00191661
4.4136e-05
0.0018779
3.87162e-05
7.23095e-05
0.000156591
0.000793524
9.9053e-05
5.75376e-05
3.12476e-05
-0.000232026
1.14701e-07
-4.11166e-07
-0.000112382
1.14957e-06
-3.17889e-05
0.00171055
4.9467e-05
-0.000172675
-7.87411e-06
4.15837e-05
0.000138966
-0.00136324
0.000783329
0.00143538
-0.000243056
1.15902e-05
0.00167005
8.46339e-05
0.0015829
0.000125867
0.000291973
0.000415443
0.00116141
0.000320553
0.000152428
0.000108745
-8.50189e-08
-0.000111294
-1.00379e-06
-3.18739e-05
-0.000180174
-1.51426e-06
9.01333e-06
-5.34647e-05
4.55906e-05
4.68257e-07
-0.000109218
-2.54378e-06
-3.14056e-05
-0.000164967
4.65653e-06
-1.98638e-05
-5.4979e-05
1.64593e-06
-9.9088e-05
-1.17761e-05
-2.97597e-05
-0.000143038
7.21737e-06
-2.91466e-05
-5.03224e-05
7.87594e-06
-4.25203e-05
-6.44436e-05
-2.18837e-05
-0.000128041
4.23673e-06
-1.92334e-05
-4.3105e-05
3.90482e-06
-2.00945e-05
-0.000111851
-3.88683e-05
-3.49634e-05
0.000497724
-0.000413494
-0.000138732
0.000206537
0.000358992
0.000131888
-0.000949778
0.000516361
0.000433417
-0.000534199
-0.000415578
-0.00066251
0.000368739
0.000293771
-0.000146149
-0.000744193
0.000209994
-0.000120734
-0.000623459
-0.000365094
0.00024436
0.000209039
-0.000622533
-0.000638286
0.000847325
-0.00105386
4.11265e-05
-0.000664585
-0.00101274
-0.00058352
-0.000100187
-0.000564398
-0.000369744
-0.000469932
-0.00041231
0.000544198
-0.000794007
0.00122742
-5.33182e-05
0.000114841
0.00111258
0.00048358
0.000451639
9.84545e-05
0.000385126
0.000419966
-0.000126195
0.00051842
-0.000467961
0.000341766
-0.00061411
-0.000404117
-0.000159757
3.62164e-05
0.000212073
-0.000795594
-0.000800665
-0.00136506
-0.000790893
-5.76975e-05
-0.00130737
-0.000475907
-0.000533604
-0.000239627
0.000691266
0.000872956
0.00125808
0.000648006
0.000239805
0.00101828
0.000401872
0.000116549
0.000641676
0.000183099
0.000158668
0.000299647
3.59021e-05
0.000120121
-0.000911014
-0.00118724
-0.000913775
2.94776e-05
-0.00121672
-0.000550789
-0.000521311
-0.000168559
0.000816565
0.000849718
0.000812105
0.000438595
0.000203081
0.00128831
0.000301358
0.000504439
1.35646e-05
-0.000927339
-0.00120316
-0.000934014
-0.00126424
6.1086e-05
-0.000825199
-0.000439045
-0.000541237
-0.000480151
0.000775681
3.64243e-05
0.000775245
0.001301
-1.26904e-05
0.00133743
0.000507636
0.000494946
-0.000327644
-0.000606369
-0.00115284
-0.000939863
-0.00021298
-0.000639591
-0.000388535
-0.000551328
0.000394205
-0.000607185
-0.000694733
0.000255688
-0.000300528
-0.000494811
-0.000239123
0.000912508
-0.000137263
0.000891807
0.00141244
-7.50077e-05
0.00127517
0.000512054
0.000437046
0.000306507
-0.000456728
0.000150221
-0.000300678
-0.000689213
-0.000134484
-0.000322245
0.00034998
-0.000425524
-0.000289611
-0.000840939
6.05688e-05
-0.000901508
-0.000628644
-0.000126799
-0.000298725
-0.00019575
-0.000101863
-0.000390072
8.95443e-05
-0.000239851
-0.00023951
-0.000149966
-0.000159582
-8.02695e-05
-0.000294065
-0.000133358
-0.000160707
0.00143687
-0.00158614
0.00200506
-0.000568189
0.000933263
-0.000669556
0.000851483
4.03247e-05
0.000745304
-0.000840835
-0.000826286
0.000866611
0.00134164
-6.64664e-05
0.000515352
0.000455142
0.000388675
0.000550622
-0.00139146
0.00138657
-0.000835951
0.000491634
-0.000624992
-0.00016939
-0.000459255
9.97114e-05
-0.000398437
0.000801797
-0.00126105
-0.0005003
-0.000435205
-0.000189787
-0.000392304
-0.000528061
9.28565e-05
2.36322e-05
-0.000551694
-0.00024694
9.69739e-05
-0.000327209
0.000487916
-0.00039506
-2.12892e-05
-0.00224429
0.0016761
-0.000857718
0.00100655
-0.000738213
-0.000119504
0.00063882
0.00123719
-0.000370581
-0.000154266
0.000651568
-0.000136215
0.000280987
0.000404196
0.00026798
0.000522084
-2.15091e-05
-0.000500575
-9.10391e-05
-0.000744911
-0.000829252
-0.000307169
0.000301835
-0.000456101
-0.000443076
-0.000859543
-0.000401508
-0.00104933
-0.0010257
-0.000793812
-0.000751502
-8.46544e-05
-0.000941044
-0.000495654
-5.60393e-05
-0.000580309
-0.00025548
-0.00013958
-0.00031152
-3.13521e-05
-0.000735096
0.000615591
-0.000756605
0.00125441
0.00112574
-0.000291572
-0.000465033
0.000489484
-0.000781056
0.000487753
-0.000206765
3.16519e-05
0.000735145
-0.00024566
0.00023457
0.000297639
9.0874e-05
0.000342082
-0.000107512
3.49134e-05
0.000224637
-0.000192985
-0.000218439
-0.000183526
-0.000380877
0.000135216
-0.000121572
-0.000819473
-0.000873074
-0.000866587
-0.000440074
-0.000140234
-0.00125955
-0.000308077
-0.000448312
0.000183327
-0.00064836
0.00130907
0.00129071
-0.000442408
-0.000338648
-0.00109077
-0.000339293
-0.000677941
0.000164251
-7.33767e-05
-2.87346e-05
-0.00021226
0.000319773
-0.000184556
1.79891e-05
-4.55906e-05
-0.000921736
5.51492e-05
-0.000921621
-0.00122048
-3.90636e-05
-0.00116533
-0.000447162
-0.000486226
0.00127488
1.58249e-05
0.00132435
-0.0010278
-6.29645e-05
-0.00101198
-0.000668928
-0.000731892
0.00117083
0.000264556
0.00233224
-0.00090839
-1.32311e-05
-0.0008968
-0.0010192
-0.000146133
-0.00103243
-0.000487229
-0.000633362
0.00131869
5.66282e-06
0.00140332
-0.00114374
0.00013176
-0.00113808
-0.000751756
-0.000619996
0.00113451
-0.000842541
0.00139907
-0.000893364
-3.43597e-06
-0.00078462
0.00125799
0.000145326
0.00138386
0.000541319
-0.00180709
0.00102247
-0.000677576
0.00207665
-0.00165466
0.00109916
-7.66913e-05
0.000859637
-0.000863073
-0.00123776
0.000205331
-0.000378126
-0.000635906
-0.000430575
0.000637143
-0.000491818
-0.00121566
7.75881e-05
-0.000578521
-0.000649143
-0.000571554
-0.000307439
0.000848758
0.00176921
0.0011589
-5.97387e-05
0.000295827
-0.000848752
0.000356935
5.93497e-09
0.000773155
0.000996052
0.000696464
0.000439569
0.000256895
0.00037983
-0.000641944
0.000263817
-0.000346117
-0.000442351
-0.000178534
-0.000776548
0.000198027
-0.000419613
-0.000590788
-0.000392761
-0.000596824
0.00059683
0.000399228
-0.000487491
0.000141374
-0.000107661
-0.000637392
0.000217779
-4.05623e-05
-0.000308206
0.000200545
-5.13112e-05
0.000347916
-0.000221054
-7.96799e-05
-0.000412856
-0.000195077
-0.000341892
0.000146815
-0.000166007
8.63274e-05
3.45377e-05
-0.000382454
-2.18837e-05
3.49634e-05
)
;

boundaryField
{
    movingWall
    {
        type            calculated;
        value           uniform 0;
    }
    fixedWalls
    {
        type            calculated;
        value           uniform 0;
    }
    frontAndBack
    {
        type            empty;
        value           nonuniform List<scalar> 0();
    }
    defaultFaces
    {
        type            empty;
        value           nonuniform List<scalar> 0();
    }
}


// ************************************************************************* //
