/*--------------------------------*- C++ -*----------------------------------*\
  =========                 |
  \\      /  F ield         | OpenFOAM: The Open Source CFD Toolbox
   \\    /   O peration     | Website:  https://openfoam.org
    \\  /    A nd           | Version:  8
     \\/     M anipulation  |
\*---------------------------------------------------------------------------*/
FoamFile
{
    version     2.0;
    format      ascii;
    class       surfaceScalarField;
    location    "0.072";
    object      phi;
}
// * * * * * * * * * * * * * * * * * * * * * * * * * * * * * * * * * * * * * //

dimensions      [0 3 -1 0 0 0 0];

internalField   nonuniform List<scalar> 
1107
(
0.000315988
-0.000643388
0.000633494
-0.000306094
0.000616968
-0.00030098
-2.96871e-05
0.000646655
0.000304962
0.000538557
-0.000106654
-0.000736865
-0.000968718
0.000630292
-9.76566e-05
0.000701464
0.000286064
-5.36018e-05
-1.49161e-05
-3.72723e-05
0.000683927
-3.30514e-05
1.43471e-05
-8.79496e-05
0.000180752
-0.000148833
-6.49694e-05
0.000300272
-0.000856385
-0.00126768
0.000599238
-0.000207466
0.000740101
0.000760967
-9.67756e-05
4.17076e-05
0.000814911
-9.56515e-05
3.58091e-06
-4.28359e-05
-1.13353e-05
0.000725635
0.000853067
2.99215e-05
-6.80779e-05
6.44732e-05
-0.000126751
-8.65555e-05
2.51489e-05
-4.86254e-05
0.000227395
-0.000140759
-0.000213387
0.000277847
-0.000115422
0.000296552
-0.00087509
-0.00151061
0.000539474
-0.000366498
0.00075827
0.000828766
-0.000185441
0.000899229
-0.000166114
5.21559e-06
-2.29026e-05
-6.11976e-06
-2.22923e-05
0.000865048
1.03115e-05
0.000755556
0.000946172
-0.000115022
0.000963473
-3.95931e-05
0.000951857
-2.38977e-05
3.55138e-05
3.54042e-05
-7.27549e-05
-4.92049e-05
1.3622e-05
-2.68432e-05
-8.23999e-05
-0.000131114
0.000322167
-0.000215173
-0.00032038
0.000397171
-0.000190426
0.000306687
-0.000784605
0.000459871
-0.00166379
-0.000570355
0.000743331
0.000880865
-0.000308036
0.000968442
-0.000253691
2.99797e-06
-1.22786e-05
-3.12179e-06
8.81589e-05
0.0009169
-5.32019e-05
0.00085347
-1.23193e-05
0.000765868
0.00102611
-0.000172689
0.00105048
-6.39607e-05
0.00103964
4.63482e-05
0.000999432
0.00012837
-0.000118507
0.000932826
0.000185113
5.74526e-05
-0.000104205
-3.56473e-05
2.76047e-05
-1.93569e-05
1.0414e-05
-9.65254e-06
-0.00012977
-0.000216517
-6.19168e-05
-0.000172058
0.000691201
-0.000801684
0.000902305
-0.000467009
0.0010109
-0.000362287
2.20819e-06
-4.07273e-06
-9.13603e-07
0.000865652
-6.72588e-05
0.000823939
-2.36708e-05
0.000753548
0.000822857
-0.0001474
0.000257369
0.00107958
-0.000241374
0.00111069
-9.50619e-05
0.00110237
5.46594e-05
0.00105827
0.000172471
0.000974504
0.000268883
4.56511e-05
-3.06063e-05
-7.69616e-05
2.44412e-05
-1.44373e-05
1.1468e-05
-6.38366e-06
4.27933e-06
-2.46392e-06
0.000877235
-0.000653044
0.00100526
-0.000490314
8.82562e-07
-6.75956e-07
-3.10409e-08
0.000334139
0.000670016
-0.000181298
0.000790608
-7.23561e-05
0.000785615
-2.8935e-05
0.000729878
0.000827236
0.000404636
0.000622678
0.000538697
0.000388297
-0.00129506
0.00152945
0.00108446
-0.000320572
0.00112433
-0.000134931
0.00112315
5.58433e-05
0.00107775
0.000217871
0.000975215
0.000371413
-3.58711e-05
-5.5797e-05
6.10619e-05
-1.92679e-05
-3.10406e-05
-9.0922e-06
-1.65593e-05
-3.37985e-06
-8.17627e-06
-6.70587e-07
-3.38522e-06
-7.01628e-07
0.000988003
0.000345407
-0.000945113
0.00037151
-0.000996558
0.000688049
-7.87396e-05
0.000739101
-2.58424e-05
0.000700943
0.000793474
0.000586378
0.00054756
0.00078461
0.000411893
0.00166511
0.000483357
0.000916539
-5.78823e-05
-9.54248e-05
9.751e-05
-3.13309e-05
-5.75919e-05
-1.47863e-05
-3.3104e-05
-5.47329e-06
-1.74893e-05
-1.09569e-06
-7.76282e-06
-1.79732e-06
0.000101453
0.000300659
-5.67054e-05
0.000227765
-0.000801368
0.000357808
-0.000666317
0.000680878
-2.05161e-05
0.0006751
0.000415897
0.000168912
-4.46233e-05
-0.000125339
7.45375e-05
-2.45265e-05
-7.76886e-05
-1.18008e-05
-4.58297e-05
-4.489e-06
-2.48011e-05
-9.73151e-07
-1.12787e-05
-2.77047e-06
0.000246477
0.000202966
-0.000148783
0.000201332
-3.02719e-05
0.000136231
-0.000579791
0.000342994
-0.000328433
0.000654584
0.000297727
0.000364646
-1.47584e-05
-0.000134212
2.36318e-05
-8.36322e-06
-8.40838e-05
-4.13883e-06
-5.00541e-05
-1.6602e-06
-2.72797e-05
-4.05065e-07
-1.25338e-05
-3.17553e-06
0.000150018
0.000136494
-8.35461e-05
0.000129095
-7.6546e-05
0.000120988
-1.5029e-05
7.00074e-05
-0.000306804
0.000326151
0.000201927
0.000245818
1.39951e-05
-0.000122559
-2.56488e-05
7.11171e-06
-7.72003e-05
3.16898e-06
-4.61113e-05
1.11804e-06
-2.52288e-05
1.7962e-07
-1.15954e-05
-2.99591e-06
0.000129933
7.89176e-05
-7.23566e-05
8.59917e-05
-4.04432e-05
7.41967e-05
-2.9755e-05
5.93495e-05
-4.37121e-06
1.93472e-05
0.000119999
0.000211861
-8.92874e-05
6.00021e-05
0.000149284
1.62195e-05
-3.57588e-05
-0.000103019
7.5768e-06
-6.85576e-05
3.23887e-06
-4.17734e-05
1.16874e-06
-2.31586e-05
2.25026e-07
-1.06517e-05
-2.77088e-06
3.85095e-05
-4.88793e-05
4.86374e-05
-3.50023e-05
4.90599e-05
-1.53064e-05
3.54285e-05
-5.83395e-06
1.4976e-05
-5.23078e-05
2.40086e-05
8.83012e-05
-3.18867e-05
5.77091e-05
-6.75958e-05
-1.25587e-05
-4.24866e-05
-2.81539e-06
-2.0395e-05
-5.58627e-06
1.45206e-05
-2.83189e-05
2.31349e-05
-2.33769e-05
2.72489e-05
-1.31914e-05
2.32033e-05
-3.0811e-06
9.14207e-06
4.93304e-06
-2.58429e-05
4.49185e-05
-2.07489e-06
7.07096e-06
7.25442e-06
-1.22505e-05
-1.29793e-05
5.60392e-05
-6.34549e-05
-1.85656e-05
-1.93128e-06
-8.22956e-06
1.50939e-05
2.33215e-06
-1.36544e-05
8.21926e-06
-1.34032e-05
1.26562e-05
-8.78408e-06
1.27277e-05
-2.71586e-06
6.06097e-06
1.56645e-06
4.38268e-06
-8.02403e-06
-4.98237e-07
3.46981e-06
4.09936e-06
-1.88903e-06
8.47956e-06
-1.68594e-05
1.02689e-05
-3.10504e-06
-3.36115e-07
1.50987e-06
-1.79434e-06
-4.10307e-06
8.97237e-07
-6.33238e-06
4.24531e-06
-4.99237e-06
5.79462e-06
-1.85098e-06
3.34512e-06
3.51027e-06
1.70727e-06
-3.65109e-06
1.67766e-06
2.20677e-06
1.18015e-07
1.46276e-06
-7.53312e-07
3.04819e-06
6.18467e-06
-2.68356e-06
4.81423e-06
-2.38913e-05
2.17607e-05
-2.17601e-06
2.17295e-06
-3.10197e-06
-2.23939e-06
1.08926e-07
-1.41776e-06
-1.78808e-06
2.36386e-07
-2.32346e-06
1.84507e-06
-1.04282e-06
1.49414e-06
3.84852e-06
-3.38752e-07
5.04885e-10
2.66342e-06
7.21501e-07
1.33901e-06
9.85774e-07
2.42385e-07
4.67061e-07
-2.00919e-07
5.65546e-07
-5.83171e-07
5.39737e-06
-1.21499e-06
1.74231e-06
-2.70334e-06
-1.40615e-06
1.3397e-06
-1.48187e-06
1.73036e-07
-9.40418e-07
-6.11276e-07
3.65824e-09
-4.82049e-07
4.51324e-07
2.70797e-06
-2.2773e-06
3.41785e-06
2.65798e-06
-3.33334e-07
1.80108e-06
2.59429e-07
8.83478e-07
3.44681e-07
1.82785e-07
8.33556e-08
-1.76259e-08
-1.68801e-06
-9.52301e-07
1.42532e-06
-6.61326e-07
9.97485e-07
-8.42306e-07
7.00144e-07
-8.73671e-07
1.06289e-07
-4.96605e-07
-1.11013e-07
-3.07238e-08
1.50349e-06
-2.03563e-06
3.24011e-06
1.72678e-06
-1.3461e-06
1.68457e-06
-2.16828e-07
1.07546e-06
6.74413e-08
4.62406e-07
6.50597e-08
6.57292e-08
-2.47169e-06
-1.39681e-06
2.1805e-06
-1.04687e-06
-5.66763e-07
-3.37034e-07
4.92212e-07
-4.55246e-07
2.81718e-07
-4.23446e-07
3.313e-08
-1.41737e-07
2.15643e-06
1.27757e-06
-1.93052e-06
8.36087e-07
-1.14494e-06
1.01756e-06
-6.79095e-07
9.58932e-07
-1.00295e-07
5.24236e-07
5.61093e-09
1.30789e-07
-2.93641e-06
-7.53255e-07
1.21797e-06
-1.63426e-06
-8.09424e-07
-6.10374e-07
-2.93423e-07
-1.52662e-07
1.89628e-07
-2.04003e-07
6.22744e-08
-1.08608e-07
-2.83517e-06
1.91359e-07
-2.92602e-07
1.29633e-06
-1.97507e-06
1.35212e-06
7.6153e-07
4.32041e-07
-5.59425e-07
5.44238e-07
-2.64402e-07
4.50357e-07
-2.64161e-08
1.364e-07
-1.9599e-06
-4.27616e-07
-1.01387e-06
-4.05926e-07
-3.25622e-07
-1.20464e-07
-5.35668e-08
3.91921e-08
-4.63338e-08
-1.88432e-06
1.15767e-07
7.6413e-07
7.98823e-07
3.94746e-07
1.9908e-07
-2.14268e-07
2.42033e-07
-5.60782e-08
1.09984e-07
-1.22889e-06
-2.12595e-07
-5.71835e-07
-1.59714e-07
-1.4615e-07
-2.78813e-08
-7.1416e-09
-1.1744e-06
6.1274e-08
3.88551e-07
4.31751e-07
1.62074e-07
7.16005e-08
-4.38365e-08
5.39065e-08
-6.99994e-07
-8.44361e-08
-2.70053e-07
-3.58107e-08
-3.5023e-08
-6.6528e-07
2.6559e-08
1.55022e-07
1.96029e-07
3.76445e-08
1.00697e-08
-3.34733e-07
-1.97566e-08
-7.08334e-08
-3.15508e-07
7.33447e-09
3.55423e-08
4.77139e-08
-9.059e-08
-8.32559e-08
0.000597178
-0.00138178
-0.00106661
0.000323401
-0.000539917
0.000860692
-0.000537292
0.000540312
0.00130424
-0.000763926
0.00111381
-0.000267971
0.00157007
-0.00183804
0.000503456
-0.000298229
-0.00139491
0.000630982
0.000139434
-0.000311492
-0.000400484
4.44263e-05
-0.000121388
-0.000267066
0.00033185
-0.000732334
0.00117716
-0.000845311
0.000639869
-0.000755038
0.00207404
-0.00144306
0.000236004
0.00130967
-0.00107367
0.00101144
0.0003584
0.00101925
-0.00177429
-0.00042381
-6.03261e-05
0.000230335
-0.000290661
-3.67308e-05
-0.000769064
-6.7383e-05
-0.000701681
0.00137393
-0.00144132
0.000528623
-0.00124567
0.00142813
-0.00185194
0.000354462
0.000887035
-0.000532573
-0.00124544
0.000755122
-0.00137917
0.00105859
-0.000624044
0.000990066
-0.00223573
-0.000861875
0.00086145
0.000803663
0.00177799
-0.000412932
0.00099931
-0.00149408
0.00135915
-0.000435483
-0.00116232
0.000749393
-0.000790912
-0.00132525
0.00138109
3.38967e-05
-0.00129353
0.000502615
-0.00107566
0.000305436
-0.000193151
0.000132841
-0.000325992
-0.00056884
0.000281247
-0.000850087
-0.00116007
0.000202682
-0.00136275
-0.00203305
0.0011436
-0.00200548
-0.000611027
-1.30165e-05
-0.000667248
0.000231765
-0.000680264
-2.4553e-05
-0.0020085
-0.00203003
-0.000901681
0.00170534
-0.00011707
0.00088224
0.000281923
0.00149607
0.00198727
0.00166498
-2.67023e-05
0.000908942
-0.00101688
0.00099018
-0.00026749
-0.000586992
0.000620888
-0.000355227
-0.000971406
0.000703916
-0.000468791
-0.00079793
0.000329139
-0.000492493
0.000128395
-0.000251455
8.12105e-05
-0.000332665
-0.000768876
3.49659e-05
-0.000803842
-0.00132779
-0.000350909
-0.000976877
-0.00235941
0.000884758
-0.00123998
0.000204494
-0.00182553
-0.00142592
0.000185938
0.000920276
-0.00274581
-0.00143913
0.000538792
0.00144847
0.00144773
-0.00100912
0.00137377
0.000655859
0.00210433
9.8885e-05
0.00134885
0.00108907
4.41104e-05
0.00104495
0.000748026
0.000217931
0.000530095
0.00054707
0.000675465
-0.000750457
-0.000309033
1.00443e-05
-0.000319078
-0.000793798
-0.000349434
-0.000444364
-0.00132631
-0.000424811
-0.0009015
-0.00186394
0.00201392
-0.00182799
-0.000731887
0.00173279
-0.00248325
-9.51934e-05
0.00128856
-0.00202044
-0.000575386
-0.000617122
0.00086294
0.000756645
-0.00121301
0.00196966
0.000891321
0.00224017
0.00140622
0.000833948
0.00245118
0.00298127
-0.000632538
0.00205922
-0.00142669
0.00311579
-0.000134517
-0.000344726
0.00056503
-0.00114042
-9.40198e-05
-0.000250707
-0.000538384
-0.000119144
-0.00041924
-0.00102064
-0.000455615
0.00182436
0.000234864
-0.00172917
-0.000291276
-0.00073333
0.000968194
-0.000977241
-0.000163175
0.000647996
-0.000939272
-0.000329245
-0.00117889
0.000445556
-0.000325325
0.000537186
0.000537615
2.80235e-05
-0.000605758
0.000577735
-0.00115086
-0.000122761
0.000349226
-0.000226465
-0.000728519
-0.000702996
0.00124061
0.00126666
0.00210061
-0.000341435
-0.000809428
-0.00176812
0.00121699
0.000883619
0.00108247
-0.000685647
-0.000286465
0.00039486
-0.000558035
-0.000676728
0.000221113
-0.000281868
-0.000125808
-0.000160657
-0.000545048
-0.000323934
-0.00126094
0.00032167
-0.000292749
-0.000608609
0.000315861
-0.000163053
-0.000503016
-5.50193e-05
0.00083226
-0.00051059
-0.000676659
0.000513607
-9.89245e-05
0.000369063
-1.98368e-05
0.000270138
-0.000219609
0.000199772
1.72085e-05
0.000144662
-0.000161871
-0.0002024
-0.000428866
-0.00025927
-0.000169595
-0.000112995
0.00026228
0.000424191
-0.000149253
0.000573444
0.00109136
0.000317331
-0.000576601
-0.000411188
-0.00122062
0.000468778
0.000622579
-0.000666751
-0.000553865
0.0013524
-2.15571e-05
0.000109858
0.000240723
0.000113868
-0.000274525
-1.08485e-05
-0.000466309
0.000184441
-0.000521328
-0.000100944
-0.000173582
-0.000424878
-0.000240437
0.000483764
2.9842e-05
-0.000799625
0.000289035
-0.000531976
1.06479e-05
-0.000242941
-0.000300891
0.000330733
-0.000346521
4.56295e-05
-7.63827e-05
-0.000238793
0.00016241
-3.90205e-05
-0.00013203
9.30092e-05
1.26325e-05
5.50569e-06
2.43819e-05
-2.98876e-05
1.27601e-05
-2.40481e-05
4.843e-05
6.98107e-05
-9.38588e-05
8.24432e-05
-4.69352e-05
-4.69236e-05
-0.000208806
-2.42585e-05
-5.62916e-06
-7.11821e-05
-1.78797e-05
-0.000102293
-0.000106513
-0.000271888
-0.000104192
-0.000167696
-0.000680793
-9.4265e-05
0.000334988
0.000479179
0.00110176
-0.000443679
-0.000237114
0.000997544
0.000104214
1.872e-05
2.61984e-05
0.000128578
4.65875e-05
8.19909e-05
0.000381575
5.40431e-05
-0.000227625
1.35527e-05
-7.32798e-05
-0.000154345
-0.000313717
-0.000303069
-0.000234923
-6.81461e-05
-0.000477864
-0.000147131
0.00019199
-2.95801e-05
-0.000237619
9.04888e-05
5.34784e-05
2.89648e-05
0.000146488
0.000116908
4.09922e-05
7.43782e-06
6.99569e-05
1.77067e-05
-4.91501e-05
-2.2032e-05
-0.000155663
-2.30966e-05
5.21695e-06
-4.51287e-05
-2.8071e-06
1.52404e-05
-1.46486e-07
4.14388e-05
-0.000103295
-5.23685e-05
-0.000270991
-0.000148708
-0.000122282
-0.000385823
0.00034224
3.93351e-05
0.000446454
6.06309e-05
9.44606e-06
3.19927e-05
9.14369e-05
0.000130772
9.7115e-05
-2.7158e-05
0.000214023
-0.000236365
8.20205e-05
-0.000304511
-1.85656e-05
-5.39735e-06
-8.06664e-06
7.92016e-06
-6.55677e-06
-4.07977e-05
-4.33097e-06
-9.31662e-05
-1.2722e-05
9.91494e-06
-1.7053e-05
6.26382e-06
1.14547e-05
-3.53451e-06
4.34474e-05
-7.52853e-05
-1.78809e-05
-0.000197568
-0.000136937
3.34753e-05
9.97207e-06
0.000164247
2.73108e-05
-8.41634e-06
4.88183e-06
5.09016e-06
-8.19213e-06
-1.46661e-06
-9.88296e-06
-7.67637e-07
-7.4245e-06
-3.47098e-06
-3.03673e-05
1.33143e-05
-4.82483e-05
-1.81351e-06
8.07733e-06
1.15008e-05
8.07781e-06
1.31496e-05
-8.26781e-06
2.31217e-05
3.05103e-05
-7.38855e-06
-5.7821e-05
9.57278e-06
-4.50429e-07
-9.43253e-06
-8.71825e-06
-2.52118e-06
-4.90332e-06
-1.19537e-05
-2.04567e-06
-6.94899e-06
2.83121e-06
8.66957e-06
1.2404e-05
-4.25468e-06
7.67252e-06
3.82313e-06
1.24927e-05
-2.57638e-06
-6.14186e-06
-9.96494e-06
-1.12715e-05
1.30656e-06
1.13248e-06
8.30445e-07
6.84207e-06
4.07054e-06
-8.18847e-06
-3.76524e-06
-1.43303e-05
-4.76849e-06
-8.53374e-06
4.99109e-07
6.34296e-06
1.29918e-05
1.41243e-05
-1.29982e-05
-1.33215e-06
1.16916e-05
2.43265e-06
2.14001e-06
8.48297e-06
-7.31577e-06
-8.64793e-06
-8.94054e-06
6.5079e-06
)
;

boundaryField
{
    movingWall
    {
        type            calculated;
        value           uniform 0;
    }
    fixedWalls
    {
        type            calculated;
        value           uniform 0;
    }
    frontAndBack
    {
        type            empty;
        value           nonuniform List<scalar> 0();
    }
    defaultFaces
    {
        type            empty;
        value           nonuniform List<scalar> 0();
    }
}


// ************************************************************************* //
