/*--------------------------------*- C++ -*----------------------------------*\
  =========                 |
  \\      /  F ield         | OpenFOAM: The Open Source CFD Toolbox
   \\    /   O peration     | Website:  https://openfoam.org
    \\  /    A nd           | Version:  8
     \\/     M anipulation  |
\*---------------------------------------------------------------------------*/
FoamFile
{
    version     2.0;
    format      ascii;
    class       volVectorField;
    location    "0.072";
    object      U;
}
// * * * * * * * * * * * * * * * * * * * * * * * * * * * * * * * * * * * * * //

dimensions      [0 1 -1 0 0 0 0];

internalField   nonuniform List<vector> 
656
(
(0.743372 0.0565316 -9.6546e-25)
(0.927889 0.0140691 1.86666e-24)
(0.954788 -0.00127375 0)
(-0.0910749 0.118994 2.40002e-23)
(0.556742 0.0977245 1.12098e-23)
(0.841242 0.000939747 0)
(-0.0571798 0.0672276 -4.93901e-23)
(-0.0145962 0.018846 9.85106e-24)
(0.968227 -0.000150836 0)
(-0.000504663 0.138601 -2.37829e-24)
(-0.00304958 0.193131 -7.83497e-23)
(-0.117738 0.172053 0)
(0.376006 0.139834 1.00526e-23)
(0.715019 0.00930684 0)
(0.890989 0.00127447 -1.70666e-22)
(0.906566 0.00058307 4.77896e-23)
(0.00104041 0.0823434 9.70497e-24)
(0.00137427 0.0267217 0)
(0.971852 -7.63395e-05 -3.43355e-23)
(0.91366 0.000298499 -1.43718e-22)
(-0.0123884 0.0928736 7.71106e-23)
(-0.00523408 0.0628724 0)
(-0.0239222 0.125115 1.33362e-24)
(-0.00789609 0.242544 1.53982e-22)
(-0.136115 0.223437 -1.67658e-22)
(0.210343 0.18042 -2.26587e-23)
(0.577674 0.0245874 0)
(0.8007 0.00637686 2.66449e-22)
(0.829493 0.00303208 -8.9162e-23)
(-0.00144234 0.0356647 0)
(-0.000151562 0.0114449 0)
(0.916983 0.000158302 5.13465e-23)
(0.973373 -4.69539e-05 -3.66606e-23)
(0.842957 0.00161721 1.95815e-22)
(0.84942 0.000810268 -5.18088e-23)
(0.854025 6.33638e-05 -1.08889e-22)
(-0.00677975 0.0608909 -1.05382e-22)
(-0.00280708 0.0409245 1.7071e-23)
(-0.0137926 0.0825103 -1.88325e-22)
(-0.0408483 0.158565 -1.577e-22)
(-0.0167099 0.28282 1.66501e-22)
(-0.143742 0.269547 -4.77709e-24)
(0.0686491 0.217917 4.55153e-22)
(0.433183 0.0474137 0)
(0.696558 0.0162321 0)
(0.73938 0.00802613 -3.69819e-22)
(-0.000821631 0.0230281 -5.40254e-24)
(-0.000128819 0.00732305 0)
(0.854936 -0.000883154 1.20144e-22)
(0.919449 2.84187e-05 -2.78104e-23)
(0.974007 -2.02156e-05 4.92917e-24)
(0.759766 0.00435479 0)
(0.769758 0.00218497 0)
(0.776834 0.000151694 -1.06666e-22)
(0.778378 -0.00237207 4.59708e-22)
(0.763618 -0.0060429 0)
(-0.0103746 0.0366047 2.00132e-22)
(-0.00502148 0.02574 2.95146e-22)
(-0.00202821 0.0165174 -2.87515e-22)
(-0.0250269 0.104803 -1.85263e-22)
(-0.0193444 0.0489373 5.84789e-22)
(0.286811 0.0796719 -1.32799e-22)
(0.578469 0.0319864 1.75137e-22)
(0.635198 0.0165795 -5.20766e-22)
(-0.000553542 0.00884759 4.53704e-23)
(-6.70911e-05 0.00256185 6.09052e-23)
(0.844855 -0.00224231 -2.54661e-22)
(0.919996 -0.000146375 8.54504e-23)
(0.974686 1.28989e-05 5.4783e-24)
(0.726762 -0.0151975 -1.16788e-23)
(0.662687 0.00911819 0)
(0.676447 0.0046635 1.93316e-22)
(0.686374 0.000385745 2.04132e-22)
(0.688957 -0.00481313 -8.82334e-22)
(0.669699 -0.0125425 2.2728e-22)
(-0.0083989 0.0139352 8.88425e-22)
(-0.00405369 0.00913834 -6.83439e-24)
(-0.00182773 0.0055053 0)
(-0.000643621 0.00295315 1.05771e-22)
(0.447785 0.0558273 0)
(0.516948 0.0303668 6.66111e-22)
(-8.94501e-05 0.00127338 -1.00136e-22)
(5.53253e-05 0.000241406 -3.08629e-23)
(0.604782 -0.0240902 4.71815e-22)
(0.820256 -0.00592567 1.49695e-22)
(0.914481 -0.000374898 0)
(0.975029 4.19932e-05 -5.28358e-23)
(0.619965 -0.0302301 -2.88773e-22)
(0.468203 -0.0472374 7.26194e-22)
(0.251477 -0.190757 -8.79083e-22)
(0.550818 0.0170785 0)
(0.568139 0.00874684 4.66272e-23)
(0.581224 0.000991311 -1.45194e-22)
(0.585523 -0.00871532 5.11888e-22)
(0.562564 -0.0231797 -8.69615e-22)
(-0.0147914 0.00626429 3.73777e-22)
(-0.0092474 0.00306676 -3.98855e-22)
(-0.00537243 0.00139794 -1.97736e-22)
(-0.00279659 0.000480328 3.9135e-22)
(-0.0011659 4.3845e-05 4.71302e-23)
(-0.000203206 -6.20618e-05 -2.84977e-23)
(-0.136729 -0.25024 5.90066e-23)
(0.411943 -0.147966 -6.13837e-23)
(0.732776 -0.00901626 -7.95847e-22)
(0.901184 -0.00112444 0)
(0.973746 0.000109582 0)
(0.499711 -0.0539468 5.52148e-22)
(0.325505 -0.0810128 -2.77331e-22)
(0.10628 -0.230034 1.02582e-22)
(-0.14141 -0.298196 1.38428e-21)
(-0.0465809 0.0112551 0)
(-0.0340214 0.00583956 1.86864e-22)
(-0.0235918 0.00285795 -6.5998e-22)
(-0.0149881 0.00114533 1.84042e-22)
(-0.00792728 0.000287621 -4.38529e-23)
(-0.00212808 2.17956e-05 -2.72269e-23)
(-0.00754471 -0.289025 0)
(-0.120665 -0.194925 0)
(0.582913 -0.103403 4.88167e-22)
(0.850385 -0.000878665 -3.99585e-23)
(0.970605 0.000203292 -1.0304e-22)
(-0.0155587 -0.332913 -1.64647e-21)
(-0.0760016 0.0100103 0)
(-0.0568625 0.0055274 1.93152e-22)
(-0.0403704 0.00276353 -1.41163e-24)
(-0.0262673 0.00117177 9.54895e-23)
(-0.0142713 0.000360381 -4.48738e-23)
(-0.00411645 7.18059e-05 0)
(-0.0276226 -0.164266 -5.51166e-22)
(-0.00296311 -0.233225 0)
(-0.094997 -0.136206 5.08316e-22)
(0.757889 -0.0597746 0)
(0.956554 0.00135216 7.64119e-23)
(-0.0466792 -0.205084 0)
(-0.0980833 0.00828915 0)
(-0.0741658 0.00460867 1.20079e-22)
(-0.0531748 0.00234365 -3.48156e-22)
(-0.0349415 0.00102805 1.12647e-22)
(-0.0192396 0.000345403 5.03488e-23)
(-0.0057843 8.89869e-05 -1.68741e-23)
(-0.0156551 -0.119016 2.82624e-22)
(-0.0145375 -0.123346 0)
(-0.000248332 -0.169215 -4.45517e-22)
(-0.0605237 -0.077612 4.30418e-22)
(0.931395 -0.0147218 0)
(-0.0284336 -0.14858 0)
(-0.107002 0.00724118 1.53157e-22)
(-0.0809986 0.0040872 -1.47864e-22)
(-0.0581631 0.00207774 1.43075e-22)
(-0.0382903 0.000905907 -2.73891e-22)
(-0.0211547 0.000304624 3.76659e-22)
(-0.00650411 7.8617e-05 -5.02191e-23)
(-0.0133567 -0.0678504 2.43769e-22)
(-0.00771826 -0.0890907 -5.22017e-22)
(-0.00596361 -0.0840624 1.52073e-22)
(0.0018125 -0.10077 -4.61979e-22)
(-0.014189 -0.0214027 1.30993e-23)
(-0.0241137 -0.08684 0)
(-0.0154596 -0.0452071 -5.49848e-23)
(-0.107959 0.00780763 -1.88585e-22)
(-0.0816208 0.00492821 7.6013e-22)
(-0.0586916 0.00264406 -7.25774e-22)
(-0.0387739 0.00113979 0)
(-0.0215127 0.000351511 0)
(-0.00671203 7.27339e-05 -5.50907e-24)
(-0.00849333 -0.0350753 1.17254e-22)
(-0.00666754 -0.0497861 3.44419e-24)
(-0.00302976 -0.0605383 3.97954e-22)
(-0.00125807 -0.0475645 -1.49542e-22)
(0.00233742 -0.0310264 0)
(-0.0087367 -0.0196261 8.91157e-22)
(-0.0632727 0.00409068 8.29112e-22)
(-0.0414392 0.00257031 -8.57318e-22)
(-0.0227743 0.000908211 0)
(-0.00700788 0.000157891 -7.76638e-24)
(-0.00480561 -0.0146258 -2.36315e-22)
(-0.0041875 -0.0254803 -9.16755e-23)
(-0.00273012 -0.0332885 1.89005e-22)
(-0.000643028 -0.0342483 -1.29325e-22)
(0.000182374 -0.0143644 4.94292e-23)
(-0.00447316 -0.00526362 0)
(-0.00270515 0.00319942 -1.02406e-21)
(-0.0505233 0.00117962 0)
(-0.0176832 0.000393738 -2.71413e-23)
(-0.00152153 0.000803012 0)
(-0.0023808 -0.00358769 -2.4056e-22)
(-0.00234467 -0.0102315 -4.59277e-22)
(-0.00172115 -0.01686 -6.24876e-23)
(-0.000724355 -0.0186249 1.27155e-22)
(7.65174e-05 -0.0106526 -4.96195e-23)
(-0.00107967 -0.000901813 2.08809e-21)
(-0.0013058 0.00154697 2.17904e-21)
(-0.00310714 0.00369225 7.02064e-23)
(-0.000132252 0.00198772 -4.81421e-22)
(-0.000748899 0.00104722 -9.82139e-25)
(-0.00111806 -0.00225112 1.24587e-22)
(-0.000958169 -0.0065353 3.71987e-22)
(-0.000483948 -0.00934982 7.62151e-24)
(-6.56821e-05 -0.00583852 -2.27909e-23)
(-0.000147163 -0.00257423 -1.8831e-24)
(-0.00045303 -0.00141111 -1.74692e-21)
(-0.000547473 0.000678269 -5.26914e-22)
(-0.00136108 0.00157789 0)
(-0.00319326 0.00914145 1.51719e-21)
(0.000388906 0.00150872 -2.58748e-22)
(-4.01208e-06 0.00176356 2.56504e-22)
(-0.000314382 0.00105798 1.28437e-22)
(-0.000440084 -0.00126601 0)
(-0.000272069 -0.00350527 -1.2192e-22)
(-6.47671e-05 -0.0029335 1.71268e-23)
(0.000229813 -0.00282241 8.2743e-22)
(1.3091e-05 -0.0024173 3.33749e-22)
(-0.000162061 -0.00146191 1.96692e-22)
(-0.000173832 0.000192919 5.36027e-23)
(-0.000334856 0.000545394 -6.14596e-23)
(-0.000459738 0.0021195 1.09238e-21)
(0.000309998 0.000534331 1.08136e-21)
(0.000248206 0.00126828 -4.04759e-22)
(2.97936e-05 0.00143162 -2.63975e-22)
(-0.00010714 0.00088319 -1.28486e-22)
(-0.000115808 -0.000584157 0)
(-3.96681e-05 -0.00106199 -1.12742e-23)
(0.000527719 -0.00205724 0)
(0.000185001 -0.00240308 -2.86302e-22)
(4.72206e-05 -0.00200798 -9.86496e-22)
(-3.76591e-05 -0.00121424 3.21487e-22)
(-2.21674e-05 -2.85746e-05 -3.58205e-22)
(-1.24918e-05 1.18418e-05 9.65582e-24)
(0.000531631 0.000191888 -4.69796e-22)
(0.000171385 0.000398615 7.16202e-22)
(0.000139417 0.0009799 -6.9298e-22)
(2.76242e-05 0.00103529 1.32346e-22)
(-1.72623e-05 0.000583549 0)
(-1.0998e-05 -0.000141984 1.11475e-23)
(0.000388666 -0.000698299 0)
(0.000316628 -0.00169509 5.50363e-22)
(0.000115012 -0.00187423 7.16437e-22)
(3.78238e-05 -0.00146523 9.39673e-22)
(8.24383e-06 -0.000791045 -3.33797e-22)
(9.7797e-06 -5.50965e-05 -2.20472e-23)
(0.00120437 0.000277065 -5.60812e-22)
(0.000378122 0.000104341 0)
(8.36452e-05 0.000273106 5.14327e-22)
(6.48255e-05 0.000678137 0)
(1.68297e-05 0.000614083 0)
(6.22525e-06 0.000211393 0)
(0.00071821 -0.000234671 6.27184e-22)
(0.000209755 -0.00052418 -5.69269e-22)
(0.000168774 -0.00128684 -5.60025e-22)
(5.82609e-05 -0.00130778 -4.18076e-22)
(2.38466e-05 -0.000871769 -4.34756e-22)
(1.31855e-05 -0.000279273 1.31221e-23)
(0.00168448 0.000145543 0)
(0.000960408 0.000159047 1.40554e-22)
(0.00024959 5.15091e-05 0)
(3.23161e-05 0.000167166 1.98712e-27)
(2.19553e-05 0.000384928 0)
(8.66809e-06 0.000196524 -8.98033e-23)
(0.00183263 -2.66497e-05 0)
(0.00156295 -0.000258021 -5.66057e-22)
(0.000521835 -0.000131823 -1.57989e-22)
(9.93662e-05 -0.000359886 2.91848e-22)
(7.56287e-05 -0.000876873 -4.14963e-22)
(2.453e-05 -0.000749647 -1.31463e-22)
(1.22898e-05 -0.000280514 9.1568e-23)
(0.00135228 8.22948e-05 -1.88763e-23)
(0.000714903 8.24068e-05 -2.10201e-22)
(0.000149175 2.00191e-05 0)
(6.31355e-06 8.29582e-05 -1.0821e-22)
(5.51403e-06 0.000112556 9.05924e-23)
(0.00146946 -1.80092e-05 2.09891e-24)
(0.00124631 -0.000151745 6.35705e-22)
(0.000352305 -6.59883e-05 -4.7221e-27)
(3.77553e-05 -0.000221025 1.34876e-25)
(2.46037e-05 -0.000490214 -2.65274e-22)
(9.49489e-06 -0.000226721 8.36333e-23)
(0.0010169 4.25268e-05 1.48569e-22)
(0.000482771 3.6349e-05 1.02542e-22)
(7.33691e-05 3.85585e-06 -1.26143e-22)
(-1.21978e-06 1.91282e-05 2.30053e-23)
(0.00110496 -1.07074e-05 2.09439e-24)
(0.000930564 -8.12093e-05 -1.40607e-22)
(0.000215713 -2.6119e-05 4.54167e-22)
(7.22134e-06 -0.000110307 -2.12769e-22)
(6.00857e-06 -0.000139002 3.4025e-26)
(0.000695534 1.8961e-05 0)
(0.000271167 1.19738e-05 1.13807e-22)
(1.73569e-05 -1.10164e-06 7.96667e-23)
(0.000756275 -5.78037e-06 0)
(0.000631065 -3.70681e-05 -2.05699e-22)
(0.000108861 -5.33947e-06 3.95908e-22)
(-1.46233e-06 -2.55664e-05 4.39587e-23)
(0.000397999 6.50199e-06 -9.70972e-25)
(8.26165e-05 2.82717e-06 -1.43009e-22)
(0.000433281 -2.79388e-06 9.6971e-25)
(0.000356281 -1.2956e-05 -1.14033e-22)
(2.67205e-05 1.18577e-06 1.12933e-22)
(0.000128868 1.65379e-06 4.33797e-23)
(0.000140572 -1.23237e-06 0)
(0.000109424 -3.58629e-06 -1.09966e-23)
(-0.142805 0.304015 2.22384e-21)
(-0.0269625 0.258916 5.09921e-22)
(-0.0419225 0.128297 0)
(-0.0753956 0.189539 2.78624e-21)
(-0.0629117 0.19421 -2.94436e-21)
(-0.0730219 0.268243 0)
(-0.0373495 0.311078 0)
(-0.098045 0.353176 -1.02569e-21)
(-0.08493 0.314173 0)
(-0.0388406 0.266567 -1.88531e-21)
(0.152159 0.126701 4.23772e-21)
(-0.0955073 0.278837 0)
(-0.0338101 0.063696 -3.65699e-22)
(-0.0560703 0.10525 0)
(-0.0162073 0.0192659 -3.8181e-21)
(-0.0385988 0.0469833 3.90723e-21)
(-0.0831657 0.121715 -2.27028e-21)
(-0.114795 0.159415 0)
(-0.0954013 0.203483 0)
(-0.119101 0.240239 6.18363e-22)
(-0.10878 0.295515 0)
(-0.0974964 0.289536 1.95869e-21)
(-0.0152747 0.194479 2.36968e-21)
(0.094677 0.1555 -5.71834e-21)
(0.302807 0.0912256 1.1234e-21)
(-0.149953 0.235268 -5.90025e-22)
(-0.140544 0.252468 0)
(-0.0215701 0.0120703 -3.15875e-21)
(-0.0491878 0.0286522 8.6533e-22)
(-0.0607815 0.0521563 7.20349e-22)
(-0.0913819 0.081873 2.30838e-21)
(-0.121538 0.0806724 -4.44501e-21)
(-0.167504 0.115467 -3.93328e-21)
(-0.159415 0.156945 -3.00646e-21)
(-0.184491 0.185493 5.63126e-21)
(-0.130935 0.208743 -1.64175e-21)
(-0.0600039 0.18408 -1.71406e-21)
(0.0433063 0.128475 0)
(0.387484 0.0504137 -5.74684e-21)
(0.190365 0.106434 0)
(0.423916 0.0298106 0)
(0.243692 0.0593197 4.83683e-21)
(-0.206809 0.172876 0)
(-0.178849 0.179866 0)
(-0.0108505 -0.277363 6.0371e-21)
(-0.146116 -0.330367 0)
(0.38653 -0.0835088 0)
(0.436588 0.0148303 -1.97023e-22)
(0.273583 0.0341698 0)
(0.269502 -0.094437 0)
(0.456511 -0.0376426 1.1832e-21)
(0.458409 0.00178945 3.69633e-21)
(0.296559 0.00854907 0)
(0.319997 -0.0442462 0)
(0.473833 -0.0152632 0)
(0.325071 -0.0149206 -3.75314e-21)
(-0.0639565 0.0225516 1.14953e-21)
(-0.097419 0.0360224 -1.44532e-21)
(-0.120521 0.0485921 4.75469e-21)
(-0.173507 0.0548048 0)
(-0.202301 0.085112 0)
(-0.231689 0.0954685 -3.10481e-21)
(-0.249595 0.120079 -2.36309e-21)
(-0.15232 0.139196 0)
(0.0674725 0.0804132 3.34717e-21)
(-0.03529 0.118029 0)
(0.151934 0.0435591 0)
(0.00478663 0.0681991 -3.61973e-21)
(-0.26703 0.106381 7.8473e-21)
(-0.228674 0.113303 -2.31887e-21)
(-0.0112171 -0.264232 -3.40716e-21)
(0.172344 -0.137727 7.67053e-21)
(0.147201 -0.156979 -6.00214e-21)
(-0.114831 -0.387001 1.70474e-21)
(-0.0771508 -0.32903 -3.71049e-21)
(-0.0361773 -0.360378 2.43751e-22)
(0.0477128 -0.183747 -6.36435e-21)
(0.0511172 -0.153926 2.08615e-21)
(0.149708 -0.110147 3.22716e-21)
(0.133981 0.0100515 0)
(0.0258706 0.0381182 0)
(0.0864893 -0.0943294 -3.55659e-21)
(0.189465 -0.0572661 0)
(0.101069 -0.0462996 -3.31619e-21)
(0.200511 -0.0211031 3.02413e-21)
(0.0615109 -0.00978023 4.60935e-21)
(-0.0973004 0.0161597 1.65293e-21)
(-0.141107 0.0248614 0)
(-0.168208 0.0343253 0)
(-0.213578 0.0401044 3.28343e-21)
(-0.245113 0.0588324 0)
(-0.274288 0.0598833 8.26246e-21)
(-0.294486 0.0759671 -7.0613e-21)
(-0.108271 0.0542586 0)
(-0.132034 0.0690086 -5.67659e-21)
(-0.222721 0.0873954 1.15629e-20)
(-0.195132 0.0400448 0)
(-0.292498 0.0752817 -7.4736e-21)
(-0.306164 0.0691275 -3.98625e-21)
(-0.0857078 -0.315037 0)
(-0.0705532 -0.248565 7.72745e-21)
(-0.0719298 -0.24374 0)
(-0.0639374 -0.323037 -5.27585e-22)
(-0.0899666 -0.32602 4.14361e-22)
(-0.102177 -0.242407 -7.93625e-21)
(-0.060358 -0.188498 -7.29074e-21)
(-0.0903806 -0.162631 9.69497e-21)
(-0.0371996 -0.116151 2.98968e-21)
(-0.103666 -0.083461 -3.91716e-21)
(-0.0500575 -0.0527862 0)
(-0.0772433 -0.0178797 -3.1862e-21)
(-0.172141 0.0108857 0)
(-0.123469 0.0131831 0)
(-0.167776 0.0198103 -1.28102e-21)
(-0.198089 0.0256483 -5.01984e-21)
(-0.232511 0.0320142 4.30493e-21)
(-0.261236 0.0426922 -1.53212e-21)
(-0.279694 0.0448556 -1.96662e-21)
(-0.307499 0.0567815 6.22751e-21)
(-0.277592 0.0468651 -6.94648e-21)
(-0.301046 0.061935 8.46951e-21)
(-0.264022 0.015515 0)
(-0.298742 0.0397434 -1.19024e-21)
(-0.321153 0.0618657 0)
(-0.314345 0.0565513 0)
(-0.046789 -0.174278 -1.23694e-20)
(-0.0894375 -0.248978 4.26681e-21)
(-0.109885 -0.258973 5.15499e-21)
(-0.121761 -0.288626 -7.10461e-22)
(-0.137739 -0.25929 6.55441e-22)
(-0.172244 -0.210011 -7.46635e-21)
(-0.174982 -0.170572 0)
(-0.195631 -0.11295 -9.32945e-21)
(-0.281262 0.0178823 -4.3917e-21)
(-0.237527 -0.0819563 6.78739e-21)
(-0.273983 -0.0184117 2.80129e-21)
(-0.13549 0.0115868 4.51757e-21)
(-0.29465 0.0530357 2.69735e-21)
(-0.173477 0.0179211 -3.22751e-21)
(-0.198927 0.0232783 -2.79437e-21)
(-0.226283 0.0312828 -6.05202e-21)
(-0.261492 0.0397314 1.35424e-21)
(-0.270881 0.043934 -3.43185e-21)
(-0.294259 0.0460065 -2.69921e-21)
(-0.31822 0.0607533 6.72782e-22)
(-0.313212 0.051536 1.23266e-21)
(-0.274816 0.0591456 4.81692e-21)
(-0.291132 0.0568302 1.99654e-21)
(-0.301935 0.0645064 -1.27922e-21)
(-0.294098 0.061132 -1.91857e-21)
(-0.242389 0.0645751 -6.67712e-21)
(-0.0389552 -0.105069 0)
(-0.0625006 -0.165969 8.27744e-21)
(-0.18305 0.0661094 0)
(-0.221428 0.0555491 4.37741e-21)
(-0.120758 0.0615247 8.47727e-21)
(-0.146555 0.0581571 -5.59775e-21)
(-0.0860432 -0.181425 0)
(-0.12515 -0.221288 -4.90037e-21)
(-0.162283 -0.198637 1.5002e-20)
(-0.219407 0.0286031 -5.83721e-21)
(-0.245505 0.00873715 4.6204e-21)
(-0.179569 -0.15729 -1.06991e-20)
(-0.230485 -0.0769337 1.13788e-22)
(-0.222372 -0.047521 -9.42586e-21)
(-0.135732 0.0117692 0)
(-0.266225 0.0527878 0)
(-0.245154 0.0395889 2.59673e-22)
(-0.250737 0.0463348 -3.54418e-22)
(-0.169198 0.0200962 -5.02254e-21)
(-0.197265 0.026328 5.34147e-21)
(-0.215686 0.0314361 4.63406e-21)
(-0.284816 0.0701531 1.83083e-21)
(-0.27685 0.0697331 -4.16908e-22)
(-0.247365 0.0774139 3.63317e-21)
(-0.228209 0.0764637 1.32583e-21)
(-0.259206 0.0572751 -5.47576e-21)
(-0.264812 0.0718849 1.99912e-23)
(-0.271578 0.0638548 4.67549e-21)
(-0.201393 0.0820979 2.29948e-21)
(-0.176483 0.0804122 -7.50234e-21)
(-0.119839 0.0731812 2.88289e-21)
(-0.145044 0.0806078 2.3815e-21)
(-0.0956941 0.0709025 -3.36803e-21)
(-0.0575549 0.0524329 0)
(-0.0759275 0.0589674 2.79831e-21)
(-0.0918549 0.0547405 -2.40033e-22)
(-0.083412 0.0470276 0)
(-0.0249292 -0.0547105 -4.19628e-21)
(-0.0490716 -0.0949987 4.10558e-21)
(-0.0595009 -0.102572 2.88711e-21)
(-0.0951172 -0.138275 0)
(-0.107688 0.0317453 1.0204e-20)
(-0.14112 0.0342198 0)
(-0.168878 0.0188821 5.66236e-21)
(-0.121298 -0.116481 1.30633e-22)
(-0.152624 -0.0268219 1.53358e-21)
(-0.151427 -0.124311 -4.2194e-21)
(-0.179965 -0.0561292 8.46574e-21)
(-0.0139501 -0.0251611 -4.96205e-22)
(-0.0255687 -0.0430761 0)
(-0.125995 0.0107797 0)
(-0.0850519 0.00383906 -5.14559e-22)
(-0.102849 0.0050266 5.18705e-22)
(-0.223788 0.0441687 -3.00821e-21)
(-0.234464 0.0542526 2.64531e-21)
(-0.150065 0.0166011 0)
(-0.184893 0.0256292 -2.4562e-21)
(-0.201127 0.0351487 2.95876e-21)
(-0.199185 0.0864165 1.24116e-21)
(-0.23926 0.076725 -2.0177e-21)
(-0.232742 0.0817242 -2.56043e-21)
(-0.218711 0.0602093 -3.40902e-21)
(-0.219052 0.0716316 6.76002e-22)
(-0.176323 0.0842871 0)
(-0.148069 0.0843721 0)
(-0.134568 0.0827975 0)
(-0.107065 0.0793673 -2.97556e-21)
(-0.0874748 0.0727735 -1.6758e-21)
(-0.0674279 0.0661469 3.98955e-21)
(-0.0505165 0.0542316 0)
(-0.00780669 0.0145271 0)
(-0.00499931 0.00961031 -6.67871e-22)
(-0.0142621 0.0259776 3.59743e-21)
(-0.0228568 0.0350451 -3.15357e-21)
(-0.0363384 0.0471363 0)
(-0.0258629 0.0329006 -5.85679e-21)
(-0.0393666 0.0403049 3.75432e-23)
(-0.01075 0.0154313 0)
(-0.0146943 0.0201735 -4.59982e-21)
(-0.00493105 0.00587059 0)
(-0.041661 0.0354652 1.35479e-23)
(-0.0597349 0.0401137 2.05722e-23)
(-0.058914 0.030429 3.55589e-21)
(-0.092462 0.0259465 -4.32544e-21)
(-0.036374 -0.0479351 8.81292e-21)
(-0.0604483 -0.0669677 -1.85481e-20)
(-0.0881918 -0.0672019 3.95111e-21)
(-0.0877566 0.00901323 -2.28003e-21)
(-0.0965835 -0.0379582 8.37686e-21)
(-0.117158 -0.0226068 -5.88531e-21)
(-0.00689797 -0.00708465 0)
(-0.0130781 -0.0154568 0)
(-0.0161927 -0.0167611 -3.64655e-21)
(-0.032315 -0.0283224 -5.33373e-21)
(-0.00421384 0.00680525 5.65149e-22)
(-0.117793 0.0104104 1.2536e-21)
(-0.0697736 0.000823604 0)
(-0.0874919 0.00282286 -1.0968e-21)
(-0.146685 0.0292913 1.49049e-21)
(-0.173538 0.0375278 -4.45788e-21)
(-0.189312 0.0550384 -8.10583e-23)
(-0.162297 0.067838 4.04893e-21)
(-0.181545 0.0761116 -4.75265e-21)
(-0.169043 0.0814917 3.23333e-21)
(-0.0990618 0.07913 -3.9307e-21)
(-0.128466 0.0781433 6.07468e-23)
(-0.1259 0.0828246 1.11157e-21)
(-0.037126 0.0531342 4.04602e-21)
(-0.056613 0.0645214 -4.42079e-23)
(-0.0786092 0.0717988 1.95872e-21)
(-0.0111575 0.0273541 1.76762e-21)
(-0.0273521 0.044884 -2.14112e-21)
(-0.00630937 0.017756 -1.58877e-21)
(-0.0165655 0.0185348 5.23519e-21)
(-0.0262008 0.0239844 0)
(-0.00503892 0.00498364 4.11261e-21)
(-0.00739558 0.00750545 -7.26832e-21)
(-0.00222663 0.000334413 0)
(-0.00222305 0.00033037 0)
(-0.00450398 -0.00215532 -1.1554e-21)
(-0.0267746 0.0194208 5.24228e-21)
(-0.0413275 0.0217565 -1.58155e-23)
(-0.0412568 0.0142433 -1.0782e-20)
(-0.0632354 0.00757332 1.0884e-20)
(-0.0389485 -0.0179305 3.80771e-21)
(-0.0543146 -0.0177993 -3.09013e-21)
(-0.0479222 -0.00261495 -3.80809e-21)
(-0.00654524 -0.00306619 7.17178e-22)
(-0.013093 -0.00712594 2.03319e-21)
(-0.0214382 -0.00661774 1.40881e-21)
(-0.00507015 0.0134492 -3.05316e-21)
(-0.0292638 0.0495541 0)
(-0.061638 0.0639534 0)
(-0.0931459 0.0360217 3.94699e-21)
(-0.108827 0.0553684 -2.76841e-21)
(-0.101062 0.0671951 0)
(-0.0222606 0.0025995 3.06219e-23)
(-0.0626268 0.014811 0)
(-0.0100242 0.030953 -1.03651e-22)
(-0.000828865 0.00175977 -6.08664e-22)
(-0.00021736 0.00204691 2.99376e-21)
(-0.00929153 0.00687061 7.49972e-21)
(-0.0147043 0.0105687 0)
(-0.00154125 -0.00079171 -3.3987e-21)
(-0.00344379 0.000626725 -1.07878e-20)
(-0.000488907 -0.00230032 5.95602e-21)
(-0.00139555 0.00147216 4.21849e-22)
(-0.0053778 -0.000677342 0)
(-0.0158937 0.00597436 0)
(-0.0257658 0.00784221 0)
(-0.0282621 0.000492857 0)
(-0.00745033 -0.000585533 4.81292e-21)
(-0.0162877 -0.0029185 -4.11251e-21)
(-0.0185679 0.000574617 0)
(-0.00132089 0.00993699 0)
(-0.00040994 0.00166414 2.7225e-21)
(0.00057965 0.00166682 -6.82892e-21)
(0.000651255 0.00195271 1.18869e-20)
(0.000634824 0.00178002 -7.18396e-21)
(0.000874137 0.00122543 -2.33877e-21)
(0.000468384 0.000635061 0)
(-0.00314048 -8.775e-05 3.51872e-21)
(-0.00669075 0.00129261 0)
(0.000156668 -0.00293251 0)
(-0.000223053 -0.00243735 0)
(0.000225413 -0.00302049 -1.29476e-21)
(-0.000777939 0.00109761 2.23582e-21)
(-0.00308679 0.000833613 0)
(-0.00238701 0.000434697 6.76849e-21)
(-0.00463041 0.000683265 1.79024e-21)
(-0.00598292 0.00148031 -6.75077e-21)
(0.00115922 0.00146177 0)
(0.000772522 0.00130054 5.27913e-21)
(0.00124012 0.0010693 8.56214e-21)
(0.00148869 0.00124887 -9.71161e-21)
(0.000673073 0.000345253 -1.74315e-22)
(0.00121832 0.000655089 7.23278e-21)
(0.000781759 -0.00231714 1.45298e-21)
(0.00020428 -0.00132407 -1.08956e-21)
(0.000749873 -0.00229484 -8.3662e-21)
(0.000953612 -0.00268402 1.14318e-20)
(0.00119796 -0.00253942 0)
(0.00133365 0.000952437 -5.35799e-21)
(0.000532949 0.000831959 -7.84284e-21)
(0.00171865 -5.16408e-06 1.1628e-20)
(0.00158648 -0.00101961 0)
(0.00107201 -0.00147737 0)
(0.000583256 -0.000819462 4.46026e-21)
(0.00196912 0.00084101 3.35733e-21)
(0.00209601 0.000794224 -5.95495e-21)
(0.00144319 0.000457741 -1.30425e-22)
(0.00190802 0.000596924 1.78912e-24)
(0.00157907 -0.0013426 0)
(0.00194852 -0.00163096 1.95049e-21)
(0.00220114 -0.00110272 -1.68503e-21)
(0.00255514 0.000271466 -4.16337e-24)
(0.00245875 -0.000550405 7.9986e-22)
(0.00247402 -0.000120166 6.3224e-21)
(0.000881972 -0.000391299 -5.91226e-21)
(0.00160409 -0.000760555 0)
(0.00201785 0.000250816 -8.83112e-21)
(0.00244814 0.000199129 4.21038e-21)
(0.0022039 -3.66564e-05 4.48368e-21)
(0.00189605 -0.000437153 0)
(0.00231187 -0.000458014 -4.91227e-21)
)
;

boundaryField
{
    movingWall
    {
        type            fixedValue;
        value           uniform (1 0 0);
    }
    fixedWalls
    {
        type            noSlip;
    }
    frontAndBack
    {
        type            empty;
    }
    defaultFaces
    {
        type            empty;
    }
}


// ************************************************************************* //
