/*--------------------------------*- C++ -*----------------------------------*\
  =========                 |
  \\      /  F ield         | OpenFOAM: The Open Source CFD Toolbox
   \\    /   O peration     | Website:  https://openfoam.org
    \\  /    A nd           | Version:  8
     \\/     M anipulation  |
\*---------------------------------------------------------------------------*/
FoamFile
{
    version     2.0;
    format      ascii;
    class       surfaceScalarField;
    location    "0.101";
    object      phi;
}
// * * * * * * * * * * * * * * * * * * * * * * * * * * * * * * * * * * * * * //

dimensions      [0 3 -1 0 0 0 0];

internalField   nonuniform List<scalar> 
1107
(
0.000315988
-0.000643388
0.000633494
-0.000306094
0.000616968
-0.00030098
-2.96871e-05
0.000646655
0.000304962
0.000538557
-0.000106654
-0.000736865
-0.000968717
0.000630291
-9.76567e-05
0.000701464
0.000286064
-5.36017e-05
-1.49161e-05
-3.72724e-05
0.000683927
-3.30525e-05
1.43479e-05
-8.79493e-05
0.000180751
-0.000148833
-6.49698e-05
0.000300272
-0.000856385
-0.00126768
0.000599238
-0.000207466
0.000740101
0.000760967
-9.67759e-05
4.17077e-05
0.000814912
-9.56523e-05
3.58123e-06
-4.28357e-05
-1.13353e-05
0.000725635
0.000853069
2.99217e-05
-6.80791e-05
6.44734e-05
-0.000126751
-8.6555e-05
2.51489e-05
-4.8625e-05
0.000227394
-0.000140758
-0.000213387
0.000277847
-0.000115422
0.000296552
-0.00087509
-0.0015106
0.000539473
-0.000366498
0.00075827
0.000828767
-0.000185442
0.000899231
-0.000166116
5.21562e-06
-2.29025e-05
-6.11971e-06
-2.22935e-05
0.000865051
1.03118e-05
0.000755557
0.000946176
-0.000115025
0.000963479
-3.95963e-05
0.000951864
-2.38971e-05
3.55122e-05
3.54042e-05
-7.27548e-05
-4.92043e-05
1.3622e-05
-2.68428e-05
-8.2399e-05
-0.000131114
0.000322166
-0.000215172
-0.000320381
0.00039717
-0.000190427
0.000306686
-0.000784606
0.000459871
-0.00166379
-0.000570356
0.000743331
0.000880866
-0.000308038
0.000968446
-0.000253696
2.99796e-06
-1.22784e-05
-3.12175e-06
8.81595e-05
0.000916907
-5.32021e-05
0.000853473
-1.23192e-05
0.000765868
0.00102612
-0.000172696
0.00105049
-6.39675e-05
0.00103966
4.63448e-05
0.000999444
0.000128371
-0.000118509
0.000932835
0.000185118
5.74522e-05
-0.000104205
-3.56467e-05
2.76045e-05
-1.93565e-05
1.0414e-05
-9.65233e-06
-0.000129769
-0.000216517
-6.1916e-05
-0.000172058
0.000691201
-0.000801687
0.000902307
-0.000467014
0.00101091
-0.000362296
2.20817e-06
-4.07263e-06
-9.13579e-07
0.000865657
-6.72598e-05
0.000823942
-2.36708e-05
0.000753549
0.000822863
-0.000147403
0.000257375
0.0010796
-0.000241387
0.0011107
-9.50744e-05
0.0011024
5.4653e-05
0.00105829
0.000172472
0.000974521
0.000268892
4.56506e-05
-3.06057e-05
-7.69608e-05
2.44409e-05
-1.4437e-05
1.14678e-05
-6.38345e-06
4.27926e-06
-2.46381e-06
0.00087724
-0.000653052
0.00100527
-0.000490329
8.82545e-07
-6.75913e-07
-3.10328e-08
0.000334145
0.000670019
-0.000181301
0.000790611
-7.23573e-05
0.000785617
-2.89352e-05
0.000729878
0.000827247
0.000404649
0.000622685
0.000538707
0.0003883
-0.00129507
0.00152945
0.00108448
-0.000320594
0.00112436
-0.000134952
0.00112318
5.58324e-05
0.00107778
0.000217874
0.000975241
0.000371428
-3.58705e-05
-5.57962e-05
6.10611e-05
-1.92675e-05
-3.104e-05
-9.09201e-06
-1.65589e-05
-3.37977e-06
-8.17605e-06
-6.7057e-07
-3.38511e-06
-7.01603e-07
0.000987996
0.000345413
-0.000945109
0.000371512
-0.00099656
0.000688051
-7.87405e-05
0.000739103
-2.58427e-05
0.000700943
0.000793492
0.000586398
0.000547572
0.000784628
0.000411899
0.00166513
0.000483368
0.000916527
-5.78824e-05
-9.54244e-05
9.75106e-05
-3.13309e-05
-5.75915e-05
-1.47862e-05
-3.31036e-05
-5.47326e-06
-1.7489e-05
-1.09568e-06
-7.7627e-06
-1.79728e-06
0.00010144
0.000300671
-5.66988e-05
0.000227768
-0.000801366
0.000357809
-0.000666317
0.000680878
-2.05163e-05
0.000675101
0.000415917
0.000168892
-4.4625e-05
-0.00012534
7.45408e-05
-2.45274e-05
-7.76891e-05
-1.18012e-05
-4.58298e-05
-4.48912e-06
-2.48011e-05
-9.73172e-07
-1.12787e-05
-2.77046e-06
0.000246466
0.000202982
-0.000148777
0.000201338
-3.02688e-05
0.000136232
-0.00057979
0.000342994
-0.000328433
0.000654584
0.000297753
0.00036463
-1.47611e-05
-0.000134216
2.36367e-05
-8.36464e-06
-8.40856e-05
-4.13948e-06
-5.0055e-05
-1.66043e-06
-2.72801e-05
-4.05111e-07
-1.2534e-05
-3.17557e-06
0.000150015
0.000136512
-8.35443e-05
0.000129104
-7.65433e-05
0.000120991
-1.50279e-05
7.00081e-05
-0.000306804
0.000326151
0.000201955
0.000245814
1.39927e-05
-0.000122564
-2.56446e-05
7.11036e-06
-7.72033e-05
3.16835e-06
-4.6113e-05
1.1178e-06
-2.52296e-05
1.79571e-07
-1.15957e-05
-2.996e-06
0.000129939
7.89323e-05
-7.23599e-05
8.60024e-05
-4.04422e-05
7.4202e-05
-2.97539e-05
5.93512e-05
-4.37097e-06
1.93474e-05
0.000120022
0.000211872
-8.92997e-05
6.00165e-05
0.000149305
1.62174e-05
-3.57555e-05
-0.000103026
7.57563e-06
-6.85616e-05
3.23832e-06
-4.17756e-05
1.16855e-06
-2.31598e-05
2.24988e-07
-1.06522e-05
-2.77101e-06
3.85186e-05
-4.8886e-05
4.86463e-05
-3.50039e-05
4.90658e-05
-1.5306e-05
3.5431e-05
-5.83373e-06
1.49764e-05
-5.23199e-05
2.40147e-05
8.83217e-05
-3.18901e-05
5.77155e-05
-6.76011e-05
-1.256e-05
-4.24899e-05
-2.81566e-06
-2.03965e-05
-5.58667e-06
1.45242e-05
-2.83254e-05
2.31403e-05
-2.338e-05
2.72539e-05
-1.3192e-05
2.3206e-05
-3.081e-06
9.14268e-06
4.93311e-06
-2.58512e-05
4.49328e-05
-2.07606e-06
7.07331e-06
7.25715e-06
-1.22544e-05
-1.29808e-05
5.60459e-05
-6.34616e-05
-1.85675e-05
-1.93366e-06
-8.23255e-06
1.50993e-05
2.33184e-06
-1.36589e-05
8.22123e-06
-1.34063e-05
1.26591e-05
-8.78526e-06
1.273e-05
-2.71597e-06
6.06168e-06
1.56697e-06
4.38498e-06
-8.02801e-06
-4.98785e-07
3.47105e-06
4.10105e-06
-1.88993e-06
8.48193e-06
-1.6864e-05
1.0272e-05
-3.1079e-06
-3.36173e-07
1.51041e-06
-1.79614e-06
-4.10457e-06
8.9685e-07
-6.33447e-06
4.24631e-06
-4.99353e-06
5.79597e-06
-1.85122e-06
3.34571e-06
3.51218e-06
1.70896e-06
-3.65417e-06
1.6782e-06
2.20799e-06
1.17787e-07
1.46333e-06
-7.53762e-07
3.04907e-06
6.18662e-06
-2.68444e-06
4.81533e-06
-2.38966e-05
2.17657e-05
-2.17796e-06
2.17476e-06
-3.1047e-06
-2.24133e-06
1.09016e-07
-1.41898e-06
-1.78873e-06
2.36079e-07
-2.32424e-06
1.8455e-06
-1.04306e-06
1.49449e-06
3.85106e-06
-3.3823e-07
-6.45213e-10
2.6648e-06
7.22365e-07
1.33943e-06
9.86344e-07
2.42305e-07
4.67259e-07
-2.01099e-07
5.6573e-07
-5.83395e-07
5.39872e-06
-1.21605e-06
1.74381e-06
-2.70572e-06
-1.40735e-06
1.34078e-06
-1.4831e-06
1.73126e-07
-9.41156e-07
-6.11498e-07
3.47813e-09
-4.8221e-07
4.51428e-07
2.70991e-06
-2.27853e-06
3.41968e-06
2.65968e-06
-3.33111e-07
1.80198e-06
2.59814e-07
8.83759e-07
3.44889e-07
1.82765e-07
8.33941e-08
-1.76654e-08
-1.68955e-06
-9.53214e-07
1.42671e-06
-6.61873e-07
9.98327e-07
-8.43005e-07
7.00687e-07
-8.74369e-07
1.06339e-07
-4.96968e-07
-1.11052e-07
-3.07825e-08
1.5046e-06
-2.03703e-06
3.24234e-06
1.72798e-06
-1.34683e-06
1.68562e-06
-2.1675e-07
1.076e-06
6.75748e-08
4.62553e-07
6.51017e-08
6.57285e-08
-2.474e-06
-1.39815e-06
2.18261e-06
-1.04779e-06
-5.67294e-07
-3.373e-07
4.92621e-07
-4.55614e-07
2.81932e-07
-4.23774e-07
3.31447e-08
-1.41834e-07
2.15816e-06
1.27866e-06
-1.93222e-06
8.36678e-07
-1.14573e-06
1.01826e-06
-6.79468e-07
9.59524e-07
-1.00276e-07
5.24492e-07
5.63519e-09
1.3083e-07
-2.9391e-06
-7.53892e-07
1.21899e-06
-1.63576e-06
-8.10187e-07
-6.10901e-07
-2.93693e-07
-1.52776e-07
1.89783e-07
-2.04163e-07
6.23206e-08
-1.0869e-07
-2.83763e-06
1.91726e-07
-2.93196e-07
1.29762e-06
-1.9771e-06
1.35318e-06
7.62162e-07
4.32335e-07
-5.59809e-07
5.44604e-07
-2.64547e-07
4.50632e-07
-2.64153e-08
1.36465e-07
-1.96167e-06
-4.27975e-07
-1.01478e-06
-4.06304e-07
-3.25897e-07
-1.20572e-07
-5.36037e-08
3.92238e-08
-4.63693e-08
-1.88593e-06
1.15979e-07
7.64877e-07
7.99433e-07
3.95064e-07
1.9921e-07
-2.14415e-07
2.42193e-07
-5.61088e-08
1.1005e-07
-1.22999e-06
-2.12773e-07
-5.72341e-07
-1.59861e-07
-1.4627e-07
-2.79056e-08
-7.14555e-09
-1.17539e-06
6.13796e-08
3.88922e-07
4.32073e-07
1.622e-07
7.16445e-08
-4.38666e-08
5.39416e-08
-7.00607e-07
-8.45064e-08
-2.70288e-07
-3.58428e-08
-3.50511e-08
-6.65829e-07
2.66013e-08
1.55167e-07
1.96172e-07
3.76728e-08
1.0075e-08
-3.35021e-07
-1.97729e-08
-7.08939e-08
-3.15765e-07
7.34458e-09
3.55744e-08
4.77478e-08
-9.06668e-08
-8.33222e-08
0.000597176
-0.00138178
-0.00106661
0.000323398
-0.000539915
0.000860691
-0.000537292
0.00054031
0.00130424
-0.000763927
0.00111381
-0.000267973
0.00157007
-0.00183804
0.000503454
-0.000298232
-0.00139491
0.000630982
0.000139432
-0.00031149
-0.000400483
4.44253e-05
-0.000121386
-0.000267064
0.00033185
-0.000732333
0.00117716
-0.000845312
0.00063987
-0.000755039
0.00207405
-0.00144306
0.000236006
0.00130968
-0.00107367
0.00101145
0.000358396
0.00101926
-0.0017743
-0.000423804
-6.0325e-05
0.000230333
-0.000290658
-3.67309e-05
-0.000769064
-6.73791e-05
-0.000701685
0.00137395
-0.00144133
0.000528638
-0.00124566
0.00142816
-0.00185196
0.000354482
0.000887056
-0.000532575
-0.00124545
0.000755123
-0.00137921
0.00105861
-0.000624083
0.000990115
-0.00223578
-0.000861846
0.000861472
0.000803654
0.001778
-0.000412959
0.000999357
-0.00149415
0.0013592
-0.000435543
-0.00116239
0.000749429
-0.000790961
-0.00132534
0.00138117
3.38668e-05
-0.0012936
0.000502641
-0.00107573
0.00030544
-0.000193148
0.000132845
-0.000325993
-0.00056884
0.000281263
-0.000850104
-0.00116007
0.00020273
-0.0013628
-0.00203305
0.00114368
-0.00200553
-0.000611109
-1.29734e-05
-0.000667348
0.000231805
-0.000680321
-2.44613e-05
-0.00200858
-0.00202999
-0.000901735
0.00170539
-0.000117107
0.00088225
0.000281889
0.00149611
0.00198728
0.001665
-2.67952e-05
0.000909045
-0.00101702
0.000990227
-0.000267593
-0.000587172
0.000621038
-0.000355366
-0.000971562
0.000703969
-0.000468921
-0.000798063
0.000329142
-0.000492623
0.000128415
-0.000251452
8.12187e-05
-0.000332671
-0.000768885
3.49879e-05
-0.000803873
-0.00132781
-0.000350868
-0.00097694
-0.00235945
0.000884651
-0.00124002
0.00020433
-0.00182566
-0.0014258
0.000185784
0.000920207
-0.00274587
-0.00143925
0.000538697
0.00144858
0.00144774
-0.00100919
0.00137382
0.000655813
0.00210439
9.8755e-05
0.00134899
0.00108898
4.39454e-05
0.00104504
0.000747915
0.000217713
0.000530201
0.000546855
0.000675271
-0.000750531
-0.000309034
1.00553e-05
-0.000319089
-0.000793817
-0.000349422
-0.000444395
-0.00132636
-0.000424789
-0.000901573
-0.00186403
0.00201384
-0.00182806
-0.000732024
0.00173274
-0.00248327
-9.53188e-05
0.00128856
-0.00202058
-0.000575474
-0.000617199
0.000863013
0.000756619
-0.00121317
0.00196979
0.000891224
0.00224021
0.00140605
0.000834157
0.00245109
0.00298129
-0.000632477
0.00205931
-0.00142683
0.00311575
-0.000134456
-0.000344734
0.000565041
-0.00114052
-9.4012e-05
-0.000250722
-0.000538407
-0.000119133
-0.000419274
-0.00102071
-0.000455665
0.00182452
0.000234793
-0.0017292
-0.000291388
-0.000733455
0.000968249
-0.000977305
-0.00016321
0.000648003
-0.000939391
-0.000329302
-0.00117904
0.000445583
-0.000325392
0.000537264
0.000537621
2.80723e-05
-0.000605876
0.000577803
-0.00115097
-0.000122757
0.000349283
-0.000226526
-0.000728632
-0.000703156
0.00124078
0.00126663
0.00210079
-0.000341402
-0.000809564
-0.00176823
0.00121701
0.000883779
0.00108255
-0.000685679
-0.000286477
0.000394878
-0.000558088
-0.000676779
0.000221115
-0.000281902
-0.000125806
-0.000160671
-0.000545081
-0.000323966
-0.00126106
0.000321673
-0.000292816
-0.00060869
0.000315874
-0.000163107
-0.000503043
-5.50455e-05
0.000832345
-0.000510672
-0.000676771
0.000513664
-9.89677e-05
0.000369137
-1.98538e-05
0.000270169
-0.000219658
0.000199804
1.72231e-05
0.000144691
-0.000161914
-0.000202434
-0.000428961
-0.000259317
-0.000169643
-0.000113032
0.000262337
0.000424232
-0.000149323
0.000573555
0.00109145
0.000317414
-0.000576731
-0.000411218
-0.00122078
0.000468738
0.000622716
-0.000666838
-0.000553945
0.00135252
-2.15668e-05
0.000109888
0.00024077
0.000113872
-0.000274543
-1.0846e-05
-0.000466347
0.000184445
-0.000521393
-0.000100944
-0.000173598
-0.00042491
-0.000240465
0.000483843
2.98213e-05
-0.000799717
0.000289045
-0.00053203
1.06372e-05
-0.000242985
-0.00030095
0.000330771
-0.000346576
4.56267e-05
-7.64074e-05
-0.000238841
0.000162433
-3.90369e-05
-0.000132061
9.30239e-05
1.26304e-05
5.50581e-06
2.43906e-05
-2.98964e-05
1.2763e-05
-2.40515e-05
4.84421e-05
6.98309e-05
-9.38824e-05
8.24613e-05
-4.6943e-05
-4.69393e-05
-0.000208857
-2.42642e-05
-5.63227e-06
-7.12035e-05
-1.78867e-05
-0.000102312
-0.000106546
-0.000271955
-0.000104211
-0.000167744
-0.000680942
-9.43084e-05
0.000335079
0.000479246
0.00110196
-0.000443766
-0.000237176
0.000997711
0.000104252
1.87282e-05
2.62046e-05
0.000128617
4.66013e-05
8.20154e-05
0.00038168
5.40451e-05
-0.000227643
1.3556e-05
-7.32801e-05
-0.000154363
-0.000313745
-0.000303108
-0.000234946
-6.81617e-05
-0.000477931
-0.00014716
0.000192027
-2.95935e-05
-0.000237654
9.04937e-05
5.3494e-05
2.89673e-05
0.000146518
0.000116924
4.10042e-05
7.43794e-06
6.99715e-05
1.77099e-05
-4.91638e-05
-2.20397e-05
-0.000155709
-2.31061e-05
5.21947e-06
-4.51458e-05
-2.80854e-06
1.5251e-05
-1.51635e-07
4.14555e-05
-0.000103326
-5.23839e-05
-0.00027107
-0.000148752
-0.000122318
-0.000385928
0.000342331
3.93487e-05
0.000446583
6.06554e-05
9.45509e-06
3.20004e-05
9.14705e-05
0.000130819
9.71359e-05
-2.71644e-05
0.00021406
-0.000236392
8.20291e-05
-0.000304554
-1.85674e-05
-5.39872e-06
-8.07364e-06
7.92201e-06
-6.56323e-06
-4.08166e-05
-4.32923e-06
-9.32004e-05
-1.27302e-05
9.92167e-06
-1.70594e-05
6.2675e-06
1.1465e-05
-3.54298e-06
4.34654e-05
-7.53214e-05
-1.7879e-05
-0.00019764
-0.000136984
3.34942e-05
9.97118e-06
0.000164313
2.73293e-05
-8.42565e-06
4.88267e-06
5.09524e-06
-8.19994e-06
-1.46798e-06
-9.89363e-06
-7.68433e-07
-7.43151e-06
-3.47415e-06
-3.03865e-05
1.3327e-05
-4.82655e-05
-1.81671e-06
8.08421e-06
1.15103e-05
8.08357e-06
1.31603e-05
-8.27768e-06
2.31315e-05
3.05222e-05
-7.39063e-06
-5.78514e-05
9.5859e-06
-4.51029e-07
-9.4426e-06
-8.72871e-06
-2.52326e-06
-4.90824e-06
-1.19659e-05
-2.04744e-06
-6.95569e-06
2.83189e-06
8.67845e-06
1.24178e-05
-4.25877e-06
7.67845e-06
3.82479e-06
1.25032e-05
-2.58179e-06
-6.14692e-06
-9.97242e-06
-1.12821e-05
1.30972e-06
1.13565e-06
8.31354e-07
6.8471e-06
4.07369e-06
-8.19703e-06
-3.76884e-06
-1.4344e-05
-4.77308e-06
-8.54192e-06
4.98572e-07
6.34852e-06
1.30018e-05
1.41375e-05
-1.30112e-05
-1.33273e-06
1.17015e-05
2.43596e-06
2.14147e-06
8.48999e-06
-7.32293e-06
-8.65566e-06
-8.94885e-06
6.5129e-06
)
;

boundaryField
{
    movingWall
    {
        type            calculated;
        value           uniform 0;
    }
    fixedWalls
    {
        type            calculated;
        value           uniform 0;
    }
    frontAndBack
    {
        type            empty;
        value           nonuniform List<scalar> 0();
    }
    defaultFaces
    {
        type            empty;
        value           nonuniform List<scalar> 0();
    }
}


// ************************************************************************* //
