/*--------------------------------*- C++ -*----------------------------------*\
  =========                 |
  \\      /  F ield         | OpenFOAM: The Open Source CFD Toolbox
   \\    /   O peration     | Website:  https://openfoam.org
    \\  /    A nd           | Version:  8
     \\/     M anipulation  |
\*---------------------------------------------------------------------------*/
FoamFile
{
    version     2.0;
    format      ascii;
    class       surfaceScalarField;
    location    "0.027";
    object      phi;
}
// * * * * * * * * * * * * * * * * * * * * * * * * * * * * * * * * * * * * * //

dimensions      [0 3 -1 0 0 0 0];

internalField   nonuniform List<scalar> 
662
(
-2.00675e-05
1.59218e-05
4.14813e-06
2.04714e-05
-4.0539e-05
-8.68532e-05
3.55107e-05
6.72643e-05
-1.71333e-05
2.12814e-05
-0.00014992
8.35385e-05
1.02879e-05
-5.08269e-05
9.24078e-05
-7.40304e-05
-2.22626e-05
4.3544e-05
-0.000178375
3.87429e-05
1.71751e-06
-5.25444e-05
2.15253e-06
-0.000120224
-4.60181e-06
0.000122673
-3.38227e-05
3.59752e-05
0.000161917
-9.17718e-05
5.52128e-05
-1.16688e-05
-0.00018136
4.70237e-06
-7.68733e-07
-5.17757e-05
1.14103e-06
-0.000115427
-5.9378e-06
-3.26817e-05
5.69527e-05
-1.73989e-06
0.000193205
-4.29563e-05
-0.000179365
-2.76409e-06
-2.22988e-06
-4.95458e-05
3.61707e-06
-0.000101976
-1.7069e-05
-2.90646e-05
5.66856e-05
2.67143e-07
0.000195976
-4.51156e-06
-1.48784e-06
0.000121736
-0.000121939
1.69074e-06
3.4189e-05
-3.56769e-05
-0.000174903
-6.69151e-06
-4.05056e-05
-9.04016e-06
-2.16458e-05
-1.88598e-05
-1.69157e-05
-4.7301e-06
4.77107e-06
-8.69696e-05
-1.9777e-05
-2.42935e-05
-0.000141243
-0.000756768
0.000898011
5.9948e-05
-3.2624e-06
8.92599e-05
-2.9312e-05
-5.1983e-05
0.000196656
-4.13061e-07
-4.31553e-07
0.000118965
3.20232e-06
3.37575e-05
-0.000150965
-3.29786e-05
-9.49419e-05
-7.48826e-05
-4.34816e-05
-6.8376e-05
2.18455e-05
-2.65756e-05
3.40342e-06
-7.58375e-05
-1.45356e-05
-2.08901e-05
-0.000389346
0.000705005
-0.00107243
-0.000953616
0.00185163
0.000214069
-2.06745e-05
0.000291341
-0.000106584
-0.000149988
-3.545e-06
0.000105527
1.69839e-05
3.02125e-05
-0.000114763
9.31271e-05
2.6867e-05
-5.34426e-05
-2.67246e-07
-3.83572e-07
-7.51866e-05
-2.11574e-05
0.00135353
-0.00160214
-0.000107067
0.00195869
-4.10513e-06
9.16777e-05
1.79539e-05
2.61073e-05
-0.000194972
0.000107076
-6.50524e-05
1.16098e-05
0.00161328
-0.000366817
0.00199212
-3.34309e-05
-2.82192e-06
7.90608e-05
1.54388e-05
2.32853e-05
-6.73621e-05
2.30967e-06
-0.000225383
4.20203e-05
0.00199024
1.88013e-06
0.00170819
-0.000128347
-5.44654e-06
2.96802e-05
5.48271e-05
1.78388e-05
-6.67757e-05
-5.8638e-07
-0.000229554
6.48091e-06
-3.5243e-08
-0.000110864
0.000107469
3.4301e-06
-3.11784e-05
3.11432e-05
0.00196034
2.9901e-05
0.00172851
-1.84346e-05
-0.00180544
0.000950099
0.000855341
-6.73358e-05
5.60085e-07
0.00191622
4.41273e-05
0.00187758
3.86337e-05
7.21421e-05
0.000156409
0.000793689
9.86959e-05
5.77134e-05
3.13601e-05
-0.000230222
8.1799e-08
-4.09975e-07
-0.000111599
1.14445e-06
-3.15884e-05
0.00170899
4.9422e-05
-0.000173411
-7.8734e-06
4.16224e-05
0.000139662
-0.0013625
0.000783006
0.00143483
-0.00024124
1.15784e-05
0.00166852
8.45992e-05
0.00158161
0.000125539
0.000291256
0.000414554
0.00116214
0.000319093
0.000153174
0.000109213
-8.41527e-08
-0.000110519
-9.96092e-07
-3.16725e-05
-0.000180907
-1.51458e-06
9.01135e-06
-5.36522e-05
4.57788e-05
4.58118e-07
-0.000108476
-2.50111e-06
-3.12144e-05
-0.000165615
4.67689e-06
-1.99691e-05
-5.51668e-05
1.62989e-06
-9.84002e-05
-1.17052e-05
-2.95845e-05
-0.000143594
7.24359e-06
-2.9265e-05
-5.049e-05
7.88845e-06
-4.25335e-05
-6.37552e-05
-2.16961e-05
-0.000128547
4.25044e-06
-1.92973e-05
-4.32465e-05
3.89013e-06
-2.00512e-05
-0.000112386
-3.89961e-05
-3.5106e-05
0.000493464
-0.000409925
-0.000137678
0.000204942
0.000355786
0.000130912
-0.000941768
0.000512169
0.000429599
-0.00052965
-0.000412118
-0.000657172
0.000365716
0.000291456
-0.000145003
-0.000738055
0.000208405
-0.000119757
-0.000618298
-0.000362277
0.00024252
0.000207261
-0.000617187
-0.000632351
0.000839612
-0.00104447
4.06236e-05
-0.000658922
-0.00100385
-0.000578444
-9.93536e-05
-0.000559568
-0.000366879
-0.000466232
-0.000408569
0.000539481
-0.000786829
0.00121643
-5.27829e-05
0.000113832
0.0011026
0.000479548
0.000447709
9.76272e-05
0.000381921
0.000416662
-0.000125207
0.000514289
-0.000464572
0.000339365
-0.000609574
-0.000401169
-0.000158649
3.59752e-05
0.000210461
-0.000788905
-0.000793384
-0.00135295
-0.000784203
-5.71589e-05
-0.00129579
-0.00047217
-0.000529329
-0.000237507
0.000685216
0.000865089
0.00124701
0.00064226
0.00023766
0.00100935
0.00039863
0.000115659
0.000636291
0.000181749
0.000157616
0.000297408
3.56769e-05
0.000119122
-0.000903324
-0.00117667
-0.000906088
2.92096e-05
-0.00120588
-0.000546398
-0.000517189
-0.000167349
0.000809608
0.000842001
0.000805097
0.000434909
0.000201382
0.00127691
0.000299099
0.000500481
1.32284e-05
-0.000919317
-0.00119265
-0.000926008
-0.00125314
6.04831e-05
-0.000817708
-0.000435428
-0.000536966
-0.000476483
0.000769203
3.58937e-05
0.00076879
0.00128957
-1.26572e-05
0.00132546
0.000503683
0.000491026
-0.000324958
-0.000601051
-0.00114267
-0.000931446
-0.00021122
-0.000634029
-0.000385174
-0.000546272
0.000390866
-0.000602086
-0.000689048
0.00025362
-0.000298182
-0.000491018
-0.000237398
0.000904658
-0.000135868
0.000883984
0.00139979
-7.43282e-05
0.00126392
0.00050801
0.000433682
0.000304057
-0.000453088
0.000149031
-0.000298029
-0.000683203
-0.000133437
-0.000319651
0.000346984
-0.000421866
-0.000287046
-0.000833318
5.99751e-05
-0.000893293
-0.000623228
-0.000125881
-0.000295985
-0.000194257
-0.00010113
-0.000387071
8.88889e-05
-0.00023804
-0.000237781
-0.000148893
-0.000158388
-7.96516e-05
-0.000291825
-0.000132344
-0.000159481
0.00143202
-0.00158201
0.00200427
-0.000572252
0.000931847
-0.000670291
0.000846077
3.79068e-05
0.000739493
-0.000842518
-0.000819417
0.000857324
0.00132986
-6.59379e-05
0.000510441
0.000451636
0.000385698
0.000541573
-0.00138409
0.00137943
-0.000837855
0.000487625
-0.000619969
-0.000167974
-0.000455254
9.88986e-05
-0.000394883
0.000794394
-0.00124965
-0.000496014
-0.000431616
-0.000188353
-0.000388938
-0.000523814
9.21976e-05
2.33402e-05
-0.000547154
-0.000245237
9.6344e-05
-0.000324888
0.000484369
-0.000392171
-2.11574e-05
-0.00224482
0.00167257
-0.000865396
0.00100228
-0.000736416
-0.00012898
0.000635465
0.00122635
-0.000369024
-0.000157744
0.000645997
-0.000135556
0.000276973
0.000401137
0.000265581
0.000527987
-2.50012e-05
-0.000502986
-9.74886e-05
-0.000740366
-0.000833905
-0.000305918
0.00029646
-0.000454204
-0.000443906
-0.000851724
-0.000397925
-0.00104008
-0.00101674
-0.000786863
-0.000744843
-8.38442e-05
-0.000932893
-0.00049158
-5.55743e-05
-0.000575424
-0.000253559
-0.000138613
-0.000309133
-3.11432e-05
-0.000742246
0.000613266
-0.000767247
0.00124873
0.00112038
-0.000292926
-0.000474321
0.000493765
-0.000786692
0.000482909
-0.000205936
2.87046e-05
0.000740266
-0.000246501
0.00023728
0.000295261
8.93253e-05
0.000344366
-0.000107085
3.84477e-05
0.000221863
-0.000193158
-0.000222043
-0.000183596
-0.000382908
0.000136408
-0.000120781
-0.000812111
-0.000865624
-0.000859143
-0.000436324
-0.0001391
-0.00124844
-0.000305703
-0.000444802
0.000181911
-0.000656231
0.0013023
0.00128386
-0.000446272
-0.00034042
-0.0011025
-0.000341286
-0.000681706
0.000161991
-7.26658e-05
-3.1167e-05
-0.000214763
0.000321848
-0.00018544
1.78388e-05
-4.57788e-05
-0.000913832
5.46886e-05
-0.00091375
-0.00120971
-3.873e-05
-0.00115502
-0.000443658
-0.000482388
0.00126766
1.62018e-05
0.00131708
-0.00103933
-6.31684e-05
-0.00102313
-0.000672695
-0.000735863
0.00116875
0.00026608
0.00233089
-0.000900506
-1.32435e-05
-0.000888928
-0.00101008
-0.000144938
-0.00102332
-0.000483384
-0.000628322
0.00131108
5.99928e-06
0.00139568
-0.00115563
0.000132499
-0.00114963
-0.000755832
-0.000623333
0.00112973
-0.00083847
0.00139581
-0.000887135
-1.79279e-06
-0.000777922
0.00125228
0.000143397
0.00137782
0.000539353
-0.00180246
0.00102454
-0.000681602
0.00207741
-0.00164929
0.00109302
-6.8478e-05
0.000852384
-0.000854176
-0.00122686
0.000203539
-0.000374478
-0.000630823
-0.000427284
0.00064469
-0.000501292
-0.00122767
7.80384e-05
-0.000582982
-0.000652598
-0.00057456
-0.000316006
0.000855359
0.0017614
0.00114895
-5.59254e-05
0.000294769
-0.000860073
0.00035878
-4.7139e-06
0.000762386
0.000999015
0.000693908
0.000434533
0.000259376
0.000378607
-0.00063662
0.000262141
-0.00034185
-0.000438989
-0.000176848
-0.000782036
0.000199055
-0.000423256
-0.000593857
-0.000394802
-0.000604097
0.000599383
0.000394918
-0.000482942
0.000141092
-0.000104334
-0.000641712
0.000218456
-4.23287e-05
-0.000305122
0.000200788
-4.57468e-05
0.000349171
-0.000219381
-7.82896e-05
-0.000414853
-0.000196398
-0.000343889
0.000147492
-0.000163741
8.54513e-05
3.70472e-05
-0.000386218
-2.16961e-05
3.5106e-05
)
;

boundaryField
{
    movingWall
    {
        type            calculated;
        value           uniform 0;
    }
    fixedWalls
    {
        type            calculated;
        value           uniform 0;
    }
    frontAndBack
    {
        type            empty;
        value           nonuniform List<scalar> 0();
    }
    defaultFaces
    {
        type            empty;
        value           nonuniform List<scalar> 0();
    }
}


// ************************************************************************* //
