/*--------------------------------*- C++ -*----------------------------------*\
  =========                 |
  \\      /  F ield         | OpenFOAM: The Open Source CFD Toolbox
   \\    /   O peration     | Website:  https://openfoam.org
    \\  /    A nd           | Version:  8
     \\/     M anipulation  |
\*---------------------------------------------------------------------------*/
FoamFile
{
    version     2.0;
    format      ascii;
    class       volVectorField;
    location    "0.027";
    object      U;
}
// * * * * * * * * * * * * * * * * * * * * * * * * * * * * * * * * * * * * * //

dimensions      [0 1 -1 0 0 0 0];

internalField   nonuniform List<vector> 
656
(
(0.743384 0.0565326 -9.65407e-25)
(0.927893 0.0140705 1.8664e-24)
(0.954772 -0.00127287 0)
(-0.0910756 0.119007 2.3982e-23)
(0.556754 0.0977205 1.12075e-23)
(0.841174 0.00093578 0)
(-0.0571786 0.0672394 -4.94206e-23)
(-0.0145951 0.0188504 9.84599e-24)
(0.968159 -0.000151526 0)
(-0.000510153 0.138547 -2.38065e-24)
(-0.0030641 0.193031 -7.84394e-23)
(-0.117743 0.172056 0)
(0.376008 0.139817 1.00513e-23)
(0.714879 0.00928486 0)
(0.890747 0.00126398 -1.705e-22)
(0.906061 0.00056682 4.7761e-23)
(0.00103921 0.0823188 9.75515e-24)
(0.0013746 0.026716 0)
(0.9717 -7.89705e-05 -3.43115e-23)
(0.912861 0.000279604 -1.43674e-22)
(-0.0123937 0.09268 7.71985e-23)
(-0.0052362 0.0627542 0)
(-0.0239327 0.12482 1.33537e-24)
(-0.00792785 0.242373 1.54227e-22)
(-0.136126 0.223412 -1.67881e-22)
(0.210317 0.180375 -2.26549e-23)
(0.577435 0.0245274 0)
(0.800244 0.00633532 2.66201e-22)
(0.828571 0.00297652 -8.90868e-23)
(-0.00144282 0.0356036 0)
(-0.000151521 0.011427 0)
(0.915907 0.000143527 5.13786e-23)
(0.973125 -5.06371e-05 -3.66572e-23)
(0.841517 0.00155613 1.95762e-22)
(0.847488 0.000762133 -5.18411e-23)
(0.851842 4.75793e-05 -1.0907e-22)
(-0.0067679 0.060724 -1.05533e-22)
(-0.00280242 0.0408242 1.70929e-23)
(-0.0137681 0.0822527 -1.88602e-22)
(-0.0408674 0.158134 -1.57876e-22)
(-0.0167729 0.282547 1.66687e-22)
(-0.143769 0.269467 -4.82791e-24)
(0.0685724 0.217811 4.5506e-22)
(0.432812 0.0472817 0)
(0.695845 0.0161275 0)
(0.737976 0.0078917 -3.69619e-22)
(-0.000820498 0.022977 -5.40939e-24)
(-0.000128795 0.00730838 0)
(0.852818 -0.000860386 1.20462e-22)
(0.918232 2.42772e-05 -2.78679e-23)
(0.973667 -2.30945e-05 4.93442e-24)
(0.757596 0.00420994 0)
(0.766854 0.0020703 0)
(0.773549 0.000111204 -1.06852e-22)
(0.775178 -0.00232329 4.60809e-22)
(0.760946 -0.00591009 0)
(-0.0103452 0.0364932 2.00485e-22)
(-0.00500829 0.02568 2.95607e-22)
(-0.00202376 0.0164887 -2.87997e-22)
(-0.0249799 0.104422 -1.85542e-22)
(-0.0192817 0.0487451 5.85675e-22)
(0.286273 0.0794034 -1.32798e-22)
(0.577452 0.0317683 1.75038e-22)
(0.633251 0.0163043 -5.20608e-22)
(-0.000553128 0.0088368 4.5462e-23)
(-6.75865e-05 0.00256012 6.10091e-23)
(0.843104 -0.00218525 -2.55342e-22)
(0.918821 -0.000138084 8.56523e-23)
(0.974301 1.24504e-05 5.49463e-24)
(0.72503 -0.0150433 -1.15451e-23)
(0.659713 0.00882515 0)
(0.672473 0.00443169 1.93507e-22)
(0.681877 0.000299013 2.04479e-22)
(0.684554 -0.00472341 -8.84433e-22)
(0.665983 -0.0122813 2.27885e-22)
(-0.0083726 0.0139161 8.90099e-22)
(-0.00404299 0.00914515 -6.70498e-24)
(-0.00182327 0.00552221 0)
(-0.000642571 0.00297042 1.05962e-22)
(0.446426 0.0554167 0)
(0.514422 0.0298662 6.65869e-22)
(-8.97134e-05 0.00128546 -1.00317e-22)
(5.49055e-05 0.000245383 -3.09188e-23)
(0.60377 -0.0239704 4.72689e-22)
(0.819148 -0.00586413 1.49943e-22)
(0.913522 -0.000357306 0)
(0.974662 4.41552e-05 -5.29637e-23)
(0.617499 -0.0299122 -2.89439e-22)
(0.466727 -0.0469832 7.27168e-22)
(0.250996 -0.190593 -8.80248e-22)
(0.547012 0.0165389 0)
(0.563048 0.00831824 4.67222e-23)
(0.57546 0.000827986 -1.45465e-22)
(0.579848 -0.00856335 5.13067e-22)
(0.557719 -0.0227116 -8.71915e-22)
(-0.0147777 0.00623535 3.74643e-22)
(-0.00926368 0.00305867 -3.99698e-22)
(-0.00539934 0.00139635 -1.98121e-22)
(-0.00282211 0.000480868 3.92236e-22)
(-0.00118315 4.49108e-05 4.72342e-23)
(-0.000208612 -6.12752e-05 -2.85606e-23)
(-0.136876 -0.249821 5.90306e-23)
(0.411644 -0.147892 -6.14522e-23)
(0.732145 -0.00897167 -7.97127e-22)
(0.900594 -0.00110904 0)
(0.973454 0.000112738 0)
(0.496428 -0.0533574 5.53168e-22)
(0.323485 -0.0805067 -2.78007e-22)
(0.105568 -0.229695 1.02708e-22)
(-0.141715 -0.297535 1.38516e-21)
(-0.0463414 0.0111384 0)
(-0.0338849 0.00578877 1.87401e-22)
(-0.0235224 0.00283719 -6.61892e-22)
(-0.0149587 0.00113945 1.84569e-22)
(-0.00791888 0.000288267 -4.39785e-23)
(-0.00212798 2.32814e-05 -2.73046e-23)
(-0.00775355 -0.287563 0)
(-0.120734 -0.194679 0)
(0.582747 -0.103378 4.88781e-22)
(0.850059 -0.000869991 -4.00203e-23)
(0.970437 0.000203916 -1.0326e-22)
(-0.0159774 -0.330955 -1.6476e-21)
(-0.0752655 0.00981609 0)
(-0.0563597 0.00542997 1.93845e-22)
(-0.0400452 0.0027197 -1.48041e-24)
(-0.0260743 0.00115611 9.58699e-23)
(-0.0141756 0.000357548 -4.50545e-23)
(-0.00409172 7.24841e-05 0)
(-0.0277591 -0.161972 -5.51652e-22)
(-0.003056 -0.232197 0)
(-0.0950205 -0.136078 5.08506e-22)
(0.757815 -0.0597729 0)
(0.956468 0.00135119 7.65899e-23)
(-0.0469248 -0.202052 0)
(-0.0967368 0.00804168 0)
(-0.0732043 0.0044797 1.20585e-22)
(-0.0525232 0.002283 -3.49639e-22)
(-0.0345356 0.00100427 1.13148e-22)
(-0.0190272 0.000339792 5.05516e-23)
(-0.005724 8.90713e-05 -1.69515e-23)
(-0.0155983 -0.116424 2.82783e-22)
(-0.01461 -0.121707 0)
(-0.000288437 -0.168556 -4.45686e-22)
(-0.060525 -0.0775589 4.30583e-22)
(0.93138 -0.014725 0)
(-0.0283098 -0.145181 0)
(-0.105146 0.00694853 1.53806e-22)
(-0.0796488 0.00393306 -1.48487e-22)
(-0.0572314 0.00200409 1.43696e-22)
(-0.0376995 0.000876784 -2.75157e-22)
(-0.0208398 0.000297165 3.78411e-22)
(-0.00641109 7.8044e-05 -5.04559e-23)
(-0.0131087 -0.0656991 2.44073e-22)
(-0.00769719 -0.0872243 -5.22649e-22)
(-0.00599556 -0.082993 1.52166e-22)
(0.00179661 -0.10042 -4.62153e-22)
(-0.0141854 -0.0213935 1.31033e-23)
(-0.0236432 -0.0840085 0)
(-0.014891 -0.0436753 -5.50639e-23)
(-0.105701 0.00745295 -1.89384e-22)
(-0.0799634 0.00472629 7.63534e-22)
(-0.0575281 0.00254373 -7.29024e-22)
(-0.0380223 0.0010996 0)
(-0.0211049 0.000340874 0)
(-0.00658797 7.15071e-05 -5.53633e-24)
(-0.00818654 -0.0339337 1.1743e-22)
(-0.0065487 -0.0482423 3.38562e-24)
(-0.00302385 -0.05931 3.98428e-22)
(-0.00126756 -0.046983 -1.49633e-22)
(0.00233553 -0.030932 0)
(-0.0083016 -0.0192585 8.92185e-22)
(-0.0618145 0.00388251 8.32638e-22)
(-0.0405147 0.00246149 -8.61057e-22)
(-0.0222804 0.000874643 0)
(-0.006862 0.000153464 -7.80434e-24)
(-0.00456984 -0.0143992 -2.36571e-22)
(-0.00403714 -0.0246779 -9.18174e-23)
(-0.00268272 -0.0322742 1.89334e-22)
(-0.000643157 -0.0335716 -1.29504e-22)
(0.000180588 -0.0141959 4.94692e-23)
(-0.0042301 -0.00570012 0)
(-0.00254193 0.00340279 -1.022e-21)
(-0.0491267 0.00108496 0)
(-0.0172098 0.000373714 -2.72828e-23)
(-0.00148097 6.96717e-05 0)
(-0.00225328 -0.00397844 -2.407e-22)
(-0.00222968 -0.0101033 -4.59887e-22)
(-0.00165928 -0.0163434 -6.25918e-23)
(-0.000712085 -0.0180651 1.27331e-22)
(7.52613e-05 -0.0104475 -4.96597e-23)
(-0.00101182 -0.000375319 2.08523e-21)
(-0.00122771 0.00174875 2.17459e-21)
(-0.00294607 0.00366112 7.00425e-23)
(-0.000210239 0.0013806 -4.81416e-22)
(-0.0007335 0.000438621 -8.7427e-25)
(-0.00105899 -0.00256918 1.24663e-22)
(-0.000911192 -0.0064712 3.72511e-22)
(-0.000466328 -0.00906989 7.6358e-24)
(-6.46689e-05 -0.00566521 -2.28323e-23)
(-0.000163383 -0.00191413 -1.71719e-24)
(-0.000423475 -0.000967104 -1.7444e-21)
(-0.000514502 0.000846667 -5.25829e-22)
(-0.00129125 0.00159689 0)
(-0.00305626 0.00876271 1.51063e-21)
(0.000275019 0.00114916 -2.58723e-22)
(-5.10738e-05 0.00127509 2.56542e-22)
(-0.000311154 0.000589295 1.2839e-22)
(-0.000417486 -0.00149682 0)
(-0.000258805 -0.00347991 -1.22098e-22)
(-6.2203e-05 -0.00284764 1.71576e-23)
(0.000166754 -0.0022204 8.2705e-22)
(-1.95098e-06 -0.00188369 3.33531e-22)
(-0.000151551 -0.0011161 1.96466e-22)
(-0.000162982 0.000317398 5.34862e-23)
(-0.00031747 0.000571362 -6.12757e-23)
(-0.000438957 0.00202355 1.08754e-21)
(0.000240372 0.000422506 1.08127e-21)
(0.000184824 0.000989858 -4.04688e-22)
(1.94015e-06 0.00106613 -2.64007e-22)
(-0.00010727 0.000557884 -1.28502e-22)
(-0.000110325 -0.000722447 0)
(-3.77916e-05 -0.00105735 -1.12885e-23)
(0.000422394 -0.00165674 0)
(0.000142697 -0.00192975 -2.86115e-22)
(3.62763e-05 -0.00160642 -9.857e-22)
(-3.53405e-05 -0.000971829 3.21049e-22)
(-2.06086e-05 4.73499e-05 -3.57427e-22)
(-1.15723e-05 2.71165e-05 9.63085e-24)
(0.000422455 0.000150454 -4.69717e-22)
(0.00013688 0.000323027 7.16077e-22)
(0.000107389 0.000779489 -6.92858e-22)
(1.26564e-05 0.000788067 1.32362e-22)
(-1.82807e-05 0.000395929 0)
(-1.07655e-05 -0.000188681 1.11616e-23)
(0.00031969 -0.000578897 0)
(0.000257745 -0.00138434 5.50229e-22)
(9.26902e-05 -0.00152603 7.16101e-22)
(3.1799e-05 -0.00119185 9.38961e-22)
(7.56583e-06 -0.000650196 -3.33322e-22)
(9.23879e-06 -2.91742e-05 -2.20006e-23)
(0.000927941 0.000214348 -5.60798e-22)
(0.000307852 8.28535e-05 0)
(6.78919e-05 0.000226085 5.14234e-22)
(5.13263e-05 0.000547192 0)
(1.21777e-05 0.00047545 0)
(5.27507e-06 0.000151226 0)
(0.000596006 -0.000188118 6.26958e-22)
(0.000175179 -0.00044322 -5.69093e-22)
(0.00013909 -0.00106183 -5.59889e-22)
(4.84554e-05 -0.00107545 -4.17881e-22)
(2.1083e-05 -0.000717342 -4.34438e-22)
(1.22357e-05 -0.000234093 1.30975e-23)
(0.00129234 0.000116427 0)
(0.000752249 0.000124461 1.40546e-22)
(0.000207692 4.12142e-05 0)
(2.66523e-05 0.000141117 2.04802e-27)
(1.81023e-05 0.000314292 0)
(7.66761e-06 0.000154603 -8.97867e-23)
(0.00142266 -1.04893e-05 0)
(0.00125102 -0.00019549 -5.65853e-22)
(0.000440407 -0.000107374 -1.5788e-22)
(8.35677e-05 -0.000309439 2.91798e-22)
(6.32063e-05 -0.000729307 -4.14868e-22)
(2.1286e-05 -0.000621182 -1.31414e-22)
(1.11526e-05 -0.00023313 9.15026e-23)
(0.00105198 6.61668e-05 -1.88742e-23)
(0.000567004 6.49778e-05 -2.10189e-22)
(0.000126714 1.62929e-05 0)
(5.50944e-06 7.13935e-05 -1.08188e-22)
(4.98858e-06 9.3029e-05 9.05757e-23)
(0.00115509 -8.50927e-06 2.09854e-24)
(0.00101001 -0.000117187 6.35469e-22)
(0.000301835 -5.42249e-05 -5.07277e-27)
(3.21132e-05 -0.000193 1.30667e-25)
(2.10671e-05 -0.00041034 -2.65229e-22)
(8.61048e-06 -0.000189233 8.36023e-23)
(0.00079959 3.43214e-05 1.48559e-22)
(0.000386706 2.90229e-05 1.02539e-22)
(6.3611e-05 3.35155e-06 -1.26142e-22)
(-7.5973e-07 1.68808e-05 2.30006e-23)
(0.000877121 -5.66508e-06 2.09402e-24)
(0.000761542 -6.35209e-05 -1.40559e-22)
(0.000187434 -2.17687e-05 4.53986e-22)
(6.46661e-06 -9.78071e-05 -2.12697e-22)
(5.46258e-06 -0.000117114 3.39967e-26)
(0.000551567 1.54091e-05 0)
(0.000218995 9.79396e-06 1.13807e-22)
(1.54496e-05 -7.15131e-07 7.96668e-23)
(0.000605072 -3.47776e-06 0)
(0.000520561 -2.94969e-05 -2.05617e-22)
(9.59055e-05 -4.68572e-06 3.95781e-22)
(-9.70027e-07 -2.31323e-05 4.39625e-23)
(0.000317842 5.35815e-06 -9.70802e-25)
(6.727e-05 2.4631e-06 -1.43007e-22)
(0.000348928 -2.01351e-06 9.6954e-25)
(0.000295859 -1.06061e-05 -1.13988e-22)
(2.39478e-05 8.01978e-07 1.12897e-22)
(0.000103621 1.41351e-06 4.33779e-23)
(0.000113937 -1.05445e-06 0)
(9.14837e-05 -3.13415e-06 -1.09925e-23)
(-0.142889 0.303853 2.22548e-21)
(-0.0271012 0.25873 5.09206e-22)
(-0.0418288 0.127725 0)
(-0.0753171 0.18861 2.7897e-21)
(-0.0629494 0.193578 -2.94803e-21)
(-0.0732297 0.26742 0)
(-0.0374981 0.310639 0)
(-0.0982675 0.352764 -1.02676e-21)
(-0.0853966 0.31355 0)
(-0.0392551 0.266134 -1.88515e-21)
(0.151436 0.126239 4.23647e-21)
(-0.0957801 0.277723 0)
(-0.0336636 0.0633662 -3.66318e-22)
(-0.0558432 0.104573 0)
(-0.016135 0.0192015 -3.82535e-21)
(-0.0383861 0.0467166 3.91461e-21)
(-0.0827607 0.120726 -2.27442e-21)
(-0.11436 0.158017 0)
(-0.0952845 0.202252 0)
(-0.119136 0.238724 6.18999e-22)
(-0.109403 0.29431 0)
(-0.0982433 0.288565 1.95918e-21)
(-0.0166302 0.193401 2.37054e-21)
(0.0934675 0.154733 -5.71654e-21)
(0.301079 0.0905419 1.12296e-21)
(-0.150082 0.233352 -5.90629e-22)
(-0.141275 0.250655 0)
(-0.0215037 0.011994 -3.16621e-21)
(-0.0489306 0.0284307 8.67195e-22)
(-0.0603884 0.0517593 7.21973e-22)
(-0.0907392 0.0811057 2.31259e-21)
(-0.120566 0.0797228 -4.4557e-21)
(-0.166222 0.11383 -3.9408e-21)
(-0.15867 0.155039 -3.0117e-21)
(-0.184092 0.183211 5.64154e-21)
(-0.132184 0.20668 -1.64266e-21)
(-0.0617868 0.182393 -1.71415e-21)
(0.0405265 0.126899 0)
(0.384407 0.0496494 -5.74639e-21)
(0.187841 0.105369 0)
(0.419347 0.0289299 0)
(0.239535 0.0581369 4.83595e-21)
(-0.206466 0.170045 0)
(-0.179736 0.17709 0)
(-0.0117685 -0.276703 6.0448e-21)
(-0.146689 -0.329442 0)
(0.38253 -0.0825916 0)
(0.430379 0.0140843 -1.97247e-22)
(0.267348 0.0328073 0)
(0.26378 -0.0930036 0)
(0.450669 -0.0369272 1.18624e-21)
(0.451426 0.00153306 3.70385e-21)
(0.288714 0.00790339 0)
(0.312541 -0.0434313 0)
(0.466997 -0.015027 0)
(0.316852 -0.0148206 -3.7608e-21)
(-0.0635468 0.0222824 1.15243e-21)
(-0.0965897 0.0355341 -1.45001e-21)
(-0.119428 0.0478884 4.76613e-21)
(-0.171594 0.0536203 0)
(-0.200297 0.0832997 0)
(-0.229236 0.0930951 -3.11241e-21)
(-0.247728 0.117085 -2.36715e-21)
(-0.154218 0.136079 0)
(0.0631199 0.078459 3.35014e-21)
(-0.0386452 0.115487 0)
(0.145439 0.0418726 0)
(-0.00021052 0.0658609 -3.62307e-21)
(-0.265218 0.102823 7.86384e-21)
(-0.229135 0.109593 -2.32318e-21)
(-0.0133376 -0.262793 -3.41101e-21)
(0.169685 -0.136729 7.68036e-21)
(0.143629 -0.155669 -6.0131e-21)
(-0.115962 -0.385122 1.70661e-21)
(-0.0793383 -0.326862 -3.71541e-21)
(-0.0370275 -0.357879 2.43991e-22)
(0.0437503 -0.181382 -6.37056e-21)
(0.0459372 -0.15132 2.08932e-21)
(0.143279 -0.108191 3.23454e-21)
(0.125538 0.00899686 0)
(0.0186246 0.036021 0)
(0.0788782 -0.0923517 -3.56471e-21)
(0.18128 -0.0561872 0)
(0.0923174 -0.0454398 -3.32396e-21)
(0.191656 -0.0210196 3.03118e-21)
(0.05285 -0.010367 4.61991e-21)
(-0.096276 0.0158202 1.65829e-21)
(-0.139353 0.0242703 0)
(-0.166052 0.0334636 0)
(-0.210375 0.038771 3.29463e-21)
(-0.241576 0.0568328 0)
(-0.269989 0.0573796 8.28573e-21)
(-0.290604 0.0726769 -7.07857e-21)
(-0.113525 0.0514305 0)
(-0.135759 0.065898 -5.68666e-21)
(-0.223764 0.0834788 1.15839e-20)
(-0.198274 0.0373196 0)
(-0.290406 0.0711921 -7.48795e-21)
(-0.301989 0.06544 -3.99577e-21)
(-0.088715 -0.311749 0)
(-0.07447 -0.244933 7.737e-21)
(-0.0724081 -0.239893 0)
(-0.0652155 -0.319431 -5.28073e-22)
(-0.0919108 -0.321754 4.14745e-22)
(-0.10624 -0.238129 -7.9461e-21)
(-0.0656152 -0.185293 -7.30389e-21)
(-0.0959341 -0.159211 9.71272e-21)
(-0.0440275 -0.113471 2.9987e-21)
(-0.11027 -0.0809845 -3.92668e-21)
(-0.0580019 -0.0515842 0)
(-0.0844888 -0.0185176 -3.1935e-21)
(-0.17651 0.00909041 0)
(-0.121682 0.0127697 0)
(-0.165027 0.0190996 -1.28616e-21)
(-0.194779 0.0246699 -5.0372e-21)
(-0.22806 0.0305777 4.3206e-21)
(-0.256236 0.0407096 -1.53669e-21)
(-0.273928 0.0424365 -1.97262e-21)
(-0.301712 0.0534976 6.24241e-21)
(-0.276662 0.0433326 -6.96518e-21)
(-0.298488 0.0577604 8.49166e-21)
(-0.263945 0.0137954 0)
(-0.295866 0.0365352 -1.19249e-21)
(-0.315251 0.0577789 0)
(-0.307928 0.0529499 0)
(-0.0466284 -0.170029 -1.23839e-20)
(-0.0899116 -0.24397 4.27153e-21)
(-0.110648 -0.253153 5.16093e-21)
(-0.123771 -0.283203 -7.1146e-22)
(-0.140698 -0.253913 6.56368e-22)
(-0.17451 -0.204176 -7.47298e-21)
(-0.178107 -0.165634 0)
(-0.198407 -0.109327 -9.35088e-21)
(-0.275577 0.0159571 -4.39879e-21)
(-0.237681 -0.0796467 6.80292e-21)
(-0.27255 -0.0187236 2.80582e-21)
(-0.13305 0.0110857 4.53598e-21)
(-0.287625 0.0498784 2.70512e-21)
(-0.169974 0.0170955 -3.24077e-21)
(-0.194828 0.0222205 -2.8048e-21)
(-0.221127 0.0297684 -6.0742e-21)
(-0.255557 0.0376469 1.35903e-21)
(-0.264347 0.0414985 -3.44166e-21)
(-0.287519 0.0427869 -2.70271e-21)
(-0.31138 0.0567346 6.74162e-22)
(-0.307382 0.0478205 1.23499e-21)
(-0.267148 0.0553805 4.8232e-21)
(-0.28375 0.0535349 2.00113e-21)
(-0.294289 0.0605143 -1.28187e-21)
(-0.286446 0.0574628 -1.92291e-21)
(-0.234605 0.0609395 -6.68041e-21)
(-0.0381754 -0.101518 0)
(-0.0619504 -0.160854 8.28745e-21)
(-0.176163 0.0628983 0)
(-0.213843 0.0525807 4.37953e-21)
(-0.11559 0.0588265 8.47127e-21)
(-0.140479 0.0555007 -5.59376e-21)
(-0.0851975 -0.175433 0)
(-0.125156 -0.214781 -4.90597e-21)
(-0.162236 -0.192033 1.50159e-20)
(-0.212109 0.0268555 -5.83824e-21)
(-0.238813 0.00775527 4.62349e-21)
(-0.177571 -0.151537 -1.07096e-20)
(-0.227535 -0.0741911 1.13913e-22)
(-0.21726 -0.0456659 -9.43269e-21)
(-0.132804 0.0112007 0)
(-0.259068 0.0499277 0)
(-0.238841 0.0375081 2.60442e-22)
(-0.244009 0.0439024 -3.55469e-22)
(-0.165191 0.0191646 -5.04229e-21)
(-0.192509 0.0250953 5.36215e-21)
(-0.210163 0.0298563 4.65137e-21)
(-0.276857 0.0661023 1.83371e-21)
(-0.268908 0.0656862 -4.17369e-22)
(-0.2396 0.0733243 3.63706e-21)
(-0.22063 0.0724934 1.32646e-21)
(-0.251841 0.05419 -5.48761e-21)
(-0.257013 0.0680728 1.98799e-23)
(-0.263866 0.0603337 4.68565e-21)
(-0.194341 0.078105 2.29978e-21)
(-0.169934 0.0766352 -7.50222e-21)
(-0.11492 0.069953 2.88142e-21)
(-0.139456 0.0769456 2.38139e-21)
(-0.0916691 0.0678699 -3.36372e-21)
(-0.0549119 0.0503418 0)
(-0.0725147 0.0565387 2.79471e-21)
(-0.0876731 0.0524682 -2.39852e-22)
(-0.0794076 0.0451854 0)
(-0.0239844 -0.0527608 -4.20277e-21)
(-0.0476202 -0.0914106 4.11195e-21)
(-0.0576696 -0.0985217 2.89046e-21)
(-0.0929332 -0.132877 0)
(-0.102548 0.0305158 1.02027e-20)
(-0.135012 0.032697 0)
(-0.162145 0.0179773 5.66331e-21)
(-0.118124 -0.111439 1.3076e-22)
(-0.146501 -0.0254639 1.53427e-21)
(-0.147978 -0.119256 -4.22347e-21)
(-0.174488 -0.0536355 8.47335e-21)
(-0.0132193 -0.0245979 -4.96759e-22)
(-0.0243142 -0.041592 0)
(-0.122864 0.0102334 0)
(-0.0830371 0.00358616 -5.169e-22)
(-0.100363 0.00470549 5.21065e-22)
(-0.217446 0.0419601 -3.017e-21)
(-0.227593 0.0515049 2.65201e-21)
(-0.146087 0.0157751 0)
(-0.17991 0.0243594 -2.46539e-21)
(-0.195452 0.0334184 2.96746e-21)
(-0.192367 0.0823613 1.24158e-21)
(-0.231772 0.0729233 -2.02074e-21)
(-0.225256 0.077677 -2.56312e-21)
(-0.21203 0.0573484 -3.41733e-21)
(-0.21214 0.0682189 6.77378e-22)
(-0.170193 0.0804373 0)
(-0.142682 0.0806149 0)
(-0.129447 0.0791252 0)
(-0.102868 0.0759513 -2.97205e-21)
(-0.0838734 0.0696812 -1.67253e-21)
(-0.0646052 0.0633846 3.98335e-21)
(-0.0482799 0.0520359 0)
(-0.00740092 0.0141224 0)
(-0.00472989 0.00939242 -6.6602e-22)
(-0.0135753 0.0250427 3.58838e-21)
(-0.0217706 0.0337373 -3.14562e-21)
(-0.0347076 0.0452638 0)
(-0.0245594 0.0317722 -5.84568e-21)
(-0.0374142 0.0388424 3.57073e-23)
(-0.01016 0.0151425 0)
(-0.0139047 0.0196995 -4.5914e-21)
(-0.0046329 0.00602706 0)
(-0.0394873 0.0343085 1.2622e-23)
(-0.0566643 0.0387078 1.93187e-23)
(-0.0557386 0.0295269 3.55277e-21)
(-0.0877713 0.0251185 -4.32511e-21)
(-0.0345356 -0.0461532 8.81986e-21)
(-0.0577137 -0.0641008 -1.85645e-20)
(-0.0845088 -0.0640004 3.95473e-21)
(-0.0831436 0.00900234 -2.27958e-21)
(-0.09207 -0.0360341 8.38216e-21)
(-0.111754 -0.0212179 -5.88927e-21)
(-0.00651624 -0.00752843 0)
(-0.0123337 -0.0155155 0)
(-0.0152618 -0.0167601 -3.6486e-21)
(-0.0304869 -0.0275642 -5.33739e-21)
(-0.0039884 0.00668144 5.63566e-22)
(-0.114459 0.00988007 1.26183e-21)
(-0.0678511 0.000689324 0)
(-0.085063 0.00259748 -1.10404e-21)
(-0.142303 0.0280227 1.50083e-21)
(-0.168325 0.0358456 -4.4761e-21)
(-0.183438 0.0526113 -7.8742e-23)
(-0.157003 0.0650075 4.05525e-21)
(-0.175543 0.0727428 -4.75712e-21)
(-0.163298 0.0779289 3.23604e-21)
(-0.0952691 0.0757914 -3.92472e-21)
(-0.123916 0.0748662 6.07512e-23)
(-0.121287 0.0792814 1.11053e-21)
(-0.0355612 0.0509617 4.03371e-21)
(-0.0542961 0.0618418 -4.24067e-23)
(-0.07556 0.0688094 1.95634e-21)
(-0.0106617 0.0262791 1.76024e-21)
(-0.0261936 0.0430577 -2.13392e-21)
(-0.00602789 0.0170614 -1.58214e-21)
(-0.0156214 0.018265 5.22559e-21)
(-0.0247296 0.0234777 0)
(-0.00471728 0.00539064 4.10638e-21)
(-0.0069271 0.00785626 -7.25777e-21)
(-0.00209924 0.000914263 0)
(-0.00218198 -0.000486991 0)
(-0.00434365 -0.00294632 -1.15583e-21)
(-0.0251984 0.0192141 5.23759e-21)
(-0.0389386 0.0213549 -1.47355e-23)
(-0.0388068 0.0141697 -1.07764e-20)
(-0.0596236 0.00762895 1.08809e-20)
(-0.036716 -0.0175582 3.81033e-21)
(-0.0512345 -0.0171093 -3.09178e-21)
(-0.0450806 -0.00232475 -3.8076e-21)
(-0.00627087 -0.00383946 7.17442e-22)
(-0.0123903 -0.00763349 2.03514e-21)
(-0.0202383 -0.00695616 1.40904e-21)
(-0.00484757 0.0129176 -3.03969e-21)
(-0.0281194 0.0475783 0)
(-0.0593256 0.0613978 0)
(-0.0900636 0.0346694 3.94828e-21)
(-0.105136 0.0531877 -2.76699e-21)
(-0.0974753 0.0644678 0)
(-0.0215437 0.00251105 3.07815e-23)
(-0.0605772 0.0142749 0)
(-0.00962683 0.0297072 -1.0327e-22)
(-0.000958249 0.000881727 -6.08652e-22)
(-0.000337881 0.0013535 2.9937e-21)
(-0.0087105 0.00743964 7.49129e-21)
(-0.0138329 0.0109122 0)
(-0.00152658 5.88598e-05 -3.39526e-21)
(-0.00327819 0.00153207 -1.07793e-20)
(-0.000513672 -0.00153501 5.95081e-21)
(-0.00151535 0.000572005 4.21841e-22)
(-0.00523938 -0.0015266 0)
(-0.0149713 0.00652052 0)
(-0.0241945 0.00810046 0)
(-0.0265665 0.000693231 0)
(-0.00728484 -0.00125525 4.81342e-21)
(-0.0154875 -0.00323722 -4.11295e-21)
(-0.0176017 0.000579611 0)
(-0.00126798 0.00953155 0)
(-0.000724742 0.000897538 2.72228e-21)
(0.00038511 0.0012252 -6.82839e-21)
(0.000377575 0.00135922 1.18858e-20)
(0.000280159 0.00115006 -7.18336e-21)
(0.000634451 0.000909565 -2.33847e-21)
(0.000352321 0.000489763 0)
(-0.0030676 0.000801817 3.51662e-21)
(-0.0064375 0.00209811 0)
(3.07654e-05 -0.002061 0)
(-0.000375733 -0.00151348 0)
(0.000135548 -0.00230111 -1.2941e-21)
(-0.00117911 0.000491469 2.23568e-21)
(-0.00333559 0.000236205 0)
(-0.00275874 0.000387509 6.76686e-21)
(-0.00466709 0.00126257 1.78951e-21)
(-0.00599837 0.00163494 -6.74892e-21)
(0.000680093 0.000944832 0)
(0.000184072 0.000816855 5.27857e-21)
(0.000894631 0.000765112 8.56124e-21)
(0.000998444 0.000856605 -9.71064e-21)
(0.000521834 0.000261955 -1.74311e-22)
(0.000911493 0.000481785 7.23221e-21)
(0.000385053 -0.00150012 1.45241e-21)
(-0.000244306 -0.000648699 -1.08913e-21)
(0.000579458 -0.0018101 -8.36352e-21)
(0.000711196 -0.00204642 1.14281e-20)
(0.00084981 -0.00183723 0)
(0.000611199 0.0006705 -5.3575e-21)
(-0.000112067 0.00076656 -7.84205e-21)
(0.000931474 0.00013262 1.16268e-20)
(0.000905894 -0.000567032 0)
(0.000845608 -0.00116368 0)
(0.000468793 -0.000664116 4.45893e-21)
(0.00134949 0.000611759 3.35697e-21)
(0.00136016 0.000608858 -5.95394e-21)
(0.00108388 0.000342401 -1.30473e-22)
(0.00138306 0.000449658 1.71799e-24)
(0.00122199 -0.00101492 0)
(0.00145847 -0.00117437 1.95003e-21)
(0.00159376 -0.000710482 -1.68463e-21)
(0.00180399 0.000237139 -3.97755e-24)
(0.00180238 -0.00035466 7.99625e-22)
(0.00169426 -4.39634e-05 6.32111e-21)
(0.000719563 -0.000305716 -5.91049e-21)
(0.00127115 -0.000575949 0)
(0.00151571 0.000197705 -8.83e-21)
(0.00179559 0.000174858 4.20977e-21)
(0.00167942 -6.70855e-06 4.4825e-21)
(0.00148982 -0.000316208 0)
(0.00174658 -0.000309349 -4.91095e-21)
)
;

boundaryField
{
    movingWall
    {
        type            fixedValue;
        value           uniform (1 0 0);
    }
    fixedWalls
    {
        type            noSlip;
    }
    frontAndBack
    {
        type            empty;
    }
    defaultFaces
    {
        type            empty;
    }
}


// ************************************************************************* //
