/*--------------------------------*- C++ -*----------------------------------*\
  =========                 |
  \\      /  F ield         | OpenFOAM: The Open Source CFD Toolbox
   \\    /   O peration     | Website:  https://openfoam.org
    \\  /    A nd           | Version:  8
     \\/     M anipulation  |
\*---------------------------------------------------------------------------*/
FoamFile
{
    version     2.0;
    format      ascii;
    class       surfaceScalarField;
    location    "0.045";
    object      phi;
}
// * * * * * * * * * * * * * * * * * * * * * * * * * * * * * * * * * * * * * //

dimensions      [0 3 -1 0 0 0 0];

internalField   nonuniform List<scalar> 
1107
(
0.000315988
-0.000643387
0.000633495
-0.000306095
0.000616968
-0.00030098
-2.96859e-05
0.000646654
0.000304964
0.000538556
-0.000106656
-0.000736865
-0.000968715
0.000630292
-9.765e-05
0.000701459
0.000286064
-5.3603e-05
-1.49165e-05
-3.72688e-05
0.000683923
-3.30529e-05
1.43473e-05
-8.79504e-05
0.000180754
-0.000148833
-6.49736e-05
0.000300275
-0.000856385
-0.00126768
0.000599236
-0.000207447
0.000740088
0.000760948
-9.67583e-05
4.17016e-05
0.00081487
-9.56228e-05
3.58089e-06
-4.28365e-05
-1.13356e-05
0.000725624
0.000852998
2.99136e-05
-6.80414e-05
6.44737e-05
-0.000126752
-8.65549e-05
2.51491e-05
-4.86258e-05
0.000227392
-0.000140755
-0.00021339
0.000277849
-0.00011543
0.000296555
-0.000875091
-0.00151058
0.000539464
-0.000366454
0.000758243
0.000828724
-0.000185394
0.000899138
-0.000166037
5.21563e-06
-2.29031e-05
-6.11995e-06
-2.22618e-05
0.000864954
1.03049e-05
0.000755538
0.000946021
-0.000114925
0.000963272
-3.95122e-05
0.000951638
-2.39077e-05
3.55413e-05
3.54018e-05
-7.27497e-05
-4.9207e-05
1.36211e-05
-2.68451e-05
-8.24005e-05
-0.000131104
0.000322157
-0.000215161
-0.000320385
0.000397168
-0.000190442
0.000306685
-0.000784608
0.000459846
-0.00166375
-0.000570269
0.000743278
0.000880784
-0.000307934
0.000968275
-0.000253529
2.99778e-06
-1.22798e-05
-3.12216e-06
8.81255e-05
0.000916701
-5.31886e-05
0.000853368
-1.23213e-05
0.000765843
0.00102584
-0.000172485
0.00105011
-6.37904e-05
0.00103925
4.64073e-05
0.00099907
0.000128303
-0.000118423
0.000932552
0.000184941
5.74496e-05
-0.000104198
-3.5652e-05
2.76036e-05
-1.9361e-05
1.04138e-05
-9.65525e-06
-0.000129765
-0.0002165
-6.19197e-05
-0.000172043
0.000691105
-0.000801527
0.000902162
-0.000466818
0.00101062
-0.000361985
2.20817e-06
-4.07415e-06
-9.13992e-07
0.000865505
-6.72264e-05
0.000823847
-2.36676e-05
0.000753522
0.000822685
-0.000147307
0.000257174
0.00107913
-0.000240999
0.00111009
-9.47483e-05
0.00110173
5.47705e-05
0.00105768
0.000172355
0.000974041
0.000268575
4.56518e-05
-3.06115e-05
-7.696e-05
2.44424e-05
-1.44426e-05
1.14689e-05
-6.38748e-06
4.27986e-06
-2.4662e-06
0.000877001
-0.000652715
0.00100482
-0.000489803
8.82715e-07
-6.77002e-07
-3.12767e-08
0.000333988
0.000669925
-0.000181228
0.000790519
-7.23208e-05
0.000785548
-2.89278e-05
0.000729854
0.000826935
0.00040428
0.000622509
0.000538414
0.000388217
-0.00129496
0.00152925
0.00108376
-0.00031994
0.00112341
-0.000134402
0.00112215
5.60367e-05
0.00107681
0.000217689
0.000974478
0.000370911
-3.58704e-05
-5.57952e-05
6.10541e-05
-1.92693e-05
-3.10438e-05
-9.09359e-06
-1.65632e-05
-3.38061e-06
-8.17917e-06
-6.70783e-07
-3.38683e-06
-7.02062e-07
0.000988193
0.000345241
-0.000945216
0.000371474
-0.000996509
0.000688005
-7.87143e-05
0.000739062
-2.58348e-05
0.000700926
0.000792974
0.000585784
0.000547262
0.000784126
0.000411726
0.00166479
0.000483064
0.000916854
-5.78474e-05
-9.53896e-05
9.74418e-05
-3.13146e-05
-5.75765e-05
-1.47796e-05
-3.30982e-05
-5.47117e-06
-1.74876e-05
-1.09534e-06
-7.76266e-06
-1.79741e-06
0.000101758
0.000300356
-5.6873e-05
0.000227675
-0.000801417
0.000357794
-0.000666298
0.000680859
-2.05111e-05
0.000675091
0.000415404
0.000169417
-4.45468e-05
-0.000125243
7.44001e-05
-2.44873e-05
-7.7636e-05
-1.17832e-05
-4.58024e-05
-4.48275e-06
-2.47881e-05
-9.71956e-07
-1.12735e-05
-2.76936e-06
0.000246712
0.000202557
-0.000148913
0.000201154
-3.03519e-05
0.000136186
-0.000579809
0.00034299
-0.000328429
0.00065458
0.000297082
0.000365035
-1.46751e-05
-0.000134054
2.34862e-05
-8.31928e-06
-8.39918e-05
-4.11849e-06
-5.00032e-05
-1.65274e-06
-2.72538e-05
-4.03541e-07
-1.25227e-05
-3.1729e-06
0.000150056
0.000136072
-8.35707e-05
0.00012885
-7.66088e-05
0.000120893
-1.50585e-05
6.99885e-05
-0.000306808
0.000326151
0.000201271
0.000245866
1.40518e-05
-0.000122363
-2.57431e-05
7.14263e-06
-7.70827e-05
3.18381e-06
-4.60443e-05
1.12363e-06
-2.51936e-05
1.80829e-07
-1.15799e-05
-2.99207e-06
0.000129729
7.8591e-05
-7.22474e-05
8.5736e-05
-4.04568e-05
7.40629e-05
-2.97792e-05
5.93072e-05
-4.37719e-06
1.93433e-05
0.000119491
0.000211509
-8.89493e-05
5.97266e-05
0.000148713
1.62625e-05
-3.58161e-05
-0.000102809
7.60104e-06
-6.84212e-05
3.25045e-06
-4.16937e-05
1.17284e-06
-2.3116e-05
2.25862e-07
-1.06329e-05
-2.76621e-06
3.83374e-05
-4.86957e-05
4.84398e-05
-3.49512e-05
4.89183e-05
-1.53123e-05
3.53673e-05
-5.83923e-06
1.49661e-05
-5.20069e-05
2.39414e-05
8.77921e-05
-3.17869e-05
5.75217e-05
-6.74286e-05
-1.25207e-05
-4.23823e-05
-2.80727e-06
-2.03463e-05
-5.57346e-06
1.44867e-05
-2.81562e-05
2.30336e-05
-2.32896e-05
2.71398e-05
-1.31726e-05
2.31378e-05
-3.08276e-06
9.1269e-06
5.00006e-06
-2.56599e-05
4.46013e-05
-2.08262e-06
7.00686e-06
7.21713e-06
-1.21414e-05
-1.29372e-05
5.58517e-05
-6.32608e-05
-1.85107e-05
-1.82151e-06
-8.18328e-06
1.50048e-05
2.38461e-06
-1.35579e-05
8.20367e-06
-1.33262e-05
1.26017e-05
-8.75146e-06
1.26773e-05
-2.71214e-06
6.04414e-06
1.51453e-06
4.32418e-06
-7.92133e-06
-5.08482e-07
3.43707e-06
4.07827e-06
-1.8798e-06
8.42747e-06
-1.67575e-05
1.02098e-05
-3.0084e-06
-3.70928e-07
1.55781e-06
-1.71812e-06
-4.08057e-06
9.33937e-07
-6.28816e-06
4.23908e-06
-4.96362e-06
5.76997e-06
-1.84414e-06
3.332e-06
3.42927e-06
1.67425e-06
-3.58899e-06
1.63962e-06
2.17607e-06
1.09181e-07
1.4481e-06
-7.49669e-07
3.02913e-06
6.148e-06
-2.6674e-06
4.78838e-06
-2.3769e-05
2.1648e-05
-2.11621e-06
2.10825e-06
-3.00044e-06
-2.17591e-06
8.6864e-08
-1.3685e-06
-1.77814e-06
2.58945e-07
-2.30803e-06
1.84314e-06
-1.03678e-06
1.48786e-06
3.76273e-06
-3.36574e-07
3.11982e-09
2.60854e-06
7.05331e-07
1.3137e-06
9.71562e-07
2.36453e-07
4.61973e-07
-1.99992e-07
5.61731e-07
-5.79296e-07
5.36769e-06
-1.18415e-06
1.69711e-06
-2.62918e-06
-1.37035e-06
1.30268e-06
-1.44296e-06
1.61327e-07
-9.11906e-07
-6.07288e-07
1.36329e-08
-4.78524e-07
4.51073e-07
2.64861e-06
-2.23075e-06
3.34488e-06
2.60239e-06
-3.3042e-07
1.76652e-06
2.52508e-07
8.68483e-07
3.39528e-07
1.7961e-07
8.23684e-08
-1.7566e-08
-1.64301e-06
-9.25792e-07
1.38466e-06
-6.45983e-07
9.72744e-07
-8.22145e-07
6.81856e-07
-8.52044e-07
1.01464e-07
-4.82955e-07
-1.10701e-07
-2.74527e-08
1.47138e-06
-1.99269e-06
3.16992e-06
1.69103e-06
-1.31939e-06
1.65083e-06
-2.14734e-07
1.05582e-06
6.51739e-08
4.55097e-07
6.40384e-08
6.48017e-08
-2.40338e-06
-1.35734e-06
2.11771e-06
-1.02035e-06
-5.5143e-07
-3.29828e-07
4.80426e-07
-4.44894e-07
2.74704e-07
-4.13471e-07
3.19774e-08
-1.38155e-07
2.1062e-06
1.24574e-06
-1.88055e-06
8.1964e-07
-1.12129e-06
9.97349e-07
-6.65913e-07
9.40346e-07
-9.92712e-08
5.15017e-07
5.25036e-09
1.28838e-07
-2.8563e-06
-7.34344e-07
1.18726e-06
-1.59071e-06
-7.86984e-07
-5.95553e-07
-2.85708e-07
-1.49692e-07
1.85223e-07
-1.99575e-07
6.08057e-08
-1.06179e-07
-2.76222e-06
1.79648e-07
-2.73727e-07
1.2573e-06
-1.91331e-06
1.32211e-06
7.43288e-07
4.24125e-07
-5.48066e-07
5.33785e-07
-2.59357e-07
4.41862e-07
-2.61202e-08
1.34086e-07
-1.90809e-06
-4.16948e-07
-9.87669e-07
-3.94868e-07
-3.18011e-07
-1.17391e-07
-5.26644e-08
3.831e-08
-4.5374e-08
-1.83755e-06
1.09119e-07
7.41869e-07
7.81794e-07
3.8562e-07
1.95714e-07
-2.09991e-07
2.37531e-07
-5.50291e-08
1.07965e-07
-1.19728e-06
-2.07334e-07
-5.57444e-07
-1.55436e-07
-1.42859e-07
-2.71996e-08
-7.06458e-09
-1.14612e-06
5.79616e-08
3.77542e-07
4.22878e-07
1.5846e-07
7.05238e-08
-4.29799e-08
5.29364e-08
-6.82414e-07
-8.23637e-08
-2.63421e-07
-3.48743e-08
-3.42643e-08
-6.49683e-07
2.52326e-08
1.5074e-07
1.92144e-07
3.68434e-08
9.95897e-09
-3.26508e-07
-1.92767e-08
-6.91389e-08
-3.08289e-07
7.01569e-09
3.45955e-08
4.68035e-08
-8.84158e-08
-8.13991e-08
0.00059716
-0.00138177
-0.00106658
0.000323336
-0.000539836
0.000860605
-0.000537269
0.00054022
0.00130419
-0.000763969
0.00111375
-0.000268022
0.00156993
-0.00183795
0.000503347
-0.00029818
-0.00139464
0.000630668
0.00013941
-0.000311453
-0.000400426
4.44328e-05
-0.000121393
-0.00026702
0.00033164
-0.000732067
0.00117684
-0.000845196
0.000639567
-0.000755069
0.00207362
-0.00144295
0.000235669
0.00130924
-0.00107357
0.00101106
0.000358344
0.00101866
-0.00177373
-0.000424299
-6.03387e-05
0.000230278
-0.000290616
-3.67428e-05
-0.00076881
-6.75348e-05
-0.000701275
0.00137298
-0.00144052
0.000527787
-0.00124594
0.00142695
-0.00185125
0.000353382
0.000886268
-0.000532886
-0.00124461
0.000754809
-0.00137767
0.00105773
-0.000622861
0.000988102
-0.00223404
-0.000863149
0.000860882
0.000803906
0.00177774
-0.000412237
0.000998021
-0.00149158
0.00135717
-0.000433847
-0.00116052
0.000748285
-0.000789611
-0.0013227
0.00137873
3.44769e-05
-0.00129134
0.000501729
-0.00107365
0.000305083
-0.000193174
0.000132643
-0.000325818
-0.000568632
0.0002806
-0.000849232
-0.00115992
0.000201131
-0.00136105
-0.00203291
0.00114078
-0.00200393
-0.000607894
-1.4967e-05
-0.000664018
0.000230171
-0.000678985
-2.72842e-05
-0.00200563
-0.00203121
-0.000900236
0.00170414
-0.00011611
0.000881911
0.000282794
0.00149494
0.00198694
0.00166436
-2.42247e-05
0.000906136
-0.001013
0.000988777
-0.000264716
-0.000581688
0.000616165
-0.000351517
-0.000966944
0.000702228
-0.000465215
-0.000793975
0.00032876
-0.000488892
0.000127273
-0.000251417
8.09266e-05
-0.000332344
-0.000768305
3.43423e-05
-0.000802648
-0.00132671
-0.000351866
-0.00097484
-0.00235749
0.000888127
-0.00123964
0.000209142
-0.00182207
-0.00142923
0.000189586
0.000921794
-0.00274387
-0.0014357
0.000541276
0.00144566
0.00144741
-0.00100736
0.0013724
0.000656999
0.00210266
0.000102323
0.00134509
0.0010911
4.8614e-05
0.00104249
0.000750842
0.000224196
0.000526646
0.000552957
0.00068023
-0.000749
-0.000308858
9.74587e-06
-0.000318604
-0.000792902
-0.000349556
-0.000443346
-0.0013244
-0.00042514
-0.000899255
-0.00186084
0.00201549
-0.0018259
-0.000728376
0.00173351
-0.00248251
-9.23894e-05
0.00128782
-0.0020162
-0.000573013
-0.000615198
0.000861064
0.000757198
-0.00120896
0.00196615
0.000893704
0.00223879
0.00141029
0.000828499
0.00245278
0.00297943
-0.000633352
0.0020561
-0.00142275
0.00311587
-0.000136442
-0.000344347
0.000564424
-0.00113744
-9.41631e-05
-0.000250184
-0.000537509
-0.000119338
-0.000418171
-0.00101859
-0.00045417
0.00181997
0.000236124
-0.00172758
-0.000288616
-0.000730144
0.000966269
-0.000975167
-0.00016227
0.000647411
-0.000936027
-0.000327756
-0.00117472
0.000444574
-0.000323763
0.000535272
0.000537301
2.71436e-05
-0.000602856
0.000575713
-0.00114757
-0.00012252
0.000347685
-0.000225165
-0.000725377
-0.000699079
0.00123638
0.00126707
0.00209557
-0.000341589
-0.000805985
-0.00176433
0.00121606
0.00087951
0.00107962
-0.000684714
-0.000286
0.000394196
-0.000556465
-0.000675107
0.000220937
-0.000280911
-0.000125764
-0.000160236
-0.000543935
-0.000322998
-0.00125738
0.000321357
-0.000291115
-0.000606417
0.000315302
-0.000161843
-0.000502057
-5.44082e-05
0.000829813
-0.000508457
-0.000673766
0.000511923
-9.80535e-05
0.000367255
-1.95703e-05
0.000269202
-0.00021847
0.0001989
1.70358e-05
0.000143933
-0.000160969
-0.000201434
-0.000426599
-0.000257943
-0.000168656
-0.000112282
0.000260995
0.00042299
-0.000147803
0.000570793
0.00108858
0.000315537
-0.00057348
-0.00040984
-0.00121582
0.000469293
0.000619284
-0.00066409
-0.000551735
0.0013488
-2.15403e-05
0.000109332
0.000239455
0.000113708
-0.000273944
-1.08995e-05
-0.000465124
0.000184213
-0.000519533
-0.000100859
-0.000173085
-0.000423857
-0.000239644
0.000481723
3.02002e-05
-0.000797025
0.000288568
-0.000530399
1.08659e-05
-0.000241831
-0.000299449
0.000329649
-0.000345065
4.56163e-05
-7.58635e-05
-0.000237625
0.000161762
-3.87257e-05
-0.00013133
9.26047e-05
1.2603e-05
5.46214e-06
2.42482e-05
-2.97104e-05
1.26793e-05
-2.39187e-05
4.8167e-05
6.94177e-05
-9.33364e-05
8.20206e-05
-4.66507e-05
-4.66857e-05
-0.00020762
-2.40671e-05
-5.64325e-06
-7.07528e-05
-1.77846e-05
-0.000101651
-0.000105969
-0.000270307
-0.000103517
-0.000166789
-0.000676998
-9.36471e-05
0.000333102
0.000477146
0.00109643
-0.000441172
-0.000235826
0.000992907
0.000103523
1.83732e-05
2.62281e-05
0.000127706
4.60414e-05
8.16642e-05
0.000379143
5.39591e-05
-0.000227044
1.34695e-05
-7.32179e-05
-0.000153826
-0.000312862
-0.000301996
-0.00023423
-6.77659e-05
-0.00047606
-0.000146411
0.000191084
-2.93221e-05
-0.0002367
9.0289e-05
5.31629e-05
2.88577e-05
0.000145768
0.000116446
4.07558e-05
7.41117e-06
6.96135e-05
1.7621e-05
-4.87516e-05
-2.20012e-05
-0.000154721
-2.28262e-05
5.04157e-06
-4.48274e-05
-2.87975e-06
1.49217e-05
8.31482e-08
4.11498e-05
-0.00010241
-5.23109e-05
-0.000269199
-0.000147475
-0.000121724
-0.000383301
0.000339793
3.93505e-05
0.000443316
6.0015e-05
8.99002e-06
3.21597e-05
9.06542e-05
0.000130005
9.66292e-05
-2.70157e-05
0.000213075
-0.000235598
8.17715e-05
-0.000303364
-1.85107e-05
-5.36769e-06
-7.87672e-06
7.95987e-06
-6.31894e-06
-4.02216e-05
-4.60578e-06
-9.25325e-05
-1.25413e-05
9.66153e-06
-1.7147e-05
6.07254e-06
1.10542e-05
-3.09436e-06
4.3214e-05
-7.42488e-05
-1.82837e-05
-0.000195973
-0.000135958
3.29009e-05
1.03131e-05
0.000162906
2.69479e-05
-8.09641e-06
5.00206e-06
4.94403e-06
-7.94448e-06
-1.37491e-06
-9.47132e-06
-7.47494e-07
-7.19698e-06
-3.37667e-06
-2.99828e-05
1.28358e-05
-4.82665e-05
-1.8006e-06
7.87314e-06
1.10352e-05
7.87625e-06
1.28739e-05
-7.87185e-06
2.3187e-05
3.04899e-05
-7.30292e-06
-5.74379e-05
9.17134e-06
-3.75181e-07
-9.09613e-06
-8.24704e-06
-2.44557e-06
-4.75141e-06
-1.15417e-05
-1.99202e-06
-6.74343e-06
2.64162e-06
8.39359e-06
1.1813e-05
-4.14254e-06
7.48741e-06
3.73371e-06
1.21273e-05
-2.27188e-06
-5.97516e-06
-9.57479e-06
-1.07763e-05
1.20153e-06
1.03665e-06
8.07936e-07
6.67947e-06
3.97788e-06
-7.88715e-06
-3.65456e-06
-1.38623e-05
-4.62573e-06
-8.28028e-06
5.08852e-07
6.17063e-06
1.26362e-05
1.36728e-05
-1.25474e-05
-1.31484e-06
1.13459e-05
2.32689e-06
2.09734e-06
8.26797e-06
-7.09301e-06
-8.40786e-06
-8.68156e-06
6.35467e-06
)
;

boundaryField
{
    movingWall
    {
        type            calculated;
        value           uniform 0;
    }
    fixedWalls
    {
        type            calculated;
        value           uniform 0;
    }
    frontAndBack
    {
        type            empty;
        value           nonuniform List<scalar> 0();
    }
    defaultFaces
    {
        type            empty;
        value           nonuniform List<scalar> 0();
    }
}


// ************************************************************************* //
