/*--------------------------------*- C++ -*----------------------------------*\
  =========                 |
  \\      /  F ield         | OpenFOAM: The Open Source CFD Toolbox
   \\    /   O peration     | Website:  https://openfoam.org
    \\  /    A nd           | Version:  8
     \\/     M anipulation  |
\*---------------------------------------------------------------------------*/
FoamFile
{
    version     2.0;
    format      ascii;
    class       volVectorField;
    location    "0.045";
    object      U;
}
// * * * * * * * * * * * * * * * * * * * * * * * * * * * * * * * * * * * * * //

dimensions      [0 1 -1 0 0 0 0];

internalField   nonuniform List<vector> 
424
(
(-0.00293464 -0.000189363 6.81105e-26)
(-0.0146372 0.000961052 0)
(-0.0130913 0.00276557 2.04644e-23)
(0.000178908 0.00314915 -1.16559e-24)
(-0.0473015 0.00514227 -2.4771e-23)
(-0.0230217 0.000844016 -3.3877e-23)
(-0.0029919 0.013818 3.23028e-24)
(-0.000994781 0.0154897 -7.89721e-25)
(-0.0686594 0.00259258 -3.61294e-23)
(-0.0257403 0.000296724 3.10966e-23)
(-0.0702525 0.00228001 9.63385e-23)
(-0.0240159 0.000465309 0)
(-0.00519246 0.050267 1.16961e-24)
(-0.000962971 0.024462 0)
(-0.0743599 0.000564678 3.30245e-23)
(-0.0255567 -4.08099e-05 1.75102e-23)
(-0.0589898 0.000688566 0)
(-0.0196305 7.80391e-05 0)
(-0.000341331 0.0270863 0)
(-0.00267474 0.0731779 -2.78509e-23)
(-0.073324 4.78193e-05 3.4953e-23)
(-0.0257947 -0.000338555 -1.87538e-23)
(-0.0572619 0.00023641 0)
(-0.0196193 5.59982e-05 0)
(1.31838e-05 0.0260185 1.30704e-23)
(-0.00017338 0.0780464 2.51331e-23)
(-0.00233089 0.0683855 -3.74523e-23)
(-0.000417627 0.0232904 -3.88899e-23)
(-0.0750007 -0.000327653 5.88698e-23)
(-0.0232166 -0.000847402 0)
(-0.0150183 -0.000968811 -1.31683e-22)
(-0.00303744 0.000215018 0)
(-0.0529984 -1.91184e-05 -1.05686e-22)
(-0.0180385 3.826e-05 9.88272e-23)
(-0.0222831 0.0479297 6.83827e-23)
(0.000239805 0.0267732 0)
(0.000145332 0.0295627 -2.27059e-22)
(0.00335115 0.0631306 2.33912e-22)
(8.24047e-05 0.0745834 2.79512e-23)
(-0.00041922 0.0600546 3.92267e-24)
(-6.84329e-06 0.0199808 -3.85033e-24)
(-0.0699148 -0.00256619 -1.05439e-22)
(-0.0489371 -0.00548808 1.33502e-22)
(-0.0140914 -0.00309892 0)
(0.000223181 -0.00336245 -2.95528e-22)
(-0.049425 -0.000265314 3.47004e-22)
(-0.0162079 -3.37134e-05 0)
(-0.106052 0.152669 -1.89067e-22)
(0.809202 0.0278424 -5.01892e-23)
(-0.000695856 0.07809 -1.6221e-23)
(-0.00573369 0.0865745 0)
(-0.00507743 0.166795 -3.61587e-24)
(-0.000244303 0.0578861 0)
(-4.43737e-05 0.0198997 0)
(-0.00399713 -0.0151851 5.9439e-23)
(-0.00125565 -0.017052 2.58436e-22)
(-0.0530653 -0.000628616 0)
(-0.0174607 -0.000154996 0)
(0.405629 0.118726 1.41493e-22)
(0.861362 -0.00378855 -1.19191e-23)
(0.000144578 0.05441 -9.27377e-23)
(-8.90431e-06 0.0187063 8.79052e-23)
(-0.00670543 -0.0543655 0)
(-0.00104096 -0.0267816 0)
(0.551383 0.0129156 1.56465e-22)
(0.882703 -0.00213975 0)
(0.000407457 0.0515594 -7.97585e-23)
(9.86767e-05 0.0174602 7.33967e-23)
(-0.000334997 -0.0292672 6.02636e-23)
(-0.00298044 -0.0789371 -1.85948e-23)
(0.88069 -0.001286 -1.38247e-23)
(0.626289 0.00205962 -1.15932e-22)
(-0.00228709 0.0558229 0)
(-0.000205016 0.0209678 0)
(7.71885e-05 -0.0288577 4.72754e-23)
(-0.000366401 -0.0833928 1.91044e-23)
(-0.00189684 -0.0658331 -3.97171e-22)
(-0.000343041 -0.0224153 0)
(0.87907 -0.000317071 1.30604e-23)
(0.636914 -0.000767505 -4.91365e-23)
(0.826675 -0.0267494 0)
(0.000338037 -0.0287949 -9.09942e-23)
(0.881746 0.00140743 0)
(0.886686 0.00204251 0)
(0.865823 0.00377284 0)
(-0.0195214 -0.0491224 0)
(0.00355524 -0.0682895 -4.8075e-22)
(0.000174185 -0.0308049 5.95639e-22)
(0.000290632 -0.0820838 4.36566e-23)
(-0.000559156 -0.0576674 0)
(-3.68653e-05 -0.0192268 0)
(0.639072 -0.000726004 -2.08429e-23)
(-0.104801 0.00186781 -4.20471e-23)
(0.447568 -0.115194 9.6467e-22)
(-0.000517356 -0.0838622 -8.91251e-23)
(0.641551 0.00131752 -1.23718e-22)
(0.643081 -0.00139653 2.57365e-22)
(0.569987 -0.010835 -1.24184e-21)
(-0.108404 -0.154002 -1.80899e-22)
(-0.00645177 -0.179332 7.01018e-22)
(-0.00653766 -0.0904186 -5.69175e-22)
(5.52135e-05 -0.0572702 -3.09726e-23)
(3.5162e-05 -0.0196745 3.00371e-23)
(-0.0932644 5.74257e-05 0)
(-0.0405271 -4.38011e-05 -4.09659e-23)
(0.000387359 -0.0593654 -1.38399e-22)
(6.08513e-05 -0.0204718 -1.31587e-22)
(-0.0956676 -0.00031833 2.40202e-23)
(-0.0338817 6.14847e-06 0)
(-6.39135e-05 -0.0579232 9.95367e-23)
(8.55367e-05 -0.0199288 -9.48898e-23)
(-0.0893971 -0.000141638 -2.48807e-22)
(-0.0352009 -0.000111289 -2.27438e-23)
(-0.00300005 -0.0605214 0)
(-0.00022095 -0.0234788 0)
(-0.082456 0.000298342 1.35975e-22)
(-0.0326983 -6.71846e-05 0)
(-0.0936026 -0.00161772 0)
(-0.0294663 -9.34811e-06 1.21631e-22)
(-0.0351068 -0.00011436 0)
(-0.0796337 0.0170816 2.51307e-24)
(-0.0236311 0.0118332 0)
(-0.0636016 0.0351912 0)
(-0.0121392 0.0248513 -1.84675e-24)
(-0.129813 0.10695 2.70285e-23)
(-0.157467 0.0740322 4.76991e-22)
(-0.0863154 0.135943 3.60254e-23)
(-0.107348 0.116451 -1.32847e-23)
(-0.1543 0.0624363 -8.02664e-22)
(-0.159066 0.0372692 -2.63832e-23)
(-0.136341 0.0285056 -7.20379e-22)
(-0.122742 0.0287943 -1.92539e-22)
(-0.14625 0.0476774 -6.42554e-22)
(-0.165973 0.0511129 8.38839e-22)
(-0.172845 0.0242924 -6.00007e-22)
(-0.180253 0.0267932 1.08086e-22)
(-0.111876 0.0066904 1.81291e-22)
(-0.165003 0.00738776 1.24456e-21)
(-0.109309 0.00548676 2.62559e-22)
(-0.135982 0.00295222 3.40056e-22)
(-0.0367461 0.0644266 2.98535e-23)
(-0.103559 0.113087 0)
(-0.0717274 0.0679952 -2.47119e-23)
(-0.101764 0.0914718 0)
(-0.0734741 0.138813 5.30352e-23)
(-0.0749937 0.147963 -1.36576e-22)
(-0.0193097 0.0862777 -3.01932e-25)
(-0.050058 0.164876 2.19485e-22)
(-0.0696778 0.133764 -4.78552e-23)
(-0.0471829 0.157341 2.86899e-22)
(-0.0615211 0.103749 -5.77808e-23)
(-0.0974171 0.0921582 -2.77284e-23)
(-0.108646 0.0661403 0)
(-0.0949872 0.0359405 1.22402e-22)
(-0.0232647 0.00244441 -2.99185e-22)
(-0.0653838 0.0141357 3.45172e-22)
(-0.160479 0.00870025 0)
(-0.179468 0.00903573 0)
(-0.187918 0.00221072 -8.63445e-22)
(-0.124632 0.00072229 -1.54632e-21)
(-0.181578 0.00213147 2.8002e-21)
(-0.102132 0.00153653 7.08695e-22)
(-0.14434 -0.000259504 7.39554e-22)
(-0.0348759 0.131431 -2.12162e-23)
(-0.0442635 0.153346 2.06663e-23)
(-0.0338894 0.177829 -2.34693e-22)
(-0.0063938 0.118265 7.74874e-22)
(-0.0204525 0.182592 1.15951e-22)
(-0.0260073 0.150582 4.82325e-23)
(-0.0147682 0.167919 -3.00166e-22)
(-0.0335397 0.0889545 1.67481e-22)
(-0.0206045 0.131427 -1.1723e-21)
(-0.0144105 0.0641633 0)
(-0.00246678 0.0228674 0)
(-0.170354 -0.000966865 8.75348e-22)
(-0.187455 -0.000295221 -2.61158e-21)
(-0.127347 0.000710379 -9.19944e-22)
(-0.178748 0.000118141 2.91433e-21)
(-0.0999826 -4.61784e-05 -1.15715e-21)
(-0.145196 -0.000447323 1.43854e-21)
(-0.00532835 0.16465 -6.92979e-22)
(-0.0064957 0.183074 5.23075e-22)
(0.00121169 0.128463 0)
(-0.00489725 0.15988 0)
(-0.00167909 0.187519 -1.05473e-21)
(-0.00396415 0.103205 8.0169e-22)
(-0.000375962 0.13317 0)
(-0.170157 0.00217304 8.74373e-22)
(-0.18542 0.00137652 1.97163e-22)
(-0.131389 0.000715439 1.26095e-21)
(-0.177877 -0.0015577 -1.91412e-21)
(-0.183515 -0.00331889 -2.01381e-21)
(-0.0962087 -0.000686668 -2.26904e-21)
(-0.136276 -0.000603122 9.84803e-22)
(0.00380594 0.168635 7.66883e-22)
(0.000864092 0.12267 -8.1205e-22)
(-0.000316506 0.181671 2.55932e-21)
(0.00247281 0.187691 -1.97772e-21)
(-0.000652242 0.104953 0)
(0.000627509 0.145776 0)
(-0.162051 -0.00624518 -1.45065e-21)
(-0.181585 -0.00877173 0)
(-0.180125 -0.0273727 1.76529e-21)
(-0.114122 -0.00652073 1.05919e-21)
(-0.170056 -0.0354713 -1.96638e-21)
(-0.17094 -0.0328055 -3.24544e-21)
(-0.154543 -0.00739873 1.95862e-21)
(-0.160925 -0.0241651 1.79043e-21)
(-0.0953423 -0.000731018 -2.94387e-22)
(-0.122533 0.00042642 0)
(-0.000567128 0.16865 -4.27454e-22)
(-0.00393553 0.132532 0)
(0.00113052 0.180338 0)
(-0.000379644 0.186046 3.2701e-22)
(-6.50517e-05 0.0989916 0)
(0.0016696 0.14421 0)
(-0.148385 -0.0652634 0)
(-0.161461 -0.0579682 -2.16167e-21)
(-0.161805 -0.062073 2.91985e-21)
(-0.134247 -0.0870528 0)
(-0.0785482 -0.0163206 0)
(-0.127401 -0.0277114 -1.222e-21)
(-0.146491 -0.0351813 -2.28625e-21)
(-0.134024 -0.0690556 2.80815e-21)
(-0.145955 -0.0819266 -1.47927e-22)
(-0.0646647 -0.033897 -7.03393e-22)
(-0.0248455 -0.011948 0)
(-0.013777 -0.025704 2.1484e-21)
(-0.136313 -0.0333839 7.3795e-22)
(-0.140592 -0.0565969 -1.83385e-21)
(-0.0867165 -0.00147655 -1.29971e-21)
(-0.118049 -0.0266608 1.85728e-21)
(-0.117247 -0.071846 8.61249e-22)
(-0.120873 -0.0881644 0)
(-0.104224 -0.101952 1.57276e-21)
(-0.0302315 0.234768 3.1909e-24)
(-0.128256 0.2994 -2.98936e-21)
(-0.141215 0.223776 3.13435e-21)
(0.118535 0.186735 -2.52015e-21)
(-0.0154558 0.171734 1.44031e-21)
(-0.0178009 0.13903 -1.74397e-21)
(-0.048189 0.207742 -8.93421e-22)
(-0.016855 0.183697 -3.07511e-21)
(0.000771255 0.176573 -7.87847e-22)
(-0.00789505 0.180928 3.18247e-21)
(0.00109378 0.0940208 0)
(0.00223684 0.134169 2.89842e-22)
(-0.062703 0.199569 4.23168e-21)
(-0.0998272 0.192474 -1.31939e-21)
(-0.107392 -0.119005 4.15213e-21)
(-0.128549 -0.10471 2.47834e-21)
(-0.125798 -0.106576 -3.33247e-21)
(-0.0772385 -0.0620319 5.33884e-22)
(-0.0963709 -0.120633 0)
(-0.102125 -0.0865597 2.48058e-22)
(-0.0381831 -0.0628403 -3.00289e-21)
(-0.0846199 -0.14116 -5.84346e-21)
(-0.0226577 -0.0887482 0)
(-0.0697414 -0.141999 2.05126e-21)
(-0.0496423 -0.159689 0)
(-0.0788102 -0.027426 3.18116e-21)
(-0.0956404 -0.0619768 0)
(-0.0601631 -0.105914 -4.67073e-21)
(-0.0860625 -0.0945113 1.1391e-21)
(-0.0172649 -0.00145038 1.35903e-21)
(-0.0506685 -0.00947827 -5.47237e-21)
(-0.105572 0.238339 -5.34561e-22)
(-0.127908 0.202485 0)
(0.00989138 0.194863 1.96867e-21)
(-0.135598 0.108998 -1.29745e-21)
(0.264647 0.0573424 9.58084e-22)
(-0.0273628 0.180009 2.01697e-21)
(-0.0486324 0.178237 -2.27151e-21)
(-0.00850896 0.150156 -1.66502e-21)
(-0.0187228 0.153088 2.87517e-21)
(0.000853259 0.0912696 1.34317e-21)
(-0.00633043 0.118111 -8.88884e-22)
(-0.155332 0.0188722 0)
(-0.108258 0.125905 -1.91589e-21)
(-0.139661 0.0882974 1.08963e-22)
(-0.146545 0.0484587 3.14572e-21)
(-0.0531213 0.137764 -1.22843e-21)
(-0.0851263 0.113718 1.19678e-21)
(-0.0633274 -0.147397 2.24965e-22)
(-0.0628364 -0.162379 5.0555e-22)
(-0.047119 -0.17275 0)
(-0.0376779 -0.127707 -2.84041e-22)
(-0.00863921 -0.12948 1.90399e-23)
(-0.0279632 -0.17843 -3.58777e-21)
(-0.0306827 -0.154599 1.83865e-21)
(-0.0211789 -0.16733 -2.03157e-21)
(-0.0331705 -0.0925048 3.19141e-21)
(-0.0243962 -0.131916 -2.66084e-21)
(-0.0125934 -0.0609186 0)
(-0.00219951 -0.0213742 0)
(-0.0532218 0.057284 -4.54602e-22)
(-0.114073 0.0268965 1.6327e-21)
(0.105083 0.0606923 -6.68148e-22)
(0.375292 0.0176446 1.67379e-21)
(-0.123261 0.0162417 0)
(-0.172794 0.0106236 0)
(-0.0163498 0.11897 -2.08504e-21)
(-0.0331973 0.114278 0)
(-0.163776 -0.00427188 0)
(-0.161038 0.00209877 0)
(-0.00694672 0.0858407 0)
(-0.00618125 0.0970652 -9.49329e-22)
(-0.123237 0.00530403 0)
(-0.121634 0.033708 -3.18319e-21)
(-0.0435698 0.0640912 0)
(-0.0822324 0.0682342 0)
(-0.0967035 0.040536 2.6937e-21)
(-0.150325 -0.0106361 5.67799e-22)
(-0.0119507 -0.182149 2.51293e-21)
(-0.0113571 -0.167397 0)
(0.000252216 -0.13501 -4.01932e-23)
(-0.0072776 -0.159094 0)
(-0.0035071 -0.185896 0)
(-0.00452852 -0.101987 -3.521e-21)
(-0.00281445 -0.131985 3.21271e-21)
(-0.0443674 0.0167141 0)
(0.124614 0.0123374 -1.38828e-21)
(0.375529 0.00255172 0)
(-0.182927 0.00431625 -4.6849e-22)
(-0.153365 0.00878688 1.18569e-23)
(-0.142757 0.00536844 -2.50537e-22)
(-0.172751 0.00599698 1.30664e-22)
(-0.00428832 0.0313752 5.48613e-21)
(-0.032139 0.0258283 -1.03251e-21)
(-0.0694612 0.0122372 -2.11809e-21)
(-0.0824641 -0.0142624 0)
(-0.0826988 -0.00366305 0)
(0.0002962 0.00909929 1.72055e-21)
(-3.40567e-05 0.0229359 -6.5036e-21)
(-0.0635583 -0.00553673 0)
(0.00202064 -0.174821 -5.44277e-22)
(0.000380888 -0.134799 3.98477e-23)
(-0.00164486 -0.179399 -4.63188e-21)
(0.00124917 -0.187272 4.30814e-21)
(-0.00146632 -0.099677 0)
(0.000230022 -0.142978 -5.3594e-22)
(0.09887 -0.00268089 0)
(0.363158 -0.00154256 0)
(-0.167037 -0.00192689 4.27376e-22)
(-0.0930453 -0.00223617 -3.64824e-22)
(-0.148508 0.000225619 3.31525e-22)
(-0.182186 0.00674336 -5.56501e-22)
(-0.0245063 -0.000851387 0)
(0.131191 -0.186384 -5.76513e-21)
(-0.150155 -0.226928 9.82723e-21)
(-0.000615991 -0.172774 1.6724e-22)
(-0.00342677 -0.137304 0)
(0.000955137 -0.178986 3.94839e-21)
(-0.000661232 -0.186094 -2.87806e-21)
(0.000624821 -0.0969257 0)
(0.00241273 -0.148139 -1.02842e-21)
(0.0907589 -0.000125668 -3.84562e-23)
(0.357677 -0.00326569 -2.09542e-21)
(-0.189255 -0.0031483 -2.14076e-21)
(-0.10214 -0.000182853 -6.25704e-22)
(-0.151749 0.00168091 5.32787e-22)
(-0.189937 -0.00175641 0)
(0.267536 -0.0533017 -6.96162e-21)
(0.0262881 -0.166563 -6.40562e-21)
(-0.0150215 -0.173096 0)
(-0.0192479 -0.143646 0)
(0.131154 -0.00835781 -3.06323e-21)
(0.383017 -0.0157271 2.61077e-21)
(0.128771 -0.0593848 1.1583e-20)
(-0.0540989 -0.212626 0)
(-0.112298 -0.219718 9.19434e-21)
(-0.0350751 -0.25063 1.6022e-21)
(-0.147627 -0.306007 -2.59634e-21)
(-0.0665949 -0.195326 -1.79308e-23)
(-0.015391 -0.183282 -3.83783e-21)
(0.00021175 -0.177785 1.65007e-21)
(-0.00636539 -0.180579 6.07307e-21)
(0.00117392 -0.106593 -3.64508e-21)
(0.0001593 -0.145077 2.36681e-21)
(-0.0481514 -0.0138241 2.45565e-21)
(-0.169608 0.00265993 3.73759e-21)
(-0.165044 -0.00566032 -3.37329e-21)
(-0.143985 7.10745e-05 2.4877e-22)
(-0.174431 -0.000248764 0)
(-0.0618537 -0.0657938 -3.84532e-21)
(-0.147821 -0.173534 -2.63105e-21)
(-0.0447148 -0.175635 -6.38857e-21)
(-0.0271025 -0.176923 7.5501e-22)
(-0.126589 -0.0150374 0)
(-0.115098 -0.0285603 -9.97027e-22)
(-0.130425 -0.173357 -6.74495e-21)
(-0.089009 -0.178097 8.70771e-21)
(-0.0735596 -0.1309 6.39489e-21)
(-0.0511297 -0.140095 0)
(-0.00745535 -0.143479 0)
(-0.0175889 -0.147777 -2.51028e-21)
(-0.00140123 -0.0991674 0)
(-0.00756023 -0.121728 0)
(-0.186682 0.000128572 2.82166e-21)
(-0.177239 -0.00528436 -5.44314e-21)
(-0.136705 0.00215003 -2.61883e-22)
(-0.168552 -0.0029541 -1.59642e-21)
(-0.155398 -0.0197285 5.16617e-21)
(-0.147774 -0.0741567 -4.4618e-21)
(-0.0183975 -0.117474 1.50503e-21)
(-0.0342164 -0.116288 3.62298e-21)
(-0.173592 0.00446096 4.46129e-21)
(-0.155665 0.00201159 -1.78851e-22)
(-0.0430062 -0.0652753 -8.00947e-21)
(-0.0770017 -0.0784824 3.85595e-22)
(-0.10963 -0.0625512 1.41766e-21)
(-0.00736018 -0.0839872 0)
(-0.00806121 -0.0945243 -2.74656e-21)
(-0.137306 -0.00455504 -2.16287e-21)
(-0.158033 0.00808363 1.5379e-21)
(-0.0880394 0.016679 1.42681e-21)
(-0.00661803 -0.0284121 0)
(-0.0340695 -0.0215107 3.56587e-21)
(-0.102452 0.0108197 1.60372e-22)
(-0.0932716 -0.00927146 0)
(0.000152469 -0.0096055 0)
(-0.00110864 -0.0230676 0)
(-0.0612541 0.00666309 -3.74738e-21)
(-0.0225921 0.00112049 2.94934e-21)
)
;

boundaryField
{
    movingWall
    {
        type            fixedValue;
        value           uniform (1 0 0);
    }
    fixedWalls
    {
        type            noSlip;
    }
    frontAndBack
    {
        type            empty;
    }
    defaultFaces
    {
        type            empty;
    }
}


// ************************************************************************* //
