/*--------------------------------*- C++ -*----------------------------------*\
  =========                 |
  \\      /  F ield         | OpenFOAM: The Open Source CFD Toolbox
   \\    /   O peration     | Website:  https://openfoam.org
    \\  /    A nd           | Version:  8
     \\/     M anipulation  |
\*---------------------------------------------------------------------------*/
FoamFile
{
    version     2.0;
    format      ascii;
    class       volScalarField;
    location    "0.034";
    object      p;
}
// * * * * * * * * * * * * * * * * * * * * * * * * * * * * * * * * * * * * * //

dimensions      [0 2 -2 0 0 0 0];

internalField   nonuniform List<scalar> 
656
(
2.34222e-06
-0.235401
1.72818
-0.786521
0.189097
1.73083
-1.1509
-1.55269
2.0541
1.70693
1.76659
-0.438331
0.386101
1.74732
2.03366
2.25825
1.6371
1.58782
2.26745
2.39077
1.8029
1.82197
1.7872
1.81845
-0.0675838
0.616147
1.774
2.01646
2.24959
1.8446
1.86741
2.55691
2.39564
2.38588
2.55473
2.69133
2.15756
2.17365
2.13825
1.78304
1.85388
0.280734
0.818492
1.8091
2.00619
2.24264
2.18788
2.20043
2.86267
2.69211
2.55909
2.38174
2.55244
2.69012
2.86313
3.03039
2.16277
2.17716
2.18873
2.12141
2.14712
1.82882
2.00013
2.23547
2.19901
2.20783
3.02931
2.86079
2.69257
3.34792
2.37731
2.54963
2.6878
2.86199
3.03015
2.1843
2.19438
2.19623
2.19576
1.98909
2.22523
2.19506
2.19453
3.6143
3.3437
3.02561
2.85844
3.34836
3.56424
4.81858
2.36922
2.54731
2.68388
2.86222
3.03138
2.09499
2.09045
2.09175
2.0939
2.09576
2.09711
5.39539
5.07952
3.65549
3.33156
3.02035
3.35441
3.52942
4.58775
5.00484
2.12022
2.104
2.09567
2.08932
2.08317
2.07773
3.46446
5.83405
5.30572
3.68689
3.31497
3.39888
2.14108
2.12878
2.11765
2.1084
2.10021
2.09303
3.53851
3.54968
6.25311
5.51957
3.70434
3.53312
2.22965
2.21508
2.20258
2.19227
2.1832
2.17533
3.19034
3.54131
3.65174
6.69793
5.77509
3.19416
2.32995
2.31757
2.30562
2.2954
2.28658
2.27915
3.12406
3.18855
3.53879
3.76348
7.19377
3.13473
3.07622
2.41181
2.41252
2.40645
2.3953
2.38386
2.37421
3.0678
3.11416
3.18654
3.52888
3.85163
3.07123
2.47581
2.50527
2.49884
2.48226
3.06641
3.05915
3.10496
3.18239
3.51456
3.0715
3.18525
2.32527
2.31371
3.08463
3.06893
3.06059
3.05182
3.0951
3.17631
3.15562
3.18958
3.21163
3.09254
3.08382
3.06569
3.0558
3.0449
3.08565
3.1354
3.15725
3.19402
3.21281
3.33371
3.0976
3.09227
3.08271
3.06338
3.05158
3.03866
3.12266
3.13543
3.15786
3.19705
3.22478
3.37997
3.10002
3.09791
3.09241
3.08223
3.06154
3.04791
3.11513
3.1222
3.13504
3.15771
3.19885
3.23541
3.09838
3.10024
3.0983
3.0927
3.082
3.05999
3.11091
3.11443
3.12149
3.13433
3.15732
3.1997
3.10061
3.09811
3.1004
3.09872
3.09307
3.08186
3.11332
3.11055
3.11371
3.12076
3.13355
3.15693
3.10302
3.10035
3.09801
3.1005
3.09913
3.0934
3.10683
3.10964
3.11362
3.11026
3.11306
3.12002
3.13293
3.10288
3.10008
3.09797
3.10057
3.09953
3.10691
3.10998
3.11375
3.1101
3.11249
3.11944
3.10275
3.09984
3.09795
3.10063
3.10699
3.1103
3.11381
3.11001
3.11195
3.10263
3.09962
3.09793
3.10706
3.11058
3.11385
3.10992
3.10252
3.09943
3.10712
3.11084
3.11387
3.10242
3.10717
3.11108
0.612084
0.920964
2.12196
2.0512
1.83081
1.80174
1.83303
1.36942
1.47465
1.26348
1.80853
1.85068
2.14617
2.14491
2.16702
2.163
2.10717
2.08161
2.01412
1.95952
1.74518
1.56643
1.91246
1.84304
1.99288
1.99152
1.88243
2.10788
2.10976
2.14261
2.15764
2.16489
2.12773
2.08273
2.0932
2.00157
1.94371
2.13248
2.22547
2.11392
2.36221
2.2729
2.13749
2.07677
4.47116
4.70502
3.32921
2.55078
2.45665
3.17674
3.02497
2.68429
2.64741
2.96789
2.86773
2.81142
2.14395
2.11614
2.13126
2.17434
2.2273
2.21998
2.21041
2.2102
2.26382
2.16432
2.45148
2.39435
2.28356
2.29948
3.97041
3.53654
3.45174
3.98578
3.79794
3.42646
3.27962
3.31392
3.17174
2.62269
2.52904
3.08538
2.97843
2.89069
2.81738
2.74495
2.14837
2.16706
2.1939
2.2526
2.27851
2.34661
2.37079
2.56745
2.41915
2.36599
2.65479
2.48575
2.42516
3.67086
3.54051
3.49014
3.52799
3.44903
3.37133
3.23004
3.17555
3.05401
2.96304
2.88123
2.74167
2.70262
2.2391
2.25512
2.27893
2.36979
2.38798
2.43914
2.47647
2.5902
2.54203
2.81025
2.73488
2.59819
2.54304
3.18525
3.3195
3.33044
3.36103
3.28087
3.20762
3.11633
3.03375
2.89324
2.97994
2.91404
2.34048
2.55424
2.38195
2.39423
2.44277
2.4553
2.52032
2.85367
2.69364
2.73653
2.8838
2.59917
2.70791
2.6822
2.88348
3.12933
3.15405
3.00066
2.9664
3.08408
3.03025
3.19402
3.24107
3.21843
3.00985
2.98447
3.17498
3.02884
3.04315
2.43073
2.62231
2.53886
2.59711
2.47985
2.48258
2.51485
2.74831
2.81637
2.86956
2.92098
2.68071
2.75498
2.71099
2.91841
2.97909
3.03558
3.03168
3.09562
3.14207
3.12253
3.06722
3.06483
3.07362
3.06183
3.08311
3.12881
3.05109
3.0751
3.03772
3.077
3.07683
3.09212
3.07393
3.06761
3.07249
2.56357
2.45815
2.52893
2.64117
2.66015
2.53573
2.548
2.63404
2.94443
2.7993
2.83969
2.67975
2.79987
2.98239
2.96389
3.04022
3.0689
3.09529
3.13796
3.14241
3.1994
3.22311
3.22356
3.19441
3.16657
3.18653
3.14084
3.19973
3.17937
3.18261
3.14219
3.11686
3.10636
3.05657
3.09873
3.10128
3.12647
3.09624
3.07143
3.06137
3.06727
3.06437
3.06797
3.09356
3.23462
2.4556
2.34232
2.42356
2.56876
2.5973
2.67332
2.84184
2.83025
2.86852
3.10858
2.99986
3.00813
3.26609
3.16074
3.13888
3.29984
3.27444
3.36162
3.16301
3.13233
3.16306
3.15165
3.15505
3.08126
3.08272
3.13064
3.10693
3.11264
3.0883
3.06273
3.09252
3.09819
3.08738
3.09078
3.1019
3.37266
3.18224
3.06597
3.02342
3.02668
2.98049
2.78172
3.02523
3.31676
3.09104
3.09084
3.14413
3.13066
3.13745
3.12736
3.13617
3.09313
3.09128
3.12553
3.11397
3.10165
3.09164
3.10263
3.08898
3.53421
3.09732
3.09724
3.09703
3.09805
3.09903
3.09984
3.1259
3.11353
3.12453
3.12232
3.12364
3.09778
3.10478
3.09996
3.11245
3.11467
3.09892
3.10156
3.09975
3.10007
3.09906
3.09986
3.11683
3.11391
3.11538
3.1158
3.11533
3.10175
3.10433
3.10763
3.10894
3.11216
3.1111
3.10136
3.10249
3.10074
3.10135
3.11163
3.11156
3.10974
3.10477
3.10893
3.10656
3.11258
3.1113
3.10315
3.10461
3.1067
3.10922
3.10879
)
;

boundaryField
{
    movingWall
    {
        type            zeroGradient;
    }
    fixedWalls
    {
        type            zeroGradient;
    }
    frontAndBack
    {
        type            empty;
    }
    defaultFaces
    {
        type            empty;
    }
}


// ************************************************************************* //
