/*--------------------------------*- C++ -*----------------------------------*\
  =========                 |
  \\      /  F ield         | OpenFOAM: The Open Source CFD Toolbox
   \\    /   O peration     | Website:  https://openfoam.org
    \\  /    A nd           | Version:  8
     \\/     M anipulation  |
\*---------------------------------------------------------------------------*/
FoamFile
{
    version     2.0;
    format      ascii;
    class       volScalarField;
    location    "0.071";
    object      p;
}
// * * * * * * * * * * * * * * * * * * * * * * * * * * * * * * * * * * * * * //

dimensions      [0 2 -2 0 0 0 0];

internalField   nonuniform List<scalar> 
424
(
-3.44499e-06
0.0549443
0.013581
0.118128
0.0956774
0.247626
0.102421
0.0550494
0.277531
0.495542
0.479
0.491886
0.0114755
-0.150473
0.508113
0.749807
0.508321
0.51399
-0.421989
-0.184047
0.749239
1.00249
0.672877
0.673594
-0.674182
-0.436595
-0.380991
-0.396402
0.988429
1.26993
1.476
1.53837
0.850204
0.848285
-3.52155
-0.889005
-1.11167
-1.3891
-0.676891
-0.412369
-0.417519
1.23577
1.42965
1.52559
1.41535
1.00686
1.00449
-2.88775
-2.65086
-0.887296
-1.12253
-1.18074
-0.576918
-0.578138
1.4328
1.47052
1.02533
1.02155
-2.26892
-1.12623
-0.75955
-0.757242
1.51791
1.67541
-1.05153
-0.621386
-0.946261
-0.945202
1.92538
1.7087
-0.020661
-0.598832
-1.01222
-1.03644
2.18169
1.93777
1.89831
1.91153
0.728323
0.00852367
4.3759
2.40411
1.47385
2.10453
2.6824
5.2552
2.88578
2.61766
2.17947
1.94303
1.94878
0.733719
-0.386796
3.94779
2.39746
1.45939
2.08229
2.56929
4.53663
2.64152
2.62752
2.10507
2.10581
-0.162739
-0.412596
2.29277
2.29032
0.39314
-0.163114
2.48809
2.49279
0.979265
0.392572
2.57514
2.60595
1.56103
0.978234
1.82268
1.55617
1.84081
0.130967
0.0406155
0.047794
0.0788415
0.094615
0.16594
-0.0272755
0.0103169
0.224516
0.31816
0.333383
0.151108
0.177733
0.219211
0.336163
0.303763
0.294935
0.445444
0.461666
0.446464
0.0654961
-0.000491231
0.0704052
0.0359224
-0.0162657
-0.0625783
-0.0402115
-0.160887
-0.0822139
-0.189133
0.000966212
0.0449849
0.0690642
0.113928
0.305984
0.169842
0.363394
0.353391
0.490769
0.511374
0.584002
0.513446
0.599115
-0.0307994
-0.0330362
-0.185971
-0.202718
-0.231943
-0.267438
-0.271629
-0.0484819
-0.281761
-0.0948415
-0.23347
0.643116
0.639067
0.75105
0.78336
0.6792
0.784467
-0.293676
-0.281605
-0.439142
-0.338937
-0.401502
-0.381387
-0.348947
0.885764
0.885155
0.985872
0.958335
1.05253
0.853806
0.943808
-0.546826
-0.672293
-0.503753
-0.554936
-0.419952
-0.515273
1.13597
1.15074
1.20721
1.21799
1.27455
1.2213
1.10959
1.18322
1.00481
1.08282
-0.788779
-0.88363
-0.696324
-0.776869
-0.583078
-0.700534
1.32539
1.30433
1.31731
1.35457
1.40206
1.38622
1.38255
1.38614
1.39078
1.49791
1.50041
1.44977
1.18467
1.27084
1.03845
1.18546
1.35378
1.38436
1.45393
-1.26539
-1.65517
-2.50196
-2.08796
-1.01827
-1.1173
-1.23151
-1.01888
-0.86809
-0.935375
-0.764241
-0.869986
-1.14725
-1.25485
1.50178
1.44761
1.45842
1.45282
1.51798
1.45795
1.46853
1.51758
1.56269
1.58836
1.68705
1.3404
1.4359
1.51167
1.49516
1.13831
1.26318
-1.48759
-1.41868
-1.63488
-1.23538
-1.0802
-1.10403
-1.14898
-1.00608
-1.0705
-0.942553
-1.01912
-0.854649
-1.19491
-1.10098
-1.07425
-1.11786
-1.22075
1.56627
1.62306
1.69908
1.55625
1.73551
1.73053
1.76242
1.78544
1.56426
1.77376
1.61189
1.73809
-0.817797
-0.723147
-0.941018
-0.594323
-0.698816
-0.564765
-1.09593
-1.10537
-0.746699
-0.756846
-1.02291
-1.12658
-1.03851
-1.07745
-1.24115
-1.172
-1.05085
-0.753265
1.77593
1.78998
1.94084
1.86886
1.91346
1.88615
1.87285
-0.395464
-0.399233
0.0271679
-0.357064
-0.0567674
-0.411741
-0.344858
-1.40075
-1.31499
-1.08181
-1.21412
-1.15623
-1.51012
-1.48561
-1.19796
2.06705
2.18189
2.01575
2.06495
1.94687
2.03003
0.311376
0.738191
0.0737664
0.327584
-0.160597
0.145253
-1.13431
3.71446
4.0668
2.31328
2.39275
2.1887
2.31081
2.11144
2.20104
1.14674
1.45224
0.80604
1.13723
0.417347
0.792425
2.57848
3.13397
2.5337
2.62168
1.88887
2.07567
2.3738
2.73886
3.01106
2.74797
3.2176
2.65033
2.52464
2.40089
2.47263
2.29177
2.39322
1.90381
1.44095
1.52927
0.981561
1.35576
2.28351
2.92141
2.65901
2.62053
2.17945
2.2052
2.79793
2.6801
2.70141
2.67882
2.58136
2.59596
2.479
2.58926
1.79191
2.03816
1.56982
1.77239
2.39698
2.65506
2.62625
2.64325
2.15865
2.35993
2.76896
2.63488
2.67418
2.59413
2.66897
1.84544
2.12326
2.62704
2.97747
2.88876
2.53057
2.56605
3.09529
3.05862
2.6379
2.55884
)
;

boundaryField
{
    movingWall
    {
        type            zeroGradient;
    }
    fixedWalls
    {
        type            zeroGradient;
    }
    frontAndBack
    {
        type            empty;
    }
    defaultFaces
    {
        type            empty;
    }
}


// ************************************************************************* //
