/*--------------------------------*- C++ -*----------------------------------*\
  =========                 |
  \\      /  F ield         | OpenFOAM: The Open Source CFD Toolbox
   \\    /   O peration     | Website:  https://openfoam.org
    \\  /    A nd           | Version:  8
     \\/     M anipulation  |
\*---------------------------------------------------------------------------*/
FoamFile
{
    version     2.0;
    format      ascii;
    class       volVectorField;
    location    "0.108";
    object      U;
}
// * * * * * * * * * * * * * * * * * * * * * * * * * * * * * * * * * * * * * //

dimensions      [0 1 -1 0 0 0 0];

internalField   nonuniform List<vector> 
656
(
(0.743372 0.0565316 -9.65488e-25)
(0.927889 0.0140691 1.86667e-24)
(0.954788 -0.00127375 0)
(-0.091075 0.118994 2.40002e-23)
(0.556742 0.0977245 1.12098e-23)
(0.841242 0.000939742 0)
(-0.0571799 0.0672276 -4.93901e-23)
(-0.0145962 0.018846 9.85105e-24)
(0.968227 -0.00015084 0)
(-0.000504796 0.138601 -2.37829e-24)
(-0.00304968 0.193131 -7.83496e-23)
(-0.117738 0.172053 0)
(0.376006 0.139834 1.00526e-23)
(0.715019 0.00930684 0)
(0.890989 0.00127448 -1.70667e-22)
(0.906567 0.000583103 4.77898e-23)
(0.00104033 0.0823432 9.70494e-24)
(0.00137425 0.0267217 0)
(0.971852 -7.63388e-05 -3.43357e-23)
(0.913662 0.000298562 -1.43719e-22)
(-0.0123884 0.0928731 7.71105e-23)
(-0.0052341 0.062872 0)
(-0.0239223 0.125114 1.33361e-24)
(-0.00789613 0.242543 1.53982e-22)
(-0.136115 0.223437 -1.67657e-22)
(0.210343 0.18042 -2.26587e-23)
(0.577674 0.0245875 0)
(0.8007 0.00637692 2.66449e-22)
(0.829494 0.00303222 -8.91624e-23)
(-0.00144235 0.0356645 0)
(-0.000151564 0.0114448 0)
(0.916986 0.00015837 5.13467e-23)
(0.973373 -4.69458e-05 -3.66608e-23)
(0.842959 0.00161744 1.95816e-22)
(0.849425 0.000810503 -5.18089e-23)
(0.854031 6.35111e-05 -1.08889e-22)
(-0.00677974 0.0608904 -1.05381e-22)
(-0.00280707 0.0409241 1.7071e-23)
(-0.0137926 0.0825096 -1.88325e-22)
(-0.0408484 0.158564 -1.577e-22)
(-0.01671 0.28282 1.66501e-22)
(-0.143742 0.269547 -4.7771e-24)
(0.0686489 0.217917 4.55153e-22)
(0.433182 0.0474137 0)
(0.696558 0.0162323 0)
(0.739382 0.00802651 -3.69821e-22)
(-0.000821628 0.0230279 -5.40252e-24)
(-0.000128818 0.00732297 0)
(0.854943 -0.000883152 1.20144e-22)
(0.919453 2.84599e-05 -2.78104e-23)
(0.974008 -2.02045e-05 4.92918e-24)
(0.75977 0.00435534 0)
(0.769765 0.00218553 0)
(0.776843 0.000152057 -1.06666e-22)
(0.778388 -0.00237205 4.59706e-22)
(0.763627 -0.00604324 0)
(-0.0103745 0.0366041 2.00131e-22)
(-0.00502144 0.0257396 2.95145e-22)
(-0.00202819 0.0165171 -2.87513e-22)
(-0.0250269 0.104803 -1.85263e-22)
(-0.0193443 0.0489366 5.84786e-22)
(0.28681 0.0796721 -1.32799e-22)
(0.57847 0.0319868 1.75137e-22)
(0.635201 0.0165802 -5.20768e-22)
(-0.000553534 0.0088474 4.53702e-23)
(-6.70886e-05 0.00256179 6.09049e-23)
(0.844861 -0.00224247 -2.5466e-22)
(0.92 -0.00014638 8.54502e-23)
(0.974687 1.29045e-05 5.47827e-24)
(0.726769 -0.015198 -1.16792e-23)
(0.662693 0.00911933 0)
(0.676457 0.00466465 1.93316e-22)
(0.686387 0.000386495 2.04132e-22)
(0.688971 -0.00481304 -8.82331e-22)
(0.669712 -0.0125431 2.27278e-22)
(-0.0083988 0.0139349 8.88421e-22)
(-0.00405364 0.00913808 -6.8345e-24)
(-0.0018277 0.00550511 0)
(-0.00064361 0.00295302 1.0577e-22)
(0.447786 0.0558281 0)
(0.516952 0.0303683 6.66113e-22)
(-8.94475e-05 0.00127331 -1.00135e-22)
(5.53251e-05 0.000241389 -3.08628e-23)
(0.604786 -0.0240906 4.71813e-22)
(0.82026 -0.00592587 1.49694e-22)
(0.914485 -0.000374948 0)
(0.975031 4.19889e-05 -5.28356e-23)
(0.619974 -0.0302311 -2.88771e-22)
(0.468209 -0.0472383 7.26193e-22)
(0.251479 -0.190757 -8.79081e-22)
(0.550826 0.0170806 0)
(0.568152 0.00874896 4.66271e-23)
(0.581241 0.000992698 -1.45194e-22)
(0.585541 -0.00871511 5.11886e-22)
(0.56258 -0.0231809 -8.69611e-22)
(-0.0147911 0.00626418 3.73775e-22)
(-0.00924711 0.00306669 -3.98853e-22)
(-0.00537222 0.00139791 -1.97735e-22)
(-0.00279644 0.000480313 3.91348e-22)
(-0.00116583 4.38408e-05 4.713e-23)
(-0.000203187 -6.20621e-05 -2.84975e-23)
(-0.136728 -0.250241 5.90066e-23)
(0.411944 -0.147966 -6.13836e-23)
(0.732779 -0.00901642 -7.95845e-22)
(0.901186 -0.00112449 0)
(0.973747 0.000109572 0)
(0.499722 -0.0539487 5.52146e-22)
(0.325513 -0.0810146 -2.7733e-22)
(0.106283 -0.230036 1.02582e-22)
(-0.141409 -0.298198 1.38428e-21)
(-0.0465803 0.0112551 0)
(-0.0340208 0.00583953 1.86863e-22)
(-0.0235913 0.00285792 -6.59976e-22)
(-0.0149877 0.00114531 1.84041e-22)
(-0.00792708 0.000287611 -4.38526e-23)
(-0.00212802 2.17913e-05 -2.72268e-23)
(-0.00754379 -0.289031 0)
(-0.120665 -0.194926 0)
(0.582914 -0.103403 4.88166e-22)
(0.850387 -0.000878697 -3.99584e-23)
(0.970606 0.000203289 -1.0304e-22)
(-0.0155568 -0.33292 -1.64648e-21)
(-0.0760015 0.0100106 0)
(-0.0568623 0.00552754 1.9315e-22)
(-0.0403702 0.00276358 -1.41142e-24)
(-0.0262671 0.00117179 9.54885e-23)
(-0.0142711 0.000360379 -4.48733e-23)
(-0.0041164 7.18019e-05 0)
(-0.0276218 -0.164276 -5.51166e-22)
(-0.0029627 -0.233229 0)
(-0.0949969 -0.136206 5.08316e-22)
(0.75789 -0.0597746 0)
(0.956555 0.00135216 7.64116e-23)
(-0.0466778 -0.205097 0)
(-0.0980846 0.00828982 0)
(-0.0741666 0.00460901 1.20078e-22)
(-0.0531752 0.0023438 -3.48151e-22)
(-0.0349417 0.00102811 1.12646e-22)
(-0.0192397 0.000345413 5.03483e-23)
(-0.00578431 8.89841e-05 -1.68739e-23)
(-0.015655 -0.119028 2.82625e-22)
(-0.0145371 -0.123353 0)
(-0.000248158 -0.169217 -4.45518e-22)
(-0.0605237 -0.0776122 4.30418e-22)
(0.931395 -0.0147218 0)
(-0.0284335 -0.148595 0)
(-0.107005 0.00724219 1.53155e-22)
(-0.0810008 0.00408771 -1.47862e-22)
(-0.0581646 0.00207797 1.43073e-22)
(-0.0382911 0.000905998 -2.73887e-22)
(-0.0211551 0.000304645 3.76654e-22)
(-0.00650423 7.86168e-05 -5.02184e-23)
(-0.0133574 -0.0678617 2.43769e-22)
(-0.00771819 -0.0890994 -5.22016e-22)
(-0.00596343 -0.084067 1.52074e-22)
(0.00181257 -0.100771 -4.6198e-22)
(-0.014189 -0.0214027 1.30993e-23)
(-0.0241151 -0.0868547 0)
(-0.0154618 -0.0452173 -5.49846e-23)
(-0.107964 0.00780899 -1.88582e-22)
(-0.0816245 0.00492895 7.60118e-22)
(-0.0586941 0.00264442 -7.25763e-22)
(-0.0387755 0.00113993 0)
(-0.0215136 0.000351544 0)
(-0.00671228 7.27362e-05 -5.50899e-24)
(-0.00849451 -0.0350832 1.17253e-22)
(-0.00666789 -0.0497944 3.44448e-24)
(-0.00302972 -0.0605441 3.97954e-22)
(-0.00125802 -0.047567 -1.49542e-22)
(0.00233743 -0.0310268 0)
(-0.00873874 -0.0196315 8.91155e-22)
(-0.0632765 0.00409159 8.29099e-22)
(-0.0414415 0.00257075 -8.57304e-22)
(-0.0227755 0.000908337 0)
(-0.00700822 0.000157905 -7.76624e-24)
(-0.00480672 -0.0146298 -2.36315e-22)
(-0.00418808 -0.0254859 -9.16752e-23)
(-0.00273025 -0.0332939 1.89004e-22)
(-0.00064301 -0.0342515 -1.29325e-22)
(0.000182382 -0.0143652 4.94292e-23)
(-0.00447463 -0.0052646 0)
(-0.00270613 0.00320114 -1.02407e-21)
(-0.0505277 0.00118012 0)
(-0.0176846 0.000393828 -2.71406e-23)
(-0.0015221 0.000804241 0)
(-0.00238159 -0.00358824 -2.40559e-22)
(-0.00234522 -0.0102343 -4.59275e-22)
(-0.00172138 -0.0168637 -6.24874e-23)
(-0.000724387 -0.0186279 1.27155e-22)
(7.65251e-05 -0.0106535 -4.96195e-23)
(-0.00108028 -0.000901903 2.08811e-21)
(-0.00130631 0.00154809 2.17907e-21)
(-0.00310791 0.00369405 7.02072e-23)
(-0.000132315 0.00198954 -4.81421e-22)
(-0.000749175 0.00104837 -9.82536e-25)
(-0.00111844 -0.00225139 1.24587e-22)
(-0.000958394 -0.0065371 3.71986e-22)
(-0.000484013 -0.00935188 7.62147e-24)
(-6.56822e-05 -0.00583946 -2.27908e-23)
(-0.000147422 -0.00257553 -1.88368e-24)
(-0.000453334 -0.00141136 -1.74693e-21)
(-0.000547712 0.000678993 -5.2692e-22)
(-0.00136144 0.00157893 0)
(-0.00319378 0.00914441 1.51722e-21)
(0.00038923 0.00151012 -2.58748e-22)
(-4.01343e-06 0.00176508 2.56504e-22)
(-0.000314505 0.00105894 1.28438e-22)
(-0.000440234 -0.0012661 0)
(-0.000272133 -0.00350624 -1.2192e-22)
(-6.47758e-05 -0.00293414 1.71268e-23)
(0.000229804 -0.00282425 8.27434e-22)
(1.29815e-05 -0.00241845 3.33751e-22)
(-0.000162197 -0.00146221 1.96694e-22)
(-0.000173922 0.000193346 5.36033e-23)
(-0.000334953 0.000545905 -6.14605e-23)
(-0.000459824 0.00212041 1.0924e-21)
(0.000310259 0.000534806 1.08136e-21)
(0.0002484 0.00126942 -4.0476e-22)
(2.98058e-05 0.00143279 -2.63976e-22)
(-0.000107183 0.000883897 -1.28486e-22)
(-0.000115848 -0.000584166 0)
(-3.96773e-05 -0.00106228 -1.12742e-23)
(0.000528019 -0.00205877 0)
(0.000185018 -0.00240459 -2.86303e-22)
(4.71847e-05 -0.00200889 -9.86503e-22)
(-3.77071e-05 -0.00121451 3.2149e-22)
(-2.21873e-05 -2.83649e-05 -3.58209e-22)
(-1.25005e-05 1.19709e-05 9.65594e-24)
(0.000532095 0.000192069 -4.69797e-22)
(0.000171524 0.000398949 7.16204e-22)
(0.000139522 0.000980755 -6.92982e-22)
(2.76356e-05 0.0010361 1.32346e-22)
(-1.72692e-05 0.000583977 0)
(-1.10017e-05 -0.000141973 1.11475e-23)
(0.000388925 -0.000698829 0)
(0.000316806 -0.00169632 5.50365e-22)
(0.000115032 -0.00187537 7.1644e-22)
(3.78156e-05 -0.00146588 9.39679e-22)
(8.23541e-06 -0.000791221 -3.338e-22)
(9.77954e-06 -5.50408e-05 -2.20475e-23)
(0.0012055 0.000277328 -5.60813e-22)
(0.000378438 0.000104437 0)
(8.3712e-05 0.000273322 5.14328e-22)
(6.48727e-05 0.000678715 0)
(1.68369e-05 0.000614545 0)
(6.22768e-06 0.000211536 0)
(0.000718741 -0.000234873 6.27186e-22)
(0.000209893 -0.000524559 -5.69271e-22)
(0.000168869 -0.00128775 -5.60028e-22)
(5.82735e-05 -0.00130856 -4.18078e-22)
(2.3848e-05 -0.000872151 -4.34759e-22)
(1.31875e-05 -0.000279337 1.31222e-23)
(0.00168608 0.000145665 0)
(0.000961296 0.000159195 1.40554e-22)
(0.00024979 5.15554e-05 0)
(3.2341e-05 0.000167291 1.9873e-27)
(2.19703e-05 0.000385249 0)
(8.67197e-06 0.000196667 -8.98034e-23)
(0.0018343 -2.67105e-05 0)
(0.00156425 -0.000258277 -5.66059e-22)
(0.000522209 -0.00013193 -1.5799e-22)
(9.94318e-05 -0.000360136 2.91849e-22)
(7.56711e-05 -0.000877483 -4.14965e-22)
(2.45371e-05 -0.000750088 -1.31464e-22)
(1.22931e-05 -0.000280635 9.15686e-23)
(0.00135354 8.23634e-05 -1.88764e-23)
(0.000715551 8.24819e-05 -2.10202e-22)
(0.00014929 2.00364e-05 0)
(6.3176e-06 8.30165e-05 -1.0821e-22)
(5.51727e-06 0.000112647 9.05926e-23)
(0.00147078 -1.8045e-05 2.09892e-24)
(0.00124733 -0.00015189 6.35707e-22)
(0.000352549 -6.60407e-05 -4.72327e-27)
(3.77798e-05 -0.000221172 1.34936e-25)
(2.46171e-05 -0.00049055 -2.65275e-22)
(9.49876e-06 -0.000226852 8.36337e-23)
(0.00101784 4.25619e-05 1.4857e-22)
(0.000483199 3.63811e-05 1.02542e-22)
(7.34228e-05 3.85871e-06 -1.26143e-22)
(-1.22145e-06 1.91404e-05 2.30053e-23)
(0.00110594 -1.07267e-05 2.0944e-24)
(0.000931314 -8.12844e-05 -1.40607e-22)
(0.000215857 -2.61388e-05 4.54169e-22)
(7.22541e-06 -0.000110378 -2.1277e-22)
(6.01154e-06 -0.000139096 3.40384e-26)
(0.000696164 1.89764e-05 0)
(0.000271403 1.19836e-05 1.13807e-22)
(1.73687e-05 -1.10296e-06 7.96668e-23)
(0.000756937 -5.7893e-06 0)
(0.000631565 -3.71008e-05 -2.057e-22)
(0.000108931 -5.34285e-06 3.9591e-22)
(-1.46387e-06 -2.5582e-05 4.39588e-23)
(0.000398355 6.50706e-06 -9.70975e-25)
(8.2687e-05 2.82903e-06 -1.4301e-22)
(0.000433654 -2.79705e-06 9.69713e-25)
(0.000356559 -1.29665e-05 -1.14033e-22)
(2.67365e-05 1.18715e-06 1.12934e-22)
(0.000128981 1.65493e-06 4.33798e-23)
(0.000140691 -1.23323e-06 0)
(0.000109507 -3.58855e-06 -1.09967e-23)
(-0.142805 0.304015 2.22384e-21)
(-0.0269628 0.258916 5.09922e-22)
(-0.0419225 0.128296 0)
(-0.0753956 0.189539 2.78623e-21)
(-0.0629118 0.19421 -2.94436e-21)
(-0.073022 0.268242 0)
(-0.0373496 0.311078 0)
(-0.0980452 0.353175 -1.02569e-21)
(-0.0849303 0.314173 0)
(-0.038841 0.266567 -1.88531e-21)
(0.152159 0.126701 4.23773e-21)
(-0.0955074 0.278837 0)
(-0.0338099 0.0636954 -3.65697e-22)
(-0.0560702 0.10525 0)
(-0.0162072 0.0192655 -3.81809e-21)
(-0.0385986 0.0469827 3.90721e-21)
(-0.0831656 0.121715 -2.27027e-21)
(-0.114795 0.159415 0)
(-0.0954014 0.203483 0)
(-0.119101 0.24024 6.18362e-22)
(-0.10878 0.295516 0)
(-0.0974965 0.289536 1.95869e-21)
(-0.0152743 0.19448 2.36968e-21)
(0.0946772 0.155501 -5.71835e-21)
(0.302808 0.0912269 1.1234e-21)
(-0.149954 0.235269 -5.90024e-22)
(-0.140543 0.252469 0)
(-0.0215697 0.0120701 -3.15874e-21)
(-0.0491872 0.028652 8.65326e-22)
(-0.0607813 0.052156 7.20345e-22)
(-0.0913818 0.0818729 2.30837e-21)
(-0.121538 0.0806729 -4.44498e-21)
(-0.167505 0.115469 -3.93327e-21)
(-0.159415 0.156947 -3.00645e-21)
(-0.184491 0.185495 5.63124e-21)
(-0.130934 0.208746 -1.64175e-21)
(-0.0600026 0.184083 -1.71406e-21)
(0.0433094 0.128478 0)
(0.387488 0.050416 -5.74685e-21)
(0.190368 0.106437 0)
(0.423925 0.029814 0)
(0.243699 0.0593235 4.83685e-21)
(-0.20681 0.172881 0)
(-0.178848 0.179871 0)
(-0.0108469 -0.277365 6.03709e-21)
(-0.146114 -0.33037 0)
(0.386545 -0.0835117 0)
(0.436603 0.014834 -1.97023e-22)
(0.273597 0.0341757 0)
(0.269522 -0.0944414 0)
(0.456531 -0.0376444 1.1832e-21)
(0.458429 0.00179167 3.69632e-21)
(0.296581 0.00855306 0)
(0.320023 -0.0442478 0)
(0.473855 -0.0152629 0)
(0.325097 -0.0149192 -3.75313e-21)
(-0.0639559 0.0225517 1.14952e-21)
(-0.0974187 0.0360227 -1.44531e-21)
(-0.120521 0.0485927 4.75467e-21)
(-0.173508 0.0548069 0)
(-0.202303 0.0851154 0)
(-0.231692 0.0954739 -3.1048e-21)
(-0.249597 0.120086 -2.36308e-21)
(-0.152318 0.139205 0)
(0.06748 0.0804195 3.34717e-21)
(-0.0352849 0.118036 0)
(0.151949 0.0435663 0)
(0.00479715 0.0682082 -3.61973e-21)
(-0.267033 0.106392 7.84726e-21)
(-0.228673 0.113315 -2.31886e-21)
(-0.0112088 -0.264237 -3.40716e-21)
(0.172355 -0.13773 7.67052e-21)
(0.147215 -0.156983 -6.00212e-21)
(-0.114826 -0.387008 1.70474e-21)
(-0.0771421 -0.329038 -3.71048e-21)
(-0.0361736 -0.360388 2.43751e-22)
(0.0477281 -0.183755 -6.36435e-21)
(0.0511368 -0.153935 2.08615e-21)
(0.149732 -0.110153 3.22715e-21)
(0.134005 0.0100576 0)
(0.0258908 0.0381284 0)
(0.0865166 -0.0943347 -3.55657e-21)
(0.189493 -0.0572683 0)
(0.101099 -0.0463002 -3.31618e-21)
(0.20054 -0.021101 3.02412e-21)
(0.0615382 -0.00977458 4.60933e-21)
(-0.0973006 0.0161603 1.65291e-21)
(-0.141108 0.0248625 0)
(-0.16821 0.0343271 0)
(-0.213582 0.0401082 3.2834e-21)
(-0.245119 0.0588382 0)
(-0.274296 0.0598919 8.2624e-21)
(-0.294493 0.0759789 -7.06126e-21)
(-0.108256 0.054272 0)
(-0.132025 0.0690214 -5.67658e-21)
(-0.222718 0.0874103 1.15629e-20)
(-0.195121 0.0400594 0)
(-0.292502 0.075299 -7.47357e-21)
(-0.306172 0.0691422 -3.98623e-21)
(-0.0856957 -0.31505 0)
(-0.0705377 -0.248578 7.72744e-21)
(-0.0719271 -0.243757 0)
(-0.0639318 -0.323051 -5.27585e-22)
(-0.0899581 -0.326036 4.14361e-22)
(-0.10216 -0.242422 -7.93624e-21)
(-0.0603371 -0.188508 -7.29072e-21)
(-0.0903585 -0.162641 9.69494e-21)
(-0.0371741 -0.116158 2.98966e-21)
(-0.10364 -0.0834657 -3.91714e-21)
(-0.0500286 -0.0527866 0)
(-0.0772179 -0.0178726 -3.18618e-21)
(-0.172124 0.0108973 0)
(-0.123471 0.0131842 0)
(-0.16778 0.0198125 -1.28101e-21)
(-0.198094 0.0256514 -5.01979e-21)
(-0.23252 0.0320194 4.30488e-21)
(-0.261246 0.0426996 -1.53211e-21)
(-0.279707 0.0448656 -1.96661e-21)
(-0.307512 0.0567956 6.22748e-21)
(-0.277592 0.0468831 -6.94643e-21)
(-0.301051 0.0619544 8.46946e-21)
(-0.264018 0.0155272 0)
(-0.298747 0.0397614 -1.19023e-21)
(-0.321168 0.061885 0)
(-0.314361 0.0565678 0)
(-0.0467886 -0.174298 -1.23693e-20)
(-0.0894343 -0.248999 4.26681e-21)
(-0.10988 -0.258997 5.15499e-21)
(-0.121751 -0.288647 -7.1046e-22)
(-0.137725 -0.25931 6.5544e-22)
(-0.172231 -0.210032 -7.46635e-21)
(-0.174967 -0.170588 0)
(-0.195616 -0.112959 -9.32941e-21)
(-0.281277 0.0178959 -4.39168e-21)
(-0.237521 -0.0819604 6.78736e-21)
(-0.273983 -0.0184044 2.80128e-21)
(-0.135494 0.0115886 4.51751e-21)
(-0.294669 0.0530502 2.69733e-21)
(-0.173485 0.0179242 -3.22747e-21)
(-0.198936 0.0232822 -2.79433e-21)
(-0.226296 0.031289 -6.05195e-21)
(-0.261508 0.0397402 1.35422e-21)
(-0.270898 0.0439447 -3.43182e-21)
(-0.294278 0.046025 -2.6992e-21)
(-0.318239 0.0607734 6.72778e-22)
(-0.313227 0.0515559 1.23265e-21)
(-0.27484 0.059166 4.81691e-21)
(-0.291153 0.0568456 1.99652e-21)
(-0.301958 0.0645261 -1.27921e-21)
(-0.29412 0.0611497 -1.91856e-21)
(-0.242415 0.0645951 -6.67711e-21)
(-0.0389575 -0.105087 0)
(-0.0625013 -0.165992 8.27743e-21)
(-0.183074 0.066128 0)
(-0.221454 0.0555665 4.37741e-21)
(-0.120779 0.0615416 8.4773e-21)
(-0.146578 0.0581737 -5.59777e-21)
(-0.0860444 -0.181452 0)
(-0.125147 -0.221316 -4.90037e-21)
(-0.162279 -0.198664 1.5002e-20)
(-0.219431 0.0286154 -5.83721e-21)
(-0.245525 0.00874619 4.6204e-21)
(-0.179571 -0.157312 -1.06991e-20)
(-0.23049 -0.0769411 1.13788e-22)
(-0.222386 -0.0475248 -9.42586e-21)
(-0.135739 0.0117715 0)
(-0.266246 0.0528011 0)
(-0.245173 0.0395981 2.5967e-22)
(-0.250757 0.0463458 -3.54414e-22)
(-0.169208 0.0201 -5.02247e-21)
(-0.197278 0.026333 5.3414e-21)
(-0.215701 0.0314429 4.634e-21)
(-0.284841 0.0701735 1.83082e-21)
(-0.276875 0.069754 -4.16907e-22)
(-0.247391 0.0774348 3.63316e-21)
(-0.228235 0.0764847 1.32583e-21)
(-0.25923 0.0572897 -5.47571e-21)
(-0.264838 0.0719034 1.99898e-23)
(-0.271603 0.0638717 4.67545e-21)
(-0.201418 0.0821189 2.29948e-21)
(-0.176507 0.0804327 -7.50234e-21)
(-0.119858 0.0732001 2.8829e-21)
(-0.145065 0.080628 2.3815e-21)
(-0.0957105 0.0709205 -3.36804e-21)
(-0.0575663 0.0524474 0)
(-0.0759418 0.0589833 2.79833e-21)
(-0.0918721 0.0547558 -2.40034e-22)
(-0.0834288 0.0470411 0)
(-0.0249328 -0.0547232 -4.19627e-21)
(-0.0490765 -0.0950181 4.10556e-21)
(-0.0595071 -0.102594 2.88711e-21)
(-0.0951236 -0.1383 0)
(-0.107709 0.0317554 1.0204e-20)
(-0.141143 0.0342311 0)
(-0.168901 0.0188902 5.66236e-21)
(-0.121308 -0.116505 1.30633e-22)
(-0.152645 -0.0268256 1.53358e-21)
(-0.151437 -0.124332 -4.2194e-21)
(-0.179981 -0.0561375 8.46574e-21)
(-0.0139536 -0.0251681 -4.96204e-22)
(-0.025574 -0.0430877 0)
(-0.126003 0.010782 0)
(-0.0850573 0.00384023 -5.1455e-22)
(-0.102856 0.00502805 5.18696e-22)
(-0.223808 0.0441787 -3.00817e-21)
(-0.234486 0.0542654 2.64528e-21)
(-0.150077 0.0166047 0)
(-0.184908 0.0256347 -2.45616e-21)
(-0.201145 0.0351565 2.95872e-21)
(-0.19921 0.0864369 1.24116e-21)
(-0.239285 0.0767434 -2.01769e-21)
(-0.232768 0.0817443 -2.56042e-21)
(-0.218734 0.0602226 -3.40899e-21)
(-0.219076 0.0716478 6.75997e-22)
(-0.176345 0.0843066 0)
(-0.148089 0.0843914 0)
(-0.134588 0.0828172 0)
(-0.107082 0.0793859 -2.97558e-21)
(-0.0874895 0.0727914 -1.67582e-21)
(-0.0674397 0.0661633 3.98958e-21)
(-0.0505261 0.054246 0)
(-0.00780864 0.014532 0)
(-0.00500056 0.00961384 -6.6788e-22)
(-0.0142652 0.0259853 3.59747e-21)
(-0.0228617 0.0350551 -3.1536e-21)
(-0.0363455 0.0471489 0)
(-0.025869 0.0329104 -5.85684e-21)
(-0.0393755 0.0403167 3.75506e-23)
(-0.010753 0.0154367 0)
(-0.0146984 0.0201802 -4.59987e-21)
(-0.00493273 0.00587314 0)
(-0.041671 0.0354759 1.35517e-23)
(-0.0597486 0.0401254 2.05771e-23)
(-0.0589286 0.0304381 3.55591e-21)
(-0.0924818 0.0259543 -4.32545e-21)
(-0.0363818 -0.0479483 8.81291e-21)
(-0.0604589 -0.0669849 -1.85481e-20)
(-0.0882056 -0.0672192 3.9511e-21)
(-0.0877765 0.00901608 -2.28004e-21)
(-0.0966014 -0.0379684 8.37686e-21)
(-0.117178 -0.022612 -5.88531e-21)
(-0.00690027 -0.00708618 0)
(-0.0130821 -0.0154611 0)
(-0.0161978 -0.0167659 -3.64655e-21)
(-0.0323238 -0.0283308 -5.33373e-21)
(-0.00421488 0.00680798 5.65156e-22)
(-0.117804 0.0104128 1.25357e-21)
(-0.0697797 0.000824383 0)
(-0.0874996 0.00282402 -1.09677e-21)
(-0.1467 0.0292968 1.49045e-21)
(-0.173556 0.0375353 -4.4578e-21)
(-0.189332 0.0550493 -8.10667e-23)
(-0.162316 0.0678508 4.04891e-21)
(-0.181567 0.0761275 -4.75263e-21)
(-0.169064 0.0815088 3.23332e-21)
(-0.0990772 0.0791475 -3.93072e-21)
(-0.128483 0.0781592 6.07468e-23)
(-0.125919 0.0828426 1.11158e-21)
(-0.0371328 0.0531473 4.04607e-21)
(-0.0566228 0.0645368 -4.42171e-23)
(-0.0786219 0.0718147 1.95872e-21)
(-0.0111596 0.0273616 1.76765e-21)
(-0.0273572 0.0448952 -2.14115e-21)
(-0.00631046 0.0177611 -1.5888e-21)
(-0.0165705 0.018541 5.23523e-21)
(-0.0262083 0.023992 0)
(-0.0050411 0.00498561 4.11264e-21)
(-0.00739849 0.00750817 -7.26838e-21)
(-0.00222777 0.000334674 0)
(-0.00222409 0.000331518 0)
(-0.00450603 -0.00215496 -1.1554e-21)
(-0.0267831 0.0194269 5.24231e-21)
(-0.0413396 0.0217631 -1.58195e-23)
(-0.0412696 0.0142474 -1.0782e-20)
(-0.0632525 0.00757539 1.0884e-20)
(-0.0389597 -0.0179363 3.80771e-21)
(-0.0543292 -0.017805 -3.09013e-21)
(-0.0479369 -0.00261634 -3.8081e-21)
(-0.00654808 -0.00306625 7.17178e-22)
(-0.0130979 -0.00712778 2.03319e-21)
(-0.0214459 -0.00662005 1.40881e-21)
(-0.00507097 0.0134533 -3.05322e-21)
(-0.029269 0.0495641 0)
(-0.0616477 0.063966 0)
(-0.0931576 0.0360273 3.94697e-21)
(-0.108841 0.055378 -2.76841e-21)
(-0.101076 0.067208 0)
(-0.0222632 0.00259983 3.06211e-23)
(-0.0626345 0.0148132 0)
(-0.0100261 0.0309594 -1.03653e-22)
(-0.000829254 0.0017617 -6.08664e-22)
(-0.00021749 0.00204894 2.99376e-21)
(-0.00929545 0.0068726 7.49977e-21)
(-0.01471 0.0105718 0)
(-0.00154231 -0.000792453 -3.39873e-21)
(-0.00344571 0.0006263 -1.07879e-20)
(-0.000489387 -0.00230164 5.95606e-21)
(-0.00139596 0.00147409 4.21849e-22)
(-0.00538024 -0.000676501 0)
(-0.0159004 0.00597553 0)
(-0.0257755 0.0078441 0)
(-0.0282728 0.000492421 0)
(-0.00745379 -0.000584917 4.81293e-21)
(-0.0162945 -0.00291941 -4.11252e-21)
(-0.0185758 0.00057424 0)
(-0.00132116 0.00993915 0)
(-0.000409837 0.00166617 2.7225e-21)
(0.000580188 0.00166844 -6.82894e-21)
(0.000651875 0.00195471 1.18869e-20)
(0.000635514 0.001782 -7.18398e-21)
(0.000874949 0.00122663 -2.33877e-21)
(0.000468808 0.000635656 0)
(-0.00314248 -8.88322e-05 3.51874e-21)
(-0.00669428 0.00129196 0)
(0.00015653 -0.00293469 0)
(-0.000223417 -0.00243951 0)
(0.00022539 -0.00302257 -1.29477e-21)
(-0.000778055 0.00109912 2.23582e-21)
(-0.00308823 0.000834696 0)
(-0.00238815 0.00043478 6.76851e-21)
(-0.00463295 0.000682396 1.79024e-21)
(-0.00598605 0.00148011 -6.75079e-21)
(0.0011604 0.00146341 0)
(0.00077355 0.00130198 5.27914e-21)
(0.00124131 0.00107042 8.56216e-21)
(0.00149019 0.00125021 -9.71163e-21)
(0.000673682 0.000345597 -1.74315e-22)
(0.00121948 0.00065576 7.2328e-21)
(0.000782127 -0.00231941 1.45299e-21)
(0.000204419 -0.00132593 -1.08956e-21)
(0.000750343 -0.00229663 -8.36624e-21)
(0.000954198 -0.00268617 1.14318e-20)
(0.00119874 -0.00254165 0)
(0.00133521 0.000953278 -5.358e-21)
(0.000533765 0.000832209 -7.84286e-21)
(0.00172027 -5.62036e-06 1.1628e-20)
(0.0015878 -0.00102099 0)
(0.0010728 -0.0014786 0)
(0.000583676 -0.000820122 4.46027e-21)
(0.00197114 0.000841847 3.35733e-21)
(0.00209818 0.0007949 -5.95497e-21)
(0.00144458 0.000458199 -1.30425e-22)
(0.00190993 0.000597501 1.78984e-24)
(0.00158031 -0.00134383 0)
(0.00195004 -0.00163252 1.9505e-21)
(0.00220294 -0.00110399 -1.68504e-21)
(0.00255764 0.000271595 -4.16516e-24)
(0.00246093 -0.000551102 7.99863e-22)
(0.00247635 -0.0001205 6.32241e-21)
(0.000882643 -0.000391653 -5.91228e-21)
(0.00160538 -0.000761271 0)
(0.0020198 0.000251031 -8.83114e-21)
(0.00245052 0.000199232 4.21039e-21)
(0.00220594 -3.67654e-05 4.4837e-21)
(0.00189765 -0.00043762 0)
(0.00231393 -0.000458567 -4.91229e-21)
)
;

boundaryField
{
    movingWall
    {
        type            fixedValue;
        value           uniform (1 0 0);
    }
    fixedWalls
    {
        type            noSlip;
    }
    frontAndBack
    {
        type            empty;
    }
    defaultFaces
    {
        type            empty;
    }
}


// ************************************************************************* //
