/*--------------------------------*- C++ -*----------------------------------*\
  =========                 |
  \\      /  F ield         | OpenFOAM: The Open Source CFD Toolbox
   \\    /   O peration     | Website:  https://openfoam.org
    \\  /    A nd           | Version:  8
     \\/     M anipulation  |
\*---------------------------------------------------------------------------*/
FoamFile
{
    version     2.0;
    format      ascii;
    class       volScalarField;
    location    "2000";
    object      nut;
}
// * * * * * * * * * * * * * * * * * * * * * * * * * * * * * * * * * * * * * //

dimensions      [0 2 -1 0 0 0 0];

internalField   nonuniform List<scalar> 
4109
(
0.000666435
0.000661349
0.000658656
0.000666456
0.000669042
0.000677615
0.000672487
0.000677321
0.000674981
0.000656878
0.000666939
0.000678481
0.000668144
0.000671038
0.000676852
0.000677668
0.00066607
0.000673687
0.000679237
0.000675709
0.000660669
0.000678521
0.000673858
0.000678056
0.000673712
0.000668215
0.000656448
0.000672813
0.000677645
0.000681368
0.000677363
0.000676876
0.000668044
0.000671253
0.000677458
0.000682471
0.000673898
0.000667042
0.000667571
0.00066946
0.000667336
0.000662604
0.000673914
0.000681489
0.00067813
0.00148534
0.000825091
0.000677817
0.000677445
0.000663311
0.000673127
0.000677461
0.00067697
0.00067274
0.000675479
0.000660593
0.000660746
0.000678143
0.000676457
0.000670057
0.00067528
0.00196306
0.000684654
0.000680089
0.000679315
0.000728804
0.00123458
0.000678695
0.000673591
0.000660492
0.000671605
0.000678938
0.000689437
0.000677357
0.000679782
0.000673577
0.000670886
0.000667255
0.000647958
0.000674892
0.000679431
0.000679821
0.000675745
0.000668604
0.000728569
0.000738868
0.00152745
0.00193065
0.0019471
0.000684497
0.000685496
0.00068057
0.000680242
0.000680476
0.000705345
0.000942096
0.000676896
0.000662636
0.00069215
0.000686003
0.000682332
0.000686538
0.000692451
0.000684845
0.000673052
0.000676228
0.000674592
0.00066693
0.000657389
0.000678736
0.000652984
0.000680748
0.000680676
0.000677018
0.000670678
0.00209753
0.000826682
0.00098954
0.00126781
0.00197024
0.00201084
0.000670791
0.000687795
0.000689214
0.000682884
0.000682037
0.000681565
0.000677128
0.000938064
0.000656923
0.000664559
0.000692982
0.000689521
0.000694141
0.000692902
0.000681225
0.000689443
0.000676562
0.000673586
0.000671017
0.000659953
0.000677662
0.000681989
0.000681521
0.00068212
0.000678232
0.000671148
0.00175761
0.00102452
0.00194672
0.00131256
0.00201095
0.000803313
0.000690524
0.000688853
0.000683249
0.000682937
0.000682981
0.000680575
0.000666383
0.000818252
0.000662206
0.000694228
0.000690487
0.000696296
0.000694303
0.000695497
0.000696317
0.000680837
0.000679217
0.000677039
0.000671256
0.000655552
0.000679945
0.000674295
0.000683527
0.000683204
0.000678957
0.000673489
0.00118929
0.00227747
0.00121431
0.00194101
0.00199541
0.000752013
0.000685814
0.000686142
0.000684841
0.000682805
0.000684483
0.000669492
0.000860233
0.000668451
0.000688896
0.000689207
0.000697155
0.000692024
0.000697555
0.000700321
0.000691743
0.000685022
0.000679229
0.000676846
0.00067335
0.000662563
0.000682571
0.000676102
0.000684293
0.000684252
0.000681522
0.000673601
0.00116418
0.00214449
0.00198135
0.00117189
0.00202834
0.000746457
0.000685986
0.00068805
0.000685587
0.000671761
0.000858186
0.000650404
0.000689096
0.000691109
0.000692438
0.000692301
0.000695298
0.000700714
0.000698417
0.000702046
0.00068664
0.000682463
0.000679898
0.000674915
0.00065974
0.000685243
0.0006723
0.00068558
0.000685896
0.000682367
0.000683523
0.000676451
0.00109742
0.00216532
0.00120723
0.00196811
0.00201412
0.000728942
0.000688602
0.00068876
0.000679127
0.000857624
0.000654013
0.000692172
0.00069161
0.000694056
0.000695804
0.000695597
0.000695854
0.000701318
0.00070361
0.000696693
0.000693042
0.000682286
0.000678419
0.000666245
0.000683496
0.000688413
0.000674535
0.000687145
0.000685071
0.000676339
0.000685538
0.00218432
0.00104697
0.00198885
0.00118668
0.00204
0.000724784
0.000782843
0.000674755
0.000681233
0.000851175
0.000657703
0.000692816
0.00068973
0.000694588
0.000698663
0.00069919
0.00069712
0.000698764
0.000704659
0.000703081
0.000707616
0.000698337
0.000692275
0.000662488
0.000680367
0.000675035
0.00068497
0.000685328
0.000692598
0.000673935
0.000690215
0.00067952
0.000687189
0.00101636
0.00217044
0.00196063
0.00114792
0.002015
0.000713138
0.000754227
0.000791965
0.000796536
0.000776138
0.000781047
0.000789428
0.000933978
0.000658722
0.000630795
0.000676575
0.000661309
0.000688117
0.000694371
0.000701234
0.000696719
0.000699048
0.000710218
0.000699522
0.000705478
0.000710252
0.000707384
0.000699009
0.000706458
0.000701032
0.0006733
0.000677396
0.000686281
0.000688453
0.000679285
0.000694708
0.000677198
0.000691019
0.000689165
0.000985421
0.00223389
0.00196191
0.000704478
0.000781649
0.000845627
0.000776562
0.000788894
0.000787184
0.000805403
0.000707786
0.000723057
0.000731182
0.000762507
0.000766352
0.000739405
0.000774973
0.000783626
0.00147063
0.000615521
0.000601803
0.000642291
0.000694824
0.000712885
0.000697959
0.000699966
0.000702226
0.000700738
0.000709239
0.000702444
0.000709218
0.000715881
0.00071441
0.000708488
0.000719718
0.000730565
0.000729091
0.000666378
0.000682994
0.000689839
0.000688673
0.000682666
0.000690363
0.000696155
0.000674237
0.000694434
0.000954603
0.00236951
0.000812917
0.000817778
0.000783554
0.000782797
0.000801207
0.000722358
0.000710015
0.000739573
0.00072885
0.00073474
0.000743961
0.000750938
0.00078008
0.000773021
0.000771031
0.00251364
0.00108283
0.00055019
0.000617121
0.00068517
0.000713753
0.000713381
0.000700475
0.00070414
0.00070036
0.000702779
0.00070872
0.000703469
0.000718359
0.000718383
0.000723985
0.000723503
0.000728303
0.000726314
0.000678459
0.00068522
0.000693821
0.000693996
0.000691273
0.000682441
0.00069246
0.000696406
0.000699831
0.000700013
0.00067643
0.000981768
0.000792404
0.000845205
0.000813598
0.000783767
0.000789003
0.000800714
0.000729181
0.000719264
0.000725845
0.00073684
0.000740067
0.000740451
0.000729982
0.000732529
0.000734725
0.000755152
0.000775065
0.000770398
0.000767089
0.00240604
0.00188725
0.0006292
0.000630121
0.000682739
0.000713236
0.00071153
0.000699833
0.000703761
0.000705579
0.000704536
0.000706444
0.000716621
0.000717352
0.00072241
0.000722517
0.000722847
0.000726498
0.000672547
0.000695167
0.000691413
0.000696601
0.000697503
0.000685974
0.000685735
0.000693737
0.000697296
0.000689702
0.00150545
0.00177863
0.000703741
0.000651932
0.000816201
0.0008158
0.000834058
0.000843411
0.000818474
0.000779392
0.000787528
0.000804596
0.000732342
0.000729804
0.000734656
0.00074018
0.000749291
0.000738791
0.000754095
0.000735516
0.000741201
0.000764273
0.000759209
0.000770821
0.000774489
0.0027867
0.00217893
0.0023701
0.00059181
0.000604169
0.000676085
0.000707724
0.000710786
0.000703362
0.000708562
0.00070566
0.000706809
0.000712341
0.000715506
0.000717361
0.000720665
0.000723511
0.000728441
0.000729593
0.000686519
0.000689663
0.000704264
0.000697061
0.000696095
0.00069662
0.000699746
0.000705148
0.000689768
0.000692914
0.0006505
0.000609055
0.000833277
0.000811154
0.000822821
0.000772177
0.000753121
0.000853262
0.000810039
0.000783689
0.000786126
0.000799478
0.000735317
0.000733734
0.000732548
0.000762816
0.000744741
0.000749484
0.000739535
0.000741817
0.000760119
0.000755396
0.000767055
0.000773012
0.000721506
0.00284928
0.00248737
0.00250257
0.000636704
0.000600539
0.000674856
0.000708724
0.000711171
0.000707906
0.000700721
0.000709741
0.000713253
0.000715882
0.000718168
0.000720999
0.000724378
0.000726662
0.000730682
0.000732653
0.000677461
0.000699524
0.000701349
0.00070218
0.000701214
0.000703284
0.000702607
0.000701552
0.00069097
0.000698248
0.000698528
0.000682163
0.000833755
0.000762114
0.000775929
0.000825512
0.000768338
0.000858778
0.000806156
0.000785537
0.000791953
0.000800142
0.000808147
0.000738785
0.000736163
0.000736587
0.000732746
0.000742885
0.000752132
0.000748784
0.000759373
0.000764204
0.00077204
0.000772974
0.000699611
0.00290518
0.00257987
0.00264769
0.000611313
0.000589826
0.000668159
0.000714169
0.000709995
0.000712504
0.000707573
0.000714458
0.000718745
0.000723482
0.000719201
0.000724661
0.000729711
0.000729241
0.000734194
0.000737179
0.000690588
0.0006943
0.000709379
0.000707811
0.000704253
0.000705806
0.000709926
0.000693735
0.000695716
0.000699229
0.000654956
0.00082534
0.000807001
0.000754352
0.000745641
0.000768303
0.000808853
0.000760515
0.000818821
0.00084857
0.000783231
0.000794061
0.00079613
0.000809212
0.000741998
0.000737882
0.0007391
0.000738971
0.000738733
0.00074731
0.000747499
0.000745284
0.000756144
0.000765072
0.000775426
0.00077977
0.000796845
0.00293691
0.00277168
0.00267168
0.000641052
0.000582063
0.000682457
0.000715728
0.000712702
0.000705202
0.000715773
0.000719129
0.000722532
0.000720531
0.00072668
0.000731713
0.000734373
0.000735654
0.00073837
0.000685476
0.000706242
0.000708059
0.000694949
0.000708174
0.000706523
0.000708097
0.000704474
0.000699432
0.000700349
0.000649945
0.000845329
0.000821365
0.000823159
0.000792267
0.000736472
0.000737744
0.000751785
0.000773107
0.000801711
0.000773511
0.000735648
0.000829516
0.00083731
0.000849638
0.000782745
0.000796472
0.000798009
0.000798372
0.000743636
0.000740384
0.000737116
0.000738382
0.000747728
0.000753438
0.000746811
0.000783374
0.000761238
0.000761566
0.000773242
0.000720905
0.00298099
0.00287764
0.00282522
0.000682766
0.000615612
0.000595011
0.00072116
0.000712216
0.000722639
0.000718704
0.000725861
0.000726007
0.000723091
0.000732463
0.000734353
0.000735739
0.000700274
0.000704206
0.00071307
0.000697669
0.000700478
0.000712302
0.000707508
0.000709267
0.000715088
0.000700188
0.000645264
0.000694303
0.000705103
0.00082477
0.000810524
0.000811036
0.00078288
0.000733993
0.00075163
0.000771076
0.000765716
0.000792585
0.000723135
0.00072049
0.000719677
0.000711725
0.000703352
0.000833502
0.00081418
0.000830032
0.000815876
0.000786427
0.000785195
0.000787096
0.000784132
0.000745601
0.000741333
0.000743366
0.000755038
0.00075122
0.000749793
0.00074309
0.000772467
0.000772577
0.000765881
0.000769388
0.000861998
0.00308041
0.00301792
0.00266126
0.000601089
0.000591187
0.0007165
0.000668328
0.000733345
0.000721364
0.000731003
0.000734059
0.000737596
0.000699794
0.000716519
0.000699382
0.000702578
0.000708991
0.000713351
0.000710726
0.000712196
0.000647415
0.000700359
0.000704605
0.000705744
0.000704582
0.000810358
0.000803001
0.000801587
0.000773699
0.000731446
0.000758601
0.000788226
0.000758369
0.000739198
0.000722787
0.000722326
0.000714225
0.000711871
0.000701136
0.000712633
0.000819153
0.000851431
0.000813152
0.000820597
0.000772633
0.000775945
0.000779164
0.000764174
0.000744144
0.000743613
0.000752779
0.000747537
0.000753148
0.000748822
0.000747916
0.000773077
0.000774199
0.000764009
0.000600638
0.00301778
0.00303528
0.00271896
0.000582516
0.000578794
0.000739515
0.0010344
0.000729031
0.000734097
0.000737346
0.000726354
0.000701944
0.000705367
0.000719139
0.000713343
0.000717107
0.000710644
0.000668329
0.00070955
0.000715242
0.000722546
0.000798206
0.000800707
0.000795473
0.000791689
0.000765053
0.00076085
0.000779182
0.000751578
0.000743675
0.000753169
0.000736905
0.000726932
0.000734466
0.000729807
0.00072856
0.000729323
0.0007805
0.00080262
0.000785539
0.000810352
0.000764549
0.000763349
0.000772526
0.000767059
0.000786337
0.0007447
0.000759009
0.000754338
0.000753462
0.000751402
0.000747544
0.000761087
0.000763733
0.000762832
0.000652003
0.00316598
0.00311463
0.00308789
0.000521627
0.000730974
0.00062437
0.000737276
0.000739592
0.000704122
0.000706799
0.000713763
0.000716704
0.000718307
0.000715131
0.000681476
0.00070958
0.000731107
0.000706684
0.000796965
0.000794569
0.000788689
0.000778046
0.000756886
0.000774881
0.000746095
0.000767532
0.000764999
0.00075651
0.000736836
0.000740971
0.000751557
0.000743503
0.000747355
0.000811957
0.000786015
0.000803335
0.000757013
0.000755443
0.000762665
0.000778093
0.000778296
0.000754648
0.000751564
0.000747879
0.000756304
0.00075396
0.000752845
0.000541474
0.00315389
0.00451614
0.00098297
0.000747214
0.000624472
0.000742925
0.00071047
0.000723583
0.000717952
0.000724029
0.000714951
0.000687659
0.000709299
0.000711613
0.000785508
0.000782357
0.000777861
0.000770986
0.000751427
0.000740671
0.000736379
0.000731843
0.000728246
0.000711949
0.000714869
0.000724374
0.000717777
0.000721091
0.000778717
0.000794244
0.000788784
0.00075298
0.000759068
0.000774433
0.000752273
0.000774513
0.000752664
0.000748298
0.000751739
0.000750803
0.000752073
0.000756235
0.00543096
0.00515277
0.00141621
0.000765386
0.000573355
0.000718993
0.000721464
0.000716405
0.000720209
0.000692836
0.000715807
0.000728339
0.00078169
0.000783999
0.000769992
0.000762461
0.000745371
0.000741587
0.000736439
0.000733802
0.000716941
0.000721389
0.000729071
0.000722717
0.0007273
0.000768413
0.000776975
0.000780054
0.000761136
0.000763823
0.000753084
0.00076916
0.000747996
0.000747102
0.00074655
0.000749367
0.00112683
0.000978997
0.00628644
0.00682719
0.00239393
0.00122805
0.000722932
0.000720011
0.000727584
0.000725507
0.000632156
0.000724663
0.0007265
0.000766126
0.000767333
0.000764502
0.000760206
0.000752361
0.000751606
0.000743994
0.000733394
0.000730727
0.000744563
0.000738681
0.000737047
0.000768884
0.000764094
0.000769744
0.000759114
0.000750433
0.000753618
0.000760966
0.000871416
0.000966681
0.00155508
0.00833491
0.00824022
0.00135778
0.00103472
0.00190874
0.000724319
0.000722462
0.000726675
0.000734784
0.000564436
0.000728245
0.000724397
0.000769562
0.000767397
0.000759356
0.000754433
0.000749872
0.000746371
0.000731888
0.00073398
0.000742774
0.000739921
0.00073696
0.000766272
0.000765846
0.000757014
0.000754801
0.00075496
0.000758227
0.000575858
0.000754583
0.000793185
0.00245515
0.00119625
0.00083634
0.00188701
0.00179724
0.000728775
0.00072507
0.000749352
0.000536335
0.000730771
0.000726193
0.000755613
0.000757067
0.000754632
0.000749545
0.000747144
0.000729115
0.000736721
0.000742529
0.000741542
0.000736525
0.000765151
0.000762563
0.000749422
0.000763756
0.000750747
0.000752232
0.000473391
0.000481684
0.000625463
0.000612677
0.000561974
0.00184247
0.000996388
0.000638728
0.00161924
0.00166805
0.000729453
0.000736928
0.000767624
0.000732455
0.000731862
0.000731433
0.000756101
0.000749955
0.000748684
0.000743727
0.000737028
0.000732881
0.000743406
0.000739524
0.000737735
0.000760134
0.000748739
0.000759778
0.00074732
0.000747855
0.000374492
0.000387151
0.000487791
0.000432032
0.00163665
0.000406911
0.0019122
0.00153349
0.000776415
0.000447342
0.0013329
0.00152394
0.000725588
0.000745354
0.000731101
0.00073357
0.00073527
0.000750786
0.000749782
0.000749193
0.000745044
0.000737959
0.000737589
0.000743941
0.00074086
0.00073996
0.000755116
0.000745848
0.00074282
0.00138434
0.000287914
0.000294412
0.000346602
0.00025839
0.00141418
0.000280577
0.0019726
0.00159878
0.00122112
0.000550727
0.000267537
0.00103027
0.00136445
0.00073904
0.000729
0.000735012
0.000731134
0.000740006
0.000742339
0.000745429
0.000743548
0.000736324
0.000737033
0.000743287
0.00074025
0.000740379
0.00139579
0.00115203
0.000214222
0.000204349
0.000207658
0.000103097
0.00116655
0.000183933
0.00202837
0.00164683
0.0012853
0.000922199
0.000332098
0.000108731
0.000728013
0.00118287
0.0016321
0.00113305
0.000938238
0.000150876
0.000119925
8.1401e-05
7.24919e-06
0.000908596
0.000109701
0.00223951
0.00169697
0.00132344
0.000980208
0.000643994
0.000138623
8.72158e-06
0.000443192
0.000977907
0.00188077
0.00130922
0.000914165
0.000734066
9.27016e-05
4.46592e-05
4.63588e-06
0.000653275
5.76421e-05
0.0012555
0.00194704
0.00136939
0.00100911
0.000691587
0.000393022
1.45475e-05
0.00019785
0.00249215
0.00145364
0.00102813
0.000721037
0.000534439
3.76971e-05
1.52103e-06
0.000408136
3.12231e-05
0.00113316
0.000963816
0.00160764
0.00105068
0.000712226
0.000426922
0.000178165
3.37983e-05
0.0040496
0.00185549
0.00110057
0.0007901
0.000537653
0.000341806
1.08879e-06
0.000186949
0.00141727
0.000947362
0.000716748
0.00124652
0.000746573
0.000440605
0.000196629
2.7287e-05
0.00412073
0.0034068
0.001294
0.000813081
0.000584948
0.000356968
0.00016251
2.63103e-05
0.00183977
0.00121069
0.000772488
0.000507394
0.000886777
0.000465249
0.000204843
3.21026e-05
0.00546757
0.00333604
0.00264557
0.000831192
0.000579147
0.000398135
0.000181863
2.42992e-05
0.00217777
0.00146715
0.0010006
0.00060481
0.000331503
0.000550672
0.000218701
3.50775e-05
0.00451359
0.00469126
0.00255932
0.00182855
0.000482818
0.00039695
0.00022161
3.48194e-05
0.00236271
0.00172917
0.0011209
0.000785305
0.000441638
0.00018803
0.000260357
3.95319e-05
0.00400824
0.00376506
0.00382584
0.00183562
0.00107073
0.000252618
0.000248262
6.20174e-05
0.00238554
0.00187165
0.001317
0.000808106
0.000560776
0.000285421
7.84888e-05
5.33456e-05
0.00381994
0.00337738
0.00302163
0.00292996
0.00121965
0.000476684
0.000133458
9.56427e-05
0.00222803
0.00189041
0.00142248
0.000947983
0.000533791
0.000326953
0.000130716
1.52251e-05
0.00377064
0.00320532
0.00271183
0.00229291
0.00205141
0.000699959
0.000144714
9.40128e-05
0.00186879
0.00177234
0.0014375
0.00102199
0.000626261
0.00030168
0.00012439
1.38422e-05
0.00392751
0.00316323
0.00257073
0.00205839
0.0016242
0.0012231
0.000303471
4.00586e-05
0.00142727
0.0014903
0.00135218
0.00103348
0.000674082
0.000354742
0.000117235
9.3875e-06
0.00443651
0.00327228
0.00253538
0.00195273
0.00144418
0.00104261
0.000417375
9.06121e-05
0.0010924
0.00121607
0.00113908
0.000975073
0.000682253
0.000381303
0.000139639
9.39376e-06
0.00518651
0.00375467
0.00260498
0.0019246
0.00137306
0.000891924
0.000556566
3.59402e-05
0.00125119
0.000913512
0.00100252
0.000821991
0.000645285
0.000386378
0.000150519
1.3172e-05
0.00427754
0.00434133
0.00309296
0.00196143
0.00135192
0.000853228
0.000434096
0.000182471
0.00220895
0.000961747
0.000746213
0.000784764
0.000543524
0.00036631
0.000152859
1.51725e-05
0.00417783
0.00355094
0.00333867
0.00245328
0.00136492
0.000838354
0.000419386
0.000123262
0.00202484
0.00191179
0.000712993
0.000585205
0.000558083
0.000307655
0.000144947
1.56555e-05
0.00274421
0.00365338
0.00279744
0.00226138
0.00185571
0.000838483
0.00041016
0.000120333
0.00194532
0.00168961
0.00157265
0.000503533
0.000427459
0.000324386
0.000120233
1.42479e-05
0.00195285
0.00215507
0.00306807
0.00205998
0.00129458
0.00126517
0.000406594
0.000115644
0.00187619
0.00161791
0.00135863
0.00121489
0.000328587
0.000275842
0.0001234
1.00563e-05
0.00168378
0.00153587
0.00163178
0.00243952
0.00139089
0.000593981
0.000605514
0.00011295
0.00181153
0.00156262
0.00129529
0.00103895
0.000861618
0.000186265
0.000125357
9.38788e-06
0.00141398
0.00135449
0.00118996
0.00118065
0.0018153
0.00085139
0.000207726
0.000129787
0.00191325
0.00186847
0.00150149
0.00125158
0.00098445
0.000736041
0.000533206
7.70902e-05
1.26e-05
0.00139081
0.00115201
0.00106741
0.000904737
0.00081043
0.00122628
0.000467898
5.04871e-05
0.00136998
0.00179333
0.00159694
0.00119072
0.000951499
0.000692407
0.000457021
0.000249949
1.39552e-05
0.00161558
0.00115677
0.000931467
0.000825037
0.000658972
0.000509057
0.000703127
0.000229322
0.000565634
0.00120781
0.00119355
0.00165771
0.00131037
0.000896191
0.00066928
0.000426021
0.0002132
4.94552e-05
0.0014081
0.000941674
0.000734312
0.000612809
0.000453074
0.000283658
0.000262765
0.000407946
0.000501485
0.00116315
0.00101648
0.000985522
0.00150876
0.00100955
0.000624268
0.000411384
0.000196405
3.72605e-05
0.000630534
0.000940877
0.0011693
0.000736672
0.000545841
0.000417517
0.000276216
0.000121618
0.000279807
0.000399677
0.000994797
0.000819406
0.000762988
0.00134486
0.000710648
0.000380248
0.000188086
3.21262e-05
0.000523485
0.000815865
0.000914659
0.000536523
0.000361868
0.000232609
9.7452e-05
0.000183304
0.000308844
0.000814198
0.000623468
0.000537595
0.00116068
0.000430373
0.000171696
2.9357e-05
0.000418985
0.000677285
0.000659916
0.000343255
0.000184327
6.58306e-05
0.000109694
0.000231115
0.000627593
0.000434767
0.000321847
0.000953838
0.000189811
2.53539e-05
0.000317716
0.000528757
0.000413492
0.000163469
3.61135e-05
5.94185e-05
0.000163936
0.000441693
0.000258528
0.000132433
3.08776e-05
0.000220523
0.000376409
0.000190298
2.47072e-05
3.22344e-05
0.000101542
0.000263589
0.000103693
1.30153e-05
0.000130271
0.000226757
2.73917e-05
4.18674e-05
0.000105294
7.6912e-06
4.96172e-05
9.05185e-05
1.35475e-06
7.52743e-06
1.96991e-06
5.85622e-06
0.000739586
0.000739078
0.000740662
0.00074091
0.000741812
0.00074102
0.000741163
0.000742193
0.000740031
0.000738882
0.000740164
0.000740598
0.000741427
0.000741364
0.000742034
0.000744866
0.000758736
0.000764168
0.00076845
0.000778219
0.00078189
0.000743997
0.000747461
0.00074189
0.000743747
0.0007425
0.000740689
0.000742165
0.000743593
0.000741022
0.000794363
0.000798689
0.000740014
0.000740078
0.00074098
0.000741195
0.000742319
0.000742138
0.000745566
0.000748126
0.000751266
0.000753323
0.000756764
0.000764407
0.00077184
0.000775413
0.000789779
0.000793955
0.000819092
0.000821015
0.000750108
0.00075316
0.000755797
0.000759582
0.000764055
0.000771582
0.000780674
0.000743745
0.000747904
0.000741676
0.000742642
0.000742636
0.000740876
0.000743438
0.000744614
0.00074238
0.000778203
0.000786212
0.000840083
0.000849249
0.000808777
0.000808772
0.000833388
0.000739868
0.000740626
0.000741231
0.000742448
0.000743884
0.000745456
0.000749444
0.000751014
0.000757945
0.000759965
0.000764901
0.000770793
0.000786771
0.0007918
0.000808165
0.000808987
0.000830895
0.000834141
0.000860128
0.000869369
0.000906817
0.000899997
0.0009233
0.00074704
0.000751967
0.000753488
0.000758215
0.000763788
0.00074376
0.00074685
0.000741637
0.00074195
0.00074359
0.000741541
0.000744497
0.000744468
0.000744742
0.000763728
0.000780102
0.000781055
0.0008035
0.000811511
0.000906139
0.000853209
0.000892954
0.000835665
0.000850523
0.000742863
0.000743133
0.000745379
0.000746145
0.00075008
0.000750608
0.000757439
0.000756254
0.000766131
0.000762583
0.000776107
0.000779839
0.000815045
0.000814187
0.000832092
0.000833602
0.000857667
0.000866224
0.000886106
0.000897259
0.00095083
0.000952427
0.000999957
0.0010191
0.000982972
0.00102534
0.00103189
0.00123004
0.000746523
0.000751763
0.000753082
0.000756973
0.00074594
0.000745379
0.000743833
0.000746528
0.000742158
0.00074197
0.000744432
0.000743751
0.000741998
0.000746275
0.000745147
0.000760921
0.000772254
0.000780809
0.00152659
0.00135164
0.00149871
0.000800652
0.000803282
0.000830807
0.000844868
0.000907079
0.000919686
0.00106699
0.000972215
0.000861666
0.000910308
0.000750658
0.000748262
0.000754477
0.000750987
0.000759539
0.00075478
0.000764776
0.00076174
0.000766601
0.000771282
0.000780516
0.000783442
0.000792441
0.000817433
0.000845552
0.000821338
0.000850765
0.000971372
0.000971028
0.000964839
0.00103147
0.00203109
0.00209395
0.0017556
0.00118002
0.00118051
0.00129865
0.00124871
0.00125076
0.00137693
0.00138875
0.00186899
0.00156525
0.00355244
0.00332321
0.00339986
0.00210669
0.00299655
0.00280589
0.00246313
0.00212336
0.000746579
0.000750838
0.000750453
0.000755438
0.000744147
0.000743567
0.000743952
0.000745658
0.000742593
0.000742566
0.000742172
0.000746426
0.00074544
0.000744281
0.000743668
0.000760325
0.000774057
0.000803123
0.000781838
0.000798241
0.00366343
0.00367511
0.00284476
0.00272622
0.00214704
0.00111925
0.00135802
0.00154694
0.00192695
0.000838038
0.000839647
0.000848723
0.000847612
0.000892626
0.000903418
0.000991808
0.000977103
0.00105964
0.00363331
0.00342524
0.00126148
0.00328236
0.00288489
0.0026367
0.00148385
0.00179059
0.00189227
0.0026311
0.000779885
0.000767189
0.000783572
0.000769866
0.00078612
0.000775271
0.000789822
0.000790326
0.000798441
0.000796471
0.000810467
0.000811069
0.000850724
0.000875655
0.000929366
0.000901292
0.0011377
0.00133312
0.00110098
0.00173993
0.00142796
0.00132846
0.00163006
0.00146136
0.00143826
0.00252514
0.00304911
0.00350322
0.00304508
0.00268126
0.00228358
0.00180493
0.00167089
0.00184462
0.00200592
0.0025999
0.00190728
0.0020424
0.00348529
0.00355037
0.00361288
0.00369971
0.00357032
0.00340372
0.00329266
0.00330285
0.00138575
0.00136689
0.00284745
0.00297165
0.0015337
0.00160433
0.00191163
0.00254622
0.00207291
0.00240951
0.000746575
0.000749738
0.000749114
0.000758496
0.00074321
0.000742992
0.000742975
0.00074389
0.000745188
0.000746442
0.000745199
0.000744522
0.000743517
0.000743389
0.000743108
0.000758592
0.000774347
0.000775626
0.000795024
0.000799449
0.0008269
0.000793893
0.00349783
0.00374831
0.00338291
0.00371066
0.0036513
0.0027411
0.00332397
0.00262455
0.00215583
0.000839999
0.00191773
0.00118168
0.00173627
0.00135095
0.000887339
0.000877586
0.000896979
0.00089032
0.000923363
0.000912394
0.00103411
0.00102708
0.00117894
0.00369747
0.00339343
0.00375798
0.00113347
0.00120531
0.000952184
0.00323911
0.00280166
0.00265974
0.00180243
0.00114187
0.00157868
0.000621031
0.000825784
0.00386386
0.00129137
0.000684343
0.000841497
0.000776613
0.000874922
0.000863305
0.000902533
0.000942564
0.000879054
0.000870445
0.000944416
0.0009524
0.00114392
0.00121591
0.00169248
0.00133024
0.00174673
0.00134806
0.00131195
0.00176865
0.00148375
0.00160927
0.00186872
0.00223694
0.00184401
0.00156206
0.0020303
0.00180978
0.00215216
0.00203256
0.00274161
0.00314703
0.0035413
0.00335291
0.00294872
0.00246935
0.00247798
0.00227092
0.0028055
0.00231854
0.00251951
0.00360741
0.00349903
0.00368538
0.00355603
0.00362732
0.00333177
0.00339081
0.0028782
0.00312551
0.00303481
0.00146094
0.00162575
0.00247879
0.00263915
0.00227139
0.00215562
0.0019617
0.000757542
0.000746431
0.000748859
0.000748615
0.000743111
0.000743738
0.000744835
0.000759342
0.000745965
0.000744883
0.000744501
0.000743737
0.000743853
0.000743354
0.00074383
0.000743902
0.000746843
0.000745109
0.000744487
0.000748489
0.000748047
0.000750372
0.000772707
0.0007739
0.000776356
0.00078545
0.000843568
0.000815628
0.000812125
0.000797491
0.00381319
0.00380636
0.00354048
0.00244902
0.00335263
0.0028404
0.000869249
0.000913706
0.000929829
0.00241603
0.00142143
0.00225818
0.00154565
0.000952546
0.000929413
0.00100656
0.000988434
0.00115893
0.001168
0.00134299
0.00376742
0.00378216
0.00357445
0.00387905
0.00392625
0.00339631
0.000839735
0.000904333
0.000674242
0.00294112
0.00271343
0.00207973
0.00150912
0.000864603
0.00909723
0.00821347
0.00217157
0.000903423
0.00742682
0.00528215
0.00139148
0.000907453
0.0011487
0.000909555
0.00107653
0.000992958
0.00112915
0.0012757
0.00124968
0.00177841
0.00180878
0.00150793
0.00223563
0.00173224
0.00194799
0.00250685
0.00247198
0.00270166
0.0022214
0.00239198
0.00258322
0.00287053
0.00222845
0.00242716
0.00264718
0.00234668
0.00273302
0.00243556
0.0034881
0.00319327
0.00339292
0.00330577
0.00307396
0.00305362
0.0031871
0.00305978
0.00297712
0.00365293
0.00349448
0.00341769
0.00352659
0.00349093
0.00302823
0.00328128
0.00257311
0.00277341
0.00215373
0.00228756
0.000756057
0.000753083
0.000749748
0.000756809
0.000744116
0.00074602
0.000747537
0.000754942
0.00076139
0.000745235
0.000744221
0.0007443
0.000743609
0.000744016
0.000743645
0.00074461
0.000744776
0.000748056
0.000742029
0.000747126
0.000748466
0.000751015
0.000752571
0.000770945
0.000774549
0.000785113
0.000794943
0.000862131
0.000842638
0.000836978
0.000814542
0.00317629
0.0033089
0.00384373
0.000924954
0.000944392
0.00094372
0.00102987
0.000983697
0.00233796
0.00297754
0.00165294
0.00209705
0.00138026
0.00128935
0.00169094
0.00168395
0.00149878
0.00370269
0.00391713
0.00394148
0.00374372
0.00374762
0.00351846
0.00303337
0.00276576
0.000615836
0.000704601
0.00239463
0.00188429
0.00145989
0.000788101
0.00915423
0.010308
0.00382695
0.00830483
0.010174
0.00984325
0.00550973
0.00340429
0.00942704
0.00895584
0.00456676
0.00252682
0.00352393
0.00204266
0.00293831
0.0018538
0.00252904
0.00252202
0.00203698
0.00300762
0.00261275
0.00261774
0.00252037
0.00265095
0.00315501
0.0030692
0.00311574
0.00334465
0.00306533
0.00279483
0.00323983
0.00342014
0.00288875
0.00317146
0.00338465
0.00308265
0.00338517
0.00361084
0.00345828
0.00359907
0.00346823
0.00357028
0.00344445
0.0034506
0.00347544
0.00355086
0.0035423
0.00315467
0.00337514
0.00269576
0.00284752
0.0021658
0.00232803
0.000759239
0.00075684
0.000756165
0.000753958
0.000749571
0.000749964
0.000753618
0.000759535
0.000765253
0.000746979
0.000741816
0.000746836
0.000742278
0.000748295
0.000744485
0.000751186
0.000746276
0.000747607
0.000749203
0.000750654
0.000752759
0.000754039
0.000775822
0.000776652
0.000786667
0.000816573
0.000802101
0.000780747
0.000912091
0.000872305
0.000876511
0.000846258
0.000953291
0.00383016
0.00337839
0.000978928
0.000931431
0.00121187
0.00111386
0.0018202
0.0021477
0.00221129
0.00210868
0.0030511
0.00257929
0.0022887
0.00248075
0.00234442
0.00394855
0.00414303
0.0037781
0.00396626
0.00323925
0.00293677
0.00237639
0.00219284
0.0018913
0.00179672
0.000608143
0.00134808
0.00767519
0.00987824
0.00229522
0.00576132
0.00967001
0.0106804
0.00857513
0.00738788
0.01071
0.0102589
0.00694941
0.00582204
0.00571916
0.00380072
0.00439581
0.00351575
0.0031637
0.00331328
0.0041614
0.00345175
0.00393284
0.00334497
0.00360637
0.0036356
0.00388298
0.00378898
0.00375846
0.00362702
0.00356734
0.00335284
0.00366447
0.00381404
0.00345265
0.00361675
0.00372661
0.00359425
0.00370665
0.00358735
0.00354881
0.00355185
0.0036422
0.00363193
0.00361931
0.00326308
0.00342269
0.0027658
0.0029382
0.00222345
0.00239949
0.000788131
0.000666297
0.000759282
0.000760242
0.000759202
0.00075762
0.000756803
0.000754808
0.000756659
0.000757995
0.000763631
0.000763793
0.0007803
0.000747351
0.000746568
0.000748214
0.000748293
0.000751836
0.000749116
0.000749981
0.000751788
0.000753125
0.000753989
0.000755737
0.000775588
0.000799474
0.000803247
0.000850006
0.000792872
0.000800059
0.000951461
0.000894737
0.000905267
0.000849328
0.00101044
0.00115398
0.000905453
0.00389768
0.00373765
0.00188616
0.00167459
0.00240182
0.00351996
0.00316771
0.00285628
0.00306494
0.00341744
0.00363451
0.00305409
0.00384619
0.00446579
0.00305265
0.00354153
0.00254827
0.00225136
0.00181516
0.00166875
0.00059668
0.00090617
0.00597452
0.00920825
0.00156026
0.00343645
0.00873003
0.0103384
0.00975893
0.00878838
0.00961962
0.0102192
0.00720595
0.00850381
0.00785531
0.00651275
0.00567733
0.00561716
0.00492382
0.00393393
0.00409616
0.00509688
0.00443025
0.00397835
0.00418163
0.00376521
0.00384224
0.00411916
0.0039786
0.00382247
0.00391662
0.00364283
0.00367346
0.00378594
0.0036053
0.00375764
0.003621
0.00368021
0.00352089
0.00356953
0.00352855
0.00344861
0.0033054
0.00350116
0.00342448
0.00287475
0.00304799
0.00229642
0.00250618
0.000760992
0.000779385
0.000806937
0.000700119
0.000758862
0.000756994
0.000757587
0.000758819
0.000758648
0.000758481
0.000757313
0.000758369
0.000755017
0.000757555
0.000772245
0.000764523
0.000759101
0.000760899
0.000750729
0.000751865
0.000752994
0.000753143
0.000753997
0.000755674
0.000756898
0.000757991
0.000758132
0.000779448
0.000794149
0.000813183
0.000839461
0.000848961
0.000822011
0.000949813
0.00103395
0.000889228
0.000956989
0.00109245
0.00130105
0.00125854
0.00145491
0.00181853
0.00358134
0.00404319
0.00481636
0.00297096
0.00401849
0.00377421
0.00397852
0.00430935
0.00424894
0.00466601
0.00351038
0.00397976
0.00284536
0.00241585
0.00196679
0.00171089
0.000656836
0.000719627
0.0044781
0.00770165
0.00114023
0.00231201
0.00720608
0.00889895
0.00990104
0.0094097
0.00848257
0.00940274
0.00774616
0.00822361
0.00928228
0.0086949
0.00570067
0.0072937
0.00672478
0.00648565
0.00596861
0.00444724
0.00476779
0.00534233
0.00509884
0.00431393
0.004475
0.00422636
0.00352752
0.0036997
0.00373116
0.00386848
0.00397247
0.00312536
0.00303742
0.00333896
0.00355138
0.00355432
0.00316189
0.00328603
0.00333965
0.00332576
0.00309947
0.0031826
0.00294015
0.00312367
0.00308169
0.00237848
0.00257542
0.000745278
0.000756069
0.000764923
0.000788034
0.000809622
0.000719532
0.000756971
0.000755319
0.000756724
0.00075782
0.000760089
0.000759757
0.000761004
0.000758401
0.00074988
0.00075363
0.000753326
0.000756414
0.000746195
0.000747148
0.000743668
0.000743829
0.00078313
0.000764614
0.000757838
0.000762953
0.000756976
0.000762187
0.000761728
0.000759705
0.000759924
0.000759745
0.000766022
0.000764364
0.00076732
0.000797595
0.000824195
0.000805374
0.000840294
0.000882494
0.00087588
0.00090765
0.00102469
0.00110657
0.000959836
0.0010223
0.00122611
0.00140647
0.00271758
0.00310519
0.00223921
0.00348155
0.00399301
0.00438227
0.00390062
0.00469396
0.0048506
0.00564791
0.00511415
0.00451546
0.00534985
0.00335765
0.00279296
0.00230899
0.00195996
0.000724463
0.000704184
0.00337446
0.00549582
0.000936579
0.00182619
0.0055436
0.00801476
0.00915731
0.00937014
0.00762899
0.00854306
0.00803543
0.0086212
0.00913514
0.00889852
0.0057633
0.00621956
0.00796421
0.0067117
0.00747374
0.00707717
0.00550393
0.00481724
0.0049624
0.00443362
0.00478559
0.00398776
0.00440206
0.00304022
0.00341172
0.00346674
0.00373923
0.00273712
0.00232255
0.00238583
0.00232618
0.00268463
0.00301903
0.00303212
0.00256847
0.0026506
0.00264617
0.00255617
0.00231854
0.00271529
0.000752693
0.000737637
0.000745633
0.000748955
0.000760266
0.000772312
0.000791586
0.000815653
0.000735654
0.000737813
0.000734016
0.000737139
0.000733572
0.000735642
0.000742141
0.000740933
0.000741255
0.000740165
0.00074159
0.000739735
0.000742187
0.000739367
0.000735679
0.000736603
0.000739036
0.000737473
0.000741155
0.00073861
0.00073901
0.000756258
0.000754542
0.000756585
0.000757613
0.000762015
0.000763998
0.000758687
0.00074902
0.000753138
0.00075308
0.000755968
0.000745693
0.000748173
0.000743076
0.000744614
0.000767664
0.000769362
0.000777085
0.000768187
0.000769211
0.000770863
0.00077024
0.000768994
0.000771975
0.00077546
0.000773912
0.000775993
0.000771794
0.000783811
0.000810372
0.000791895
0.000854872
0.000828029
0.000876076
0.000930999
0.000914742
0.000977046
0.00116647
0.00126896
0.00104926
0.00118703
0.00169937
0.00266646
0.00552724
0.00509931
0.00486563
0.0044998
0.00502524
0.00535613
0.00573691
0.00358027
0.00431296
0.00551905
0.00434394
0.00541219
0.00290405
0.0023894
0.000821796
0.000702343
0.00462331
0.00259288
0.00350306
0.000842622
0.00146193
0.00611734
0.00714402
0.00822549
0.00868335
0.00662369
0.00740434
0.00618879
0.00859537
0.00839528
0.00870213
0.00593594
0.00660801
0.008187
0.00767118
0.00695359
0.00746086
0.00563977
0.00512515
0.00463795
0.00506695
0.00398288
0.00441004
0.00290548
0.00371411
0.00329842
0.00290686
0.00220927
0.00250838
0.00186892
0.00178953
0.00214459
0.00212212
0.00172066
0.00167524
0.00162721
0.000803952
0.000797376
0.000822091
0.000740552
0.000749499
0.00075595
0.000767498
0.000780786
0.000739029
0.000742827
0.000736433
0.000738958
0.000733973
0.000737791
0.000740788
0.000741766
0.000738085
0.000740267
0.000735332
0.000739235
0.000731736
0.00073776
0.000732256
0.000736505
0.000730917
0.000736202
0.00073592
0.000756696
0.00075526
0.000757719
0.000759756
0.000761655
0.000749216
0.000753262
0.000753575
0.000754905
0.000745956
0.000748964
0.0007441
0.000745752
0.000763035
0.000771927
0.000767473
0.000785671
0.000781722
0.000783264
0.000787241
0.000784397
0.000789488
0.000793538
0.00078395
0.000786295
0.000781936
0.000825102
0.000805039
0.000806197
0.000885471
0.000850537
0.00092616
0.00100197
0.000989104
0.00109331
0.00110487
0.00208521
0.00119057
0.00137048
0.00346752
0.00480961
0.0058956
0.00585008
0.00647391
0.00642808
0.00708531
0.00660779
0.00580412
0.005613
0.00505876
0.00300576
0.00405566
0.000876424
0.000874689
0.000841726
0.00328048
0.00447965
0.00192667
0.00298212
0.00120703
0.00495642
0.00558149
0.00749347
0.00815919
0.00491504
0.00696927
0.00543504
0.00605962
0.006458
0.00598184
0.0080878
0.00798367
0.00612285
0.00668828
0.00780331
0.00755688
0.00689916
0.00729103
0.00594533
0.00541544
0.00470991
0.00522357
0.00406122
0.00460185
0.00337694
0.00393765
0.00276888
0.00333368
0.0019724
0.00252045
0.00137655
0.00155965
0.00140014
0.000749969
0.000812632
0.000851502
0.000775796
0.000791721
0.000746569
0.000757193
0.000764996
0.000745168
0.000748795
0.000742889
0.000743756
0.000742161
0.000742946
0.000742749
0.000743627
0.000742572
0.000742431
0.000742405
0.000742243
0.000742197
0.000742323
0.000740652
0.000741931
0.000742423
0.000757938
0.000758013
0.000761108
0.000761936
0.000750049
0.00075422
0.00075508
0.000757296
0.000747491
0.000750644
0.00074533
0.00074884
0.000770754
0.000770848
0.000787405
0.000779324
0.000811686
0.000802937
0.000817524
0.00081105
0.000799972
0.000805897
0.000818272
0.000810319
0.000795648
0.00082069
0.000802881
0.000804426
0.000866487
0.000863299
0.000947219
0.000930905
0.00105195
0.00106597
0.00123333
0.00118062
0.00160474
0.00262929
0.00139441
0.00177396
0.00514998
0.00632314
0.0074189
0.0062694
0.00580555
0.00695781
0.00698251
0.00636793
0.00508442
0.00476541
0.00154538
0.000856968
0.000891947
0.00085466
0.00109309
0.00111458
0.0038079
0.00256388
0.00286708
0.00453055
0.00400601
0.00748318
0.00702726
0.00449023
0.00502412
0.00654984
0.0061658
0.00511422
0.00548948
0.0053805
0.00576769
0.00753241
0.00732135
0.00629108
0.00668882
0.00730839
0.00720183
0.00689414
0.00513351
0.0060069
0.00551817
0.00454466
0.00513218
0.00370173
0.00434917
0.00281017
0.00334891
0.00179346
0.0023192
0.000793469
0.000804772
0.000755208
0.000766705
0.000778832
0.000747175
0.000759158
0.000745984
0.000750194
0.000742998
0.000745024
0.000743021
0.000746855
0.000741919
0.000745339
0.000741814
0.000745088
0.000742271
0.00074531
0.000745321
0.000765914
0.000760091
0.00076355
0.00076765
0.000754232
0.000756148
0.000760684
0.000758003
0.00075204
0.000754447
0.000750722
0.000752758
0.000788632
0.00078489
0.000785671
0.000804067
0.000792013
0.00083757
0.000835672
0.000831361
0.000846486
0.000870232
0.000858331
0.000863998
0.000846583
0.000845007
0.000827782
0.000815554
0.000858256
0.000845284
0.000875976
0.000950752
0.000940245
0.00125602
0.00121765
0.00107734
0.0011322
0.0016136
0.00152642
0.00380567
0.00507403
0.00369812
0.00645843
0.00724045
0.00713403
0.00687631
0.00637578
0.00596195
0.00498766
2.50867e-05
0.00265416
0.000818698
0.0014917
0.00207188
0.000863124
0.000867589
0.000940624
0.000948564
0.00110373
0.00112637
0.00367284
0.00346533
0.00436161
0.00405947
0.00685725
0.00647478
0.00443729
0.00472467
0.0059863
0.0056442
0.00464824
0.00502136
0.00513667
0.00698131
0.00667477
0.00624314
0.00666308
0.00673887
0.00660994
0.00555429
0.00599679
0.00457465
0.00519049
0.00344734
0.0039626
0.00232124
0.00282981
0.000797908
0.000763951
0.000781051
0.000789763
0.000786634
0.000755329
0.000765627
0.000749842
0.000758047
0.000750012
0.000753153
0.000748417
0.00075083
0.000749429
0.000748738
0.000749328
0.000749005
0.000748974
0.000755369
0.000767585
0.000764097
0.00078153
0.000763226
0.000759971
0.000759216
0.000783245
0.000761661
0.000760638
0.000762019
0.000789398
0.00078719
0.000799077
0.000812337
0.000811997
0.000837934
0.00083098
0.000876175
0.000884519
0.000895517
0.000893881
0.000959617
0.000926319
0.000928191
0.000883123
0.000878454
0.000914223
0.000906689
0.000952401
0.000956604
0.00111724
0.00106166
0.00156469
0.00138327
0.0014777
0.00141132
0.00654373
0.00398596
0.00646302
0.00602436
0.00604478
0.0064742
0.00582514
0.00604379
0.00324792
0.00249723
0.00314415
0.00086402
0.000824965
0.00144999
0.00184314
0.00091979
0.000933519
0.00103716
0.00106202
0.00119758
0.00402588
0.00383652
0.00419441
0.00404296
0.00611809
0.00573216
0.00409172
0.00433915
0.0042526
0.00469641
0.00505125
0.00626412
0.00594629
0.00601072
0.00608181
0.00623119
0.00512838
0.00559107
0.00388179
0.00436977
0.00271332
0.00315979
0.00081062
0.000832396
0.000773758
0.000778582
0.000795522
0.000814448
0.000764116
0.000770467
0.000757264
0.000764616
0.000753657
0.000760512
0.000758703
0.000756308
0.000757675
0.000760494
0.000759698
0.000795686
0.000767068
0.000767316
0.000769444
0.000769914
0.000786662
0.000766797
0.000794148
0.000787894
0.000772226
0.000768072
0.000819215
0.000814241
0.000842692
0.000830045
0.000868322
0.000856644
0.000914741
0.000903194
0.000952688
0.000989144
0.00109045
0.00101659
0.00101373
0.000968648
0.000961486
0.000987545
0.000991057
0.00105624
0.0011195
0.0010812
0.00147596
0.00128448
0.00568118
0.00253751
0.00305803
0.00238174
0.00601407
0.00569324
0.00558774
0.0058308
0.00527288
0.00498341
0.00361609
0.00296925
0.00351432
0.00238435
0.00285335
0.000899717
0.000852797
0.00147887
0.00183572
0.00100151
0.00104533
0.00124856
0.00395686
0.00391138
0.00389742
0.00387824
0.00456989
0.00485326
0.00541886
0.0037246
0.00387171
0.00367695
0.00398324
0.00369512
0.00567494
0.00532997
0.00521609
0.00532219
0.00407024
0.00440527
0.00296065
0.00330007
0.000831483
0.000861222
0.000781785
0.000799752
0.000814069
0.000835401
0.000776697
0.000783689
0.000766737
0.000770629
0.000774515
0.000776486
0.000773969
0.000769112
0.000774107
0.000815059
0.000812711
0.000776444
0.000773833
0.000781799
0.000781368
0.000797463
0.00080654
0.000788598
0.000801914
0.000793458
0.00086961
0.000865905
0.000853741
0.000906393
0.000882608
0.000954502
0.000979634
0.00098151
0.00103545
0.00102331
0.0014074
0.00114417
0.00110478
0.00115463
0.0011141
0.00109529
0.00128506
0.00122492
0.00132429
0.00121015
0.00159623
0.00379692
0.0037785
0.00573944
0.0049165
0.00534513
0.00542181
0.00548163
0.00458958
0.00474855
0.00349529
0.00373286
0.00389915
0.00287879
0.00339725
0.00220999
0.00278258
0.000916432
0.000973466
0.00136669
0.00181058
0.00112004
0.00116675
0.00381439
0.00388187
0.00378125
0.00352043
0.00364415
0.0044612
0.00392145
0.00478994
0.00307886
0.00319808
0.00321502
0.00284643
0.00340839
0.00467574
0.00452438
0.00393401
0.00403261
0.00298223
0.00319725
0.00087154
0.000915708
0.000798664
0.000807951
0.00084472
0.000870052
0.00078601
0.00078812
0.000798257
0.000795589
0.000785681
0.000789105
0.000787291
0.000847098
0.000823481
0.000811285
0.000806106
0.000797256
0.000819115
0.000822721
0.000813119
0.000830389
0.000816829
0.00094617
0.000930515
0.000923226
0.000885186
0.00104779
0.00108699
0.00105728
0.00109114
0.00114671
0.00111623
0.00130406
0.00123329
0.00238929
0.00140818
0.00148102
0.00158654
0.00179285
0.0017502
0.00194587
0.00508972
0.00372348
0.00586584
0.00600405
0.00543402
0.00550765
0.00447279
0.00473168
0.00355545
0.00376132
0.00385241
0.00293415
0.0033284
0.00213526
0.00278838
0.00108498
0.00104894
0.00157036
0.00130725
0.00170977
0.00380244
0.00349563
0.00362719
0.00361256
0.00378867
0.00372298
0.00292238
0.00319111
0.00344379
0.00389762
0.00247366
0.00253838
0.00243282
0.00287479
0.00351734
0.00348321
0.0027699
0.00288452
0.00106828
0.000905368
0.000959889
0.000826825
0.000846386
0.000864666
0.000913832
0.000824756
0.000812155
0.00084354
0.000826833
0.000827086
0.000856958
0.000846658
0.000882134
0.000862571
0.000844624
0.000837958
0.000859825
0.000863825
0.000864835
0.00086942
0.00105352
0.0010031
0.000995577
0.000946816
0.0014091
0.00146825
0.00134707
0.0013087
0.00124135
0.00179162
0.00203694
0.00305674
0.00534909
0.00574121
0.00497531
0.00371895
0.00511693
0.00551607
0.00604276
0.00594727
0.00583352
0.00541614
0.00581571
0.00449731
0.00480112
0.00356772
0.00374025
0.00213301
0.00287218
0.00278037
0.00332396
0.00127877
0.00136885
0.00148125
0.00171062
0.00374606
0.00369994
0.00373618
0.00310011
0.00334355
0.00352576
0.00350948
0.00323314
0.00225484
0.00254783
0.00265497
0.0029269
0.0018777
0.00206707
0.00202536
0.00235154
0.0023567
0.00122151
0.00128984
0.000982826
0.0012037
0.000897799
0.000893833
0.000979511
0.000889944
0.000870579
0.00087101
0.000908497
0.000815147
0.000959914
0.000916808
0.000900114
0.000925188
0.000955134
0.000929782
0.000935603
0.000907506
0.000922188
0.0011445
0.0011304
0.00104209
0.00104542
0.00245212
0.00328363
0.00251596
0.00346512
0.00286528
0.00395735
0.00260923
0.00461967
0.00478109
0.0060557
0.00741241
0.00607973
0.00600113
0.00657872
0.00667362
0.00758888
0.00564955
0.00588124
0.00456686
0.00494751
0.00344528
0.00364186
0.00237223
0.00277689
0.00312491
0.00331171
0.00143962
0.00166191
0.00197611
0.00218199
0.0037582
0.00364137
0.00353086
0.003256
0.00326076
0.00246709
0.00292853
0.00294589
0.00170799
0.00202218
0.00136602
0.00159351
0.00182667
0.00159828
0.000872289
0.00142674
0.00153279
0.00107631
0.0010771
0.00134275
0.000948416
0.000925697
0.0009127
0.00110086
0.00121097
0.00119686
0.00121793
0.00122467
0.00097331
0.000939237
0.00103004
0.000999412
0.000952151
0.00304049
0.00170409
0.00202647
0.00152265
0.00294159
0.00516449
0.00547094
0.00446792
0.00535902
0.00393766
0.00475806
0.00348028
0.00421515
0.00637049
0.00622902
0.0069046
0.00690527
0.00601514
0.00664564
0.00663132
0.00505543
0.00554429
0.00366155
0.00366388
0.003135
0.00295398
0.00339938
0.00196228
0.00233545
0.00290497
0.00370535
0.00361935
0.00349738
0.00322489
0.00303201
0.00251793
0.00250905
0.00205089
0.00159804
0.00133318
0.00251285
0.00179076
0.00214713
0.0014733
0.00149673
0.00144529
0.00152876
0.00173489
0.00151881
0.00174477
0.00137682
0.00142753
0.00146275
0.00137482
0.00156095
0.0015381
0.0018017
0.00185951
0.00234163
0.00363078
0.00270469
0.00292073
0.00296398
0.00369084
0.00442713
0.00474688
0.0062149
0.00581785
0.0057869
0.0055192
0.00565052
0.00508725
0.00554158
0.00629327
0.00608929
0.00580612
0.00614864
0.00592702
0.00347975
0.00361466
0.00293945
0.003185
0.00332829
0.00369453
0.00358595
0.00346051
0.00323169
0.00306371
0.0026881
0.00225377
0.00164469
0.00281063
0.00326663
0.00219633
0.00260978
0.00169046
0.00171443
0.00184636
0.00223555
0.00202907
0.00165874
0.0019405
0.00173787
0.00224392
0.00208332
0.00214075
0.00281603
0.00282593
0.00273327
0.00391006
0.0035705
0.0036092
0.00360206
0.00482189
0.00487584
0.00498566
0.0054616
0.00569496
0.00570379
0.00550469
0.00549189
0.00525926
0.00507775
0.00510572
0.0035992
0.00363092
0.00346113
0.00337314
0.00368897
0.00350622
0.00342357
0.0031386
0.00300691
0.00260066
0.00255028
0.0033554
0.00325707
0.00310582
0.00307324
0.00287953
0.00267957
0.00284614
0.00304277
0.0030265
0.0026532
0.00301946
0.00349267
0.00366723
0.00327312
0.00350483
0.00346614
0.00391597
0.004323
0.00466175
0.0044749
0.00485562
0.00441903
0.00471842
0.00428466
0.00406654
0.0047771
0.00496278
0.0039603
0.00375519
0.00363408
0.00365664
0.00359528
0.00358655
0.00339772
0.00328766
0.00300795
0.00288873
0.00249912
0.00239156
0.00360132
0.00352873
0.00354551
0.00347193
0.0036958
0.0034908
0.00356922
0.00357075
0.00351734
0.00381003
0.00399394
0.00397056
0.00389012
0.00400031
0.0041819
0.00416351
0.00445811
0.00400864
0.00420815
0.00334326
0.00322052
0.00304949
0.00285097
0.00371257
0.00356131
0.00372814
0.00367949
0.00350924
0.00325656
0.00314787
0.00290892
0.0027773
0.00238263
0.00227915
0.00391741
0.00369802
0.00368397
0.0037434
0.0037511
0.00391842
0.00379562
0.00379277
0.00400194
0.00410033
0.00399878
0.0038888
0.00392272
0.00397593
0.00412808
0.00354588
0.00367671
0.00284307
0.00285493
0.00234712
0.00230998
0.00364353
0.0036852
0.0035448
0.00336558
0.0031127
0.00306967
0.00278653
0.0027024
0.00230694
0.00220178
0.00377625
0.00384583
0.00366365
0.00368792
0.00371615
0.00378096
0.0036732
0.00379026
0.00387265
0.00359306
0.00370238
0.00355733
0.00354753
0.00344007
0.00317605
0.00338265
0.00241218
0.00258649
0.00200278
0.00198344
0.00343299
0.00335012
0.00296121
0.00287172
0.00262841
0.00255946
0.00224677
0.00212867
0.0033909
0.00352762
0.0032392
0.00334677
0.00322326
0.00302805
0.0031714
0.0031491
0.00301366
0.00289414
0.00305043
0.00288636
0.00230086
0.00249301
0.00172142
0.00184879
0.00287513
0.00279692
0.00245578
0.00243849
0.00225521
0.00204497
0.00213327
0.00286064
0.00289331
0.00267048
0.00258305
0.00260209
0.00241538
0.00224788
0.0024802
0.00222899
0.00247154
0.00218165
0.00169091
0.00186362
0.00221819
0.00220315
0.0019745
0.00189519
0.00153603
0.00201609
0.00209665
0.00187563
0.00208254
0.00197524
0.00137069
0.0014073
0.00178762
0.00186262
0.00121237
0.000652069
0.00169207
0.00168737
0.00150769
0.00145257
0.00128961
0.00150321
0.00148478
0.000787146
0.001039
0.000675196
0.00129206
0.00131915
0.000747296
0.000992937
0.00107021
0.000724306
2.60802e-05
)
;

boundaryField
{
    top
    {
        type            symmetryPlane;
    }
    bottom
    {
        type            symmetryPlane;
    }
    inlet
    {
        type            calculated;
        value           uniform 0.000851986;
    }
    outlet
    {
        type            calculated;
        value           nonuniform List<scalar> 
17
(
0.000666435
0.000658656
0.000677321
0.000668144
0.000660669
0.000656448
0.000677645
0.000668044
0.00066946
0.000673914
0.00148534
0.000825091
0.000660746
0.00067528
0.00196306
0.000738868
0.00152745
)
;
    }
    deck
    {
        type            nutkWallFunction;
        Cmu             0.09;
        kappa           0.41;
        E               9.8;
        value           nonuniform List<scalar> 
60
(
0
0
0
0
0
0
0
0
0
3.3487e-07
0
7.83321e-08
0
0
0
0
0
0
0
0
0
0
0
0
0
0
0
0
0
0
0
0
0
0
0
0
0
0
0
0
0
0
0
0
0
0
0
0
0
0
0
0
0
0
0
0
0
0
0
0
)
;
    }
    frontAndBack
    {
        type            empty;
    }
    defaultFaces
    {
        type            empty;
    }
}


// ************************************************************************* //
