/*--------------------------------*- C++ -*----------------------------------*\
  =========                 |
  \\      /  F ield         | OpenFOAM: The Open Source CFD Toolbox
   \\    /   O peration     | Website:  https://openfoam.org
    \\  /    A nd           | Version:  8
     \\/     M anipulation  |
\*---------------------------------------------------------------------------*/
FoamFile
{
    version     2.0;
    format      ascii;
    class       labelList;
    note        "nPoints: 5938 nCells: 4109 nFaces: 15296 nInternalFaces: 6926";
    location    "constant/polyMesh";
    object      neighbour;
}
// * * * * * * * * * * * * * * * * * * * * * * * * * * * * * * * * * * * * * //


6926
(
1
2
3
4
5
5
7
4
9
6
10
6
13
8
14
12
13
10
11
15
10
16
17
14
18
19
20
21
14
22
19
17
18
23
17
25
24
29
30
30
31
21
32
22
33
31
34
24
29
35
35
36
36
37
27
28
39
38
40
41
40
42
43
44
44
47
47
48
46
49
34
49
50
48
50
43
51
51
52
52
53
41
54
55
55
56
57
58
58
59
57
60
62
63
63
64
46
61
66
65
64
67
67
68
65
69
68
69
52
62
71
70
71
59
75
77
77
78
78
79
80
81
82
82
83
79
85
86
88
90
91
91
92
92
93
66
94
87
95
93
96
96
97
94
97
73
100
89
100
74
98
99
101
74
104
99
103
76
83
105
77
106
107
108
108
84
109
81
109
111
111
112
112
113
113
114
85
110
116
117
115
117
88
118
119
115
120
90
122
123
123
124
124
125
125
126
126
127
95
129
118
128
127
130
129
130
102
131
132
100
132
122
102
103
133
133
134
104
136
135
106
114
137
107
138
139
140
140
110
141
121
142
141
143
143
144
144
145
145
146
117
147
117
121
148
119
150
120
149
147
151
148
152
153
154
154
155
155
156
156
157
157
158
158
159
129
150
160
161
159
161
132
134
162
163
136
164
164
165
136
168
167
138
146
169
139
170
171
172
172
142
173
152
174
173
175
175
176
176
177
177
178
148
180
179
150
151
182
181
180
183
179
184
154
163
186
185
185
187
187
189
188
189
188
190
190
192
161
181
191
192
163
165
194
193
166
195
195
196
167
197
198
198
199
199
200
170
178
201
171
202
203
204
204
174
205
184
206
205
207
207
208
208
209
209
210
180
211
212
182
214
183
213
212
215
211
216
186
217
193
218
217
219
189
220
219
220
222
192
214
221
222
194
223
196
224
197
225
225
226
227
228
228
229
229
230
230
231
202
210
232
203
233
234
235
235
206
236
216
237
236
239
238
239
238
241
241
242
212
243
244
214
215
246
245
244
247
243
248
218
249
223
250
249
251
251
253
222
245
252
253
224
254
226
255
227
256
256
257
258
259
259
260
260
261
261
262
262
263
233
240
242
234
265
265
266
266
237
268
248
269
239
270
268
264
271
272
270
273
272
273
244
275
274
246
277
247
276
274
278
275
279
250
281
254
282
281
284
253
277
283
284
255
285
257
286
258
287
287
288
289
290
290
291
291
292
292
293
293
294
295
296
265
267
298
299
297
299
271
298
300
269
302
279
303
302
304
301
305
305
306
304
306
275
308
307
277
278
309
310
308
311
307
312
314
315
316
317
282
320
285
321
284
310
319
320
286
322
288
323
289
325
324
325
326
327
327
328
328
330
330
331
331
332
295
329
332
329
333
333
334
299
337
299
338
301
338
339
340
341
303
342
312
343
342
344
341
345
344
345
308
346
347
310
311
348
319
347
348
346
349
317
351
352
315
353
354
352
355
318
353
361
359
361
360
362
363
320
364
321
322
365
323
365
324
366
367
368
326
368
370
371
371
372
372
373
369
374
373
375
375
376
374
376
335
378
335
336
377
380
356
379
338
383
384
340
384
385
386
387
387
388
343
389
349
390
389
391
388
391
347
392
393
364
393
390
392
351
394
352
395
363
396
355
396
397
395
398
357
400
379
381
399
381
382
399
401
361
405
361
362
404
406
407
407
408
409
410
366
410
367
411
411
412
412
413
378
414
415
371
413
416
417
417
418
418
419
414
420
419
421
420
421
378
380
422
423
380
425
424
425
426
403
426
427
384
428
429
386
429
432
432
433
433
434
430
434
390
437
438
430
437
393
439
409
395
441
442
408
443
398
443
444
442
445
400
449
447
403
449
450
403
427
446
453
454
405
406
455
451
455
456
456
457
457
458
410
459
460
460
461
461
462
462
463
415
464
423
465
417
463
466
467
467
468
468
469
464
470
469
470
423
424
471
472
425
473
474
474
475
475
476
429
477
479
436
481
432
435
479
483
482
482
484
481
484
478
485
486
437
480
489
438
439
490
487
490
491
493
442
494
495
458
496
445
496
497
495
498
476
499
500
448
449
452
502
501
454
501
503
452
505
504
454
499
506
507
505
508
508
509
509
510
510
511
460
487
512
513
513
515
515
516
516
517
465
518
472
519
467
517
520
521
521
522
522
523
518
523
472
473
525
524
474
526
527
527
528
528
529
479
531
479
485
532
481
489
533
534
483
535
486
536
534
535
538
539
537
539
488
541
512
514
542
490
540
541
492
543
544
545
547
546
547
495
548
549
511
550
498
550
551
549
552
553
554
529
530
554
502
503
504
558
507
557
505
558
556
507
553
559
560
556
561
561
562
562
563
563
564
513
566
567
565
566
568
567
569
569
570
570
571
519
572
524
573
521
571
575
574
574
576
572
576
525
577
526
578
527
579
580
580
581
581
582
555
582
583
532
585
538
586
534
540
587
588
536
588
537
589
590
591
592
593
593
594
541
595
542
565
596
544
597
545
599
600
601
547
598
601
549
602
603
564
604
552
604
605
606
607
608
610
610
611
584
609
611
558
613
558
560
614
560
608
612
614
613
615
615
616
616
617
617
618
596
619
567
620
621
619
620
622
621
623
623
624
624
625
573
627
577
626
575
628
625
629
627
628
578
630
579
631
580
633
632
632
634
634
636
584
635
636
637
638
586
639
592
640
588
595
642
589
590
643
643
644
594
644
645
641
646
646
647
645
647
596
648
649
650
651
652
653
600
651
654
654
655
655
656
603
658
607
657
618
659
606
659
660
607
661
662
663
665
638
664
666
665
667
666
667
614
663
668
614
669
669
671
671
672
672
673
673
674
649
675
621
676
677
675
676
678
677
679
679
680
680
681
627
630
682
683
629
683
681
684
631
685
633
686
633
687
688
687
689
636
637
690
689
691
692
692
693
640
694
641
695
696
697
643
648
698
699
699
700
700
701
697
702
701
702
649
703
704
705
706
707
708
709
710
656
710
711
708
712
712
713
713
714
658
662
716
717
674
719
661
719
720
662
722
721
670
723
693
724
1677
723
725
724
726
725
726
669
670
727
728
727
729
728
731
731
732
732
733
730
733
704
734
677
735
736
734
735
737
736
739
739
740
738
740
683
685
741
684
738
742
686
744
688
743
688
745
747
745
746
691
746
748
748
749
749
750
750
1678
695
751
696
752
753
754
754
755
699
703
756
757
757
758
758
759
755
759
704
760
761
718
764
707
764
765
765
766
766
767
715
768
768
769
714
769
770
767
771
771
772
770
772
773
774
717
721
779
778
780
781
730
783
722
783
784
722
785
784
729
786
787
1685
786
788
787
788
728
790
789
790
791
782
794
789
795
795
796
794
796
761
797
736
799
798
797
799
800
742
801
798
802
801
802
742
744
803
804
744
747
806
803
746
747
805
806
807
808
808
809
809
1686
762
810
753
810
811
811
812
812
813
813
814
757
760
815
816
816
817
814
817
761
819
818
763
821
777
822
781
823
823
824
824
825
825
826
773
827
827
828
828
829
826
830
829
830
831
832
775
832
776
835
777
837
820
836
779
780
785
839
838
838
840
783
793
842
843
843
844
841
844
792
846
847
1706
846
847
790
848
850
792
849
850
851
852
794
845
854
853
848
855
853
855
818
856
799
857
858
856
858
859
804
861
857
861
804
862
860
806
807
864
862
864
865
865
866
866
1709
821
867
867
868
868
869
869
870
870
871
816
819
872
873
871
873
819
874
875
822
834
876
822
877
876
840
879
879
880
880
881
881
882
831
883
883
884
884
885
882
885
833
886
833
835
887
888
836
889
890
837
891
837
892
893
839
894
841
895
878
894
895
897
843
845
899
900
897
900
898
901
852
903
903
1742
850
904
850
851
905
906
907
907
908
854
910
898
911
904
910
874
912
858
913
914
912
914
915
861
863
916
913
863
917
916
918
917
919
919
920
920
1750
877
921
921
922
922
923
923
924
924
926
873
875
925
926
875
927
928
889
929
929
930
879
896
931
932
932
933
933
934
934
935
886
936
936
937
935
937
887
938
888
939
891
940
890
941
892
942
893
943
893
944
945
895
896
946
902
947
946
948
950
951
900
901
952
948
951
952
931
947
953
908
1784
905
909
906
954
954
955
955
956
956
1829
910
957
958
911
949
950
927
960
914
961
915
960
962
961
963
918
964
963
965
964
966
966
1797
930
967
967
968
968
969
969
971
926
928
970
971
928
972
970
941
973
973
974
932
976
975
975
977
977
978
978
979
938
980
979
980
939
981
940
982
943
983
942
984
944
985
945
986
945
987
988
947
990
989
990
991
950
959
992
993
993
994
991
994
976
989
996
957
997
997
998
998
1838
958
999
959
1000
995
1001
972
1002
962
1003
1002
1004
1003
1005
965
1006
1005
1007
1006
1856
974
1008
1008
1009
1009
1011
971
1010
1011
1010
1012
984
1013
1013
1014
976
1015
1016
1015
1017
1017
1018
1018
1019
981
1019
982
1020
983
1021
986
1022
985
1023
987
1024
988
1025
988
1026
1027
990
1028
1029
1029
1030
993
995
1031
1032
1030
1032
1031
1033
1016
1028
1034
999
1035
1035
1908
1000
1036
1001
1037
1033
1038
1012
1040
1004
1041
1040
1042
1041
1043
1007
1945
1043
2058
1014
1045
1045
1046
1011
1047
1046
1048
1049
1023
1050
1050
1051
1016
1053
1052
1053
1054
1054
1055
1020
1055
1021
1056
1022
1057
1025
1058
1024
1059
1026
1060
1027
1061
1027
1062
1063
1029
1065
1064
1064
1066
1032
1067
1066
1067
1068
1052
1065
1070
1036
2010
1037
2127
1038
2135
1068
2138
1044
1071
1072
1937
1049
1073
1042
1074
1073
1075
1074
2060
1076
1077
1992
1051
1079
1079
1080
1048
1080
1081
1081
1082
1082
1083
1059
1084
1084
1085
1053
1086
1087
1087
1088
1056
1088
1057
1089
1058
1090
1061
1091
1060
1092
1062
1093
1063
1094
1063
1096
1095
1065
1097
1069
1097
1098
1098
1099
1099
2140
1070
1100
1101
1086
1102
1103
1104
2051
1077
1104
1105
1083
1106
1075
2183
1106
2299
1078
1107
2112
1107
1108
1109
1110
2118
1080
1085
1111
1111
1112
1112
1113
1113
1114
1092
1115
1115
1116
1087
1117
1118
1089
1118
1090
1119
1091
1120
1094
1121
1093
1122
1096
1123
1095
1124
1096
1125
1126
1100
1127
1127
1128
1128
2237
1129
1130
1102
1129
1131
1117
1132
1133
1134
2177
1134
1135
1108
1135
1136
1114
2301
1110
1139
1139
1140
1138
1141
2235
1141
1142
1116
1143
1143
1144
1144
1145
1145
2410
1122
1147
1146
1147
1118
1149
1119
1120
1150
1121
1151
1124
1152
1123
1148
1126
1154
1125
1155
1126
1156
1157
1130
1158
1158
2352
1131
1159
1159
1160
1132
1161
1149
1162
1137
1163
2293
1163
1164
1164
1165
1140
1165
1166
1167
1168
2298
1169
1170
2350
1142
1171
1171
1172
1170
1173
1173
1174
1146
1175
1175
1176
1176
2461
1147
1177
1148
1153
1178
1150
1180
1151
1181
1152
1182
1155
1183
1154
1179
1184
1157
1185
1156
1186
1157
1187
1188
1160
2463
1161
1189
1189
2571
1162
1190
1180
1191
1168
1193
1193
1194
1194
1195
1172
1195
1196
1192
1197
2409
1197
1198
1199
1200
2459
1200
1201
1174
1202
1202
1203
1201
1204
1204
1205
1177
1206
1206
2567
1178
1207
1179
1208
1184
1209
1181
1210
1182
1211
1183
1212
1186
1213
1185
1214
1188
1215
1187
1216
1188
1217
1218
1190
2579
1191
2688
1210
2692
1219
1220
2517
1198
1221
1221
1222
1222
1223
1203
1223
1224
1220
1225
1225
1226
1227
1228
2565
1228
1229
1229
1230
1205
1231
1231
1232
1230
1233
1233
1234
1207
2674
1208
2786
1209
2793
1214
2795
1211
2694
1212
2799
1213
2801
1216
2803
1215
2797
1218
2807
1217
2805
1218
2811
2809
1235
1236
2624
1236
1237
1226
1238
1238
1239
1239
1240
1232
1240
1241
1237
1242
1242
1243
1244
1245
2672
1245
1246
1246
1247
1247
1248
1234
1249
1249
1250
1248
1251
1251
1252
1253
1254
2738
1254
1255
1255
1256
1243
1257
1257
1258
1258
1259
1250
1259
1256
1260
1260
1261
1262
1263
2782
1263
1264
1264
1265
1265
1266
1266
1267
1252
1268
1268
1267
1269
1269
3033
1270
1271
2870
1271
1272
1272
1273
1273
1274
1261
1275
1275
1276
1276
1274
1277
1277
1278
1279
1280
2911
1280
1281
1281
1282
1282
1283
1283
1284
1284
1285
3033
1285
1286
1287
1288
2990
1288
1289
1289
1290
1290
1291
1291
1292
1278
1293
1293
1292
1294
1294
3216
1295
1296
3030
1296
1297
1297
1298
1298
1299
1299
1300
1300
1301
1301
1302
1302
3033
1303
1304
3107
1304
1305
1305
1306
1306
1307
1307
1308
1308
1309
3216
1309
1310
1311
1312
3145
1312
1313
1313
1314
1314
1315
1315
1316
1316
1317
1317
1318
1318
1319
1320
3215
1320
1321
1321
1322
1322
1323
1323
1324
1324
1325
1325
1326
1326
3216
1327
1328
3252
1328
1329
1329
1330
1330
1331
1331
1332
1332
1333
1333
1334
1334
1335
1336
3316
1336
1337
1337
1338
1338
1339
1339
1340
1340
1341
1341
1342
1342
1343
1344
3349
1344
1345
1345
1346
1346
1347
1347
1348
1348
1349
1349
1350
1350
1351
1352
3409
1352
1353
1353
1354
1354
1355
1355
1356
1356
1357
1357
1358
1358
1359
1360
3441
1360
1361
1361
1362
1362
1363
1363
1364
1364
1365
1365
1366
1366
1367
1368
3497
1368
1369
1369
1370
1370
1371
1371
1372
1372
1373
1373
1374
1374
1375
1376
3529
1376
1377
1377
1378
1378
1379
1379
1380
1380
1381
1381
1382
1382
1383
1384
3579
1384
1385
1385
1386
1386
1387
1387
1388
1388
1389
1389
1390
1390
1391
1392
3609
1392
1393
1393
1394
1394
1395
1395
1396
1396
1397
1397
1398
1398
1399
1400
3656
1400
1401
1401
1402
1402
1403
1403
1404
1404
1405
1405
1406
1406
1407
1408
3683
1408
1409
1409
1410
1410
1411
1411
1412
1412
1413
1413
1414
1414
1415
1416
3728
1416
1417
1417
1418
1418
1419
1419
1420
1420
1421
1421
1422
1422
1423
1424
3752
1424
1425
1425
1426
1426
1427
1427
1428
1428
1429
1429
1430
1430
1431
1432
3793
1432
1433
1433
1434
1434
1435
1435
1436
1436
1437
1437
1438
1438
1439
1440
3812
1440
1441
1441
1442
1442
1443
1443
1444
1444
1445
1445
1446
1446
1447
1448
3848
1448
1449
1449
1450
1450
1451
1451
1452
1452
1453
1453
1454
1454
1455
1456
3863
1456
1457
1457
1458
1458
1459
1459
1460
1460
1461
1461
1462
1462
1463
1464
3895
1464
1465
1465
1466
1466
1467
1467
1468
1468
1469
1469
1470
1470
1471
1472
3907
1472
1473
1473
1474
1474
1475
1475
1476
1476
1477
1477
1478
1478
1479
1480
3933
1480
1481
1481
1482
1482
1483
1483
1484
1484
1485
1485
1486
1486
1487
1488
3946
1488
1489
1489
1490
1490
1491
1491
1492
1492
1493
1493
1494
1494
1495
1496
3968
1496
1497
1497
1498
1498
1499
1499
1500
1500
1501
1501
1502
1502
1503
1504
3980
1504
1505
1505
1506
1506
1507
1507
1508
1508
1509
1509
1510
1510
1511
1512
4000
1512
1513
1513
1514
1514
1515
1515
1516
1516
1517
1517
1518
1518
1519
1520
4011
1520
1521
1521
1522
1522
1523
1523
1524
1524
1525
1525
1526
1526
1527
1528
4030
1528
1529
1529
1530
1530
1531
1531
1532
1532
1533
1533
1534
1534
1536
1537
4039
1537
1538
1538
1539
1539
1540
1540
1541
1541
1542
1542
1543
1543
1544
1545
4054
1545
1546
1546
1547
1547
1548
1548
1549
1549
1550
1550
1551
1551
1536
1552
1553
4061
1554
4062
1554
1555
1555
1556
1556
1557
1557
1558
1558
1559
1559
1560
1560
1561
1562
4074
1562
1563
1563
1564
1564
1565
1565
1566
1566
1567
1567
1568
1568
1570
1571
4080
1554
1571
1572
1573
1573
1574
1574
1575
1575
1576
1576
1577
1577
1578
1578
1569
1579
4088
1579
1580
1580
1581
1581
1582
1582
1583
1583
1584
1584
1585
1585
1586
1587
4091
1588
1589
4095
1589
1590
1573
1590
1591
1592
1592
1593
1593
1594
1594
1595
1595
1596
1596
1586
1599
1599
1600
1600
1601
1601
1602
1602
1603
1603
1604
1604
1605
1606
1597
1606
4101
1598
1607
4103
1607
1608
1608
1609
1592
1609
1610
1611
1611
1612
1612
1613
1613
1614
1614
1598
1615
4104
1616
4106
1605
1617
1617
1618
1618
1619
1619
1620
1620
1621
1621
1622
1623
1615
1623
1616
1624
1624
1625
1625
1626
1611
1626
1627
1628
1628
1629
1629
1630
1630
1616
1631
1632
1622
1633
1633
1634
1634
1635
1635
1636
1636
1637
1638
1631
1638
1632
1639
1639
1640
1640
1641
1628
1641
1642
1643
1643
1644
1644
1632
1645
1646
1637
1647
1647
1648
1648
1649
1649
1650
1651
1645
1651
1646
1652
1652
1653
1653
1654
1643
1654
4107
1655
1655
1646
1656
1657
1650
1658
1658
1659
1659
1660
1661
1656
1661
1657
1662
1662
1663
1663
1664
4107
1657
1665
1666
1660
1667
1667
1668
4108
1665
1668
1666
1669
1669
1670
1670
4107
1666
1671
1672
4108
1671
1673
1672
1674
1674
1672
1675
1676
1675
4108
1676
1676
1679
1683
1679
1687
1680
1681
1689
1682
1684
1691
1700
1684
1685
1702
1704
1687
1710
1688
1689
1712
1690
1691
1714
1692
1698
1716
1694
1719
1728
1695
1722
1696
1730
1697
1724
1707
1732
1699
1701
1718
1727
1701
1703
1734
1703
1705
1736
1705
1706
1738
1740
1708
1726
1733
1748
1710
1751
1711
1712
1753
1713
1714
1755
1715
1716
1757
1717
1718
1759
1719
1720
1721
1760
1722
1763
1723
1724
1765
1725
1726
1767
1745
1728
1735
1729
1730
1774
1731
1732
1776
1733
1743
1735
1737
1773
1737
1739
1778
1739
1741
1780
1741
1742
1782
1785
1744
1777
1747
1788
1746
1749
1769
1771
1748
1791
1749
1793
1751
1798
1752
1753
1800
1754
1755
1802
1756
1757
1804
1758
1759
1806
1760
1761
1762
1808
1763
1809
1764
1765
1812
1766
1767
1814
1768
1769
1815
1770
1772
1818
1772
1792
1820
1774
1779
1775
1776
1826
1777
1787
1779
1781
1825
1781
1783
1831
1783
1786
1833
1785
1830
1786
1836
1788
1828
1789
1790
1841
1791
1847
1795
1794
1821
1794
1796
1851
1796
1849
1850
1798
1857
1799
1800
1859
1801
1802
1861
1803
1804
1863
1805
1806
1864
1807
1808
1867
1810
1810
1811
1869
1812
1870
1813
1814
1873
1815
1816
1817
1875
1818
1881
1819
1820
1883
1823
1822
1823
1824
1853
1884
1844
1885
1826
1832
1827
1828
1898
1840
1830
1839
1835
1832
1834
1897
1834
1837
1903
1836
1902
1837
1906
1839
1909
1901
1841
1900
1842
1846
1913
1844
1845
1879
1852
1877
1923
1847
1914
1848
1849
1929
1854
1851
1855
1853
1853
1922
1855
1931
1933
1857
1946
1858
1859
1948
1860
1861
1950
1862
1863
1952
1865
1865
1866
1954
1867
1955
1868
1869
1958
1871
1871
1872
1960
1873
1962
1874
1876
1966
1876
1880
1969
1878
1921
1879
1970
1887
1881
1968
1882
1883
1977
1886
1885
1886
1888
1978
1888
1975
1981
1891
1917
1984
1891
1893
1936
1989
1896
1940
1942
1894
1993
1895
1939
1896
2000
1997
1898
1904
1899
1900
2002
1912
1902
1911
1905
1904
1907
2001
1906
2006
1907
2008
1909
2011
1910
1911
2013
2005
1913
2004
1915
1916
1927
1916
2018
2020
1918
1935
1986
2024
1920
1971
2023
1921
2028
1925
1923
1934
1924
1925
2036
2031
1928
2021
2038
1928
1929
2040
1930
1931
2042
1932
1933
2044
1934
2034
1936
2026
1938
1991
2049
1939
2047
1940
1944
1942
1996
2050
1943
1944
2057
2054
1946
2059
1947
1948
2063
1949
1950
2065
1951
1952
2067
1953
1954
2069
1956
1956
1957
2070
1958
2071
1959
1960
1961
1963
2074
2075
1963
1964
2076
1965
2081
1966
2086
1967
1969
2088
1969
1976
1971
1974
1973
1973
1983
2025
2092
1975
2091
1980
1977
2090
1979
1979
1982
2098
1981
2096
1982
2100
1985
2093
1986
1987
1986
2102
1988
2105
1990
2107
1990
1994
2111
1992
1995
2112
1994
1998
2109
1996
2113
1997
1999
2000
2114
2000
2117
2002
2009
2003
2004
2121
2016
2006
2015
2007
2008
2124
2009
2120
2011
2128
2012
2013
2130
2014
2015
2132
2123
2017
2119
2018
2143
2019
2020
2022
2021
2032
2144
2146
2025
2029
2025
2027
2027
2046
2150
2029
2030
2151
2031
2154
2033
2037
2145
2035
2152
2036
2045
2036
2161
2038
2157
2039
2040
2163
2041
2042
2165
2043
2044
2167
2045
2159
2047
2048
2052
2149
2170
2050
2051
2056
2175
2053
2171
2054
2179
2055
2057
2181
2057
2176
2059
2061
2062
2061
2184
2185
2063
2186
2064
2065
2190
2066
2067
2192
2068
2069
2194
2072
2071
2072
2073
2196
2074
2197
2078
2076
2079
2077
2080
2082
2079
2200
2202
2084
2203
2082
2085
2083
2084
2208
2205
2086
2207
2087
2088
2211
2089
2090
2214
2097
2092
2095
2094
2094
2103
2219
2096
2218
2099
2098
2216
2101
2100
2221
2101
2224
2103
2104
2217
2106
2226
2106
2108
2230
2108
2110
2228
2111
2115
2111
2231
2113
2118
2115
2116
2233
2117
2235
2118
2122
2126
2121
2125
2122
2239
2124
2134
2125
2242
2142
2240
2128
2136
2129
2130
2247
2131
2132
2249
2133
2134
2251
2241
2136
2137
2246
2138
2254
2139
2140
2257
2238
2142
2245
2261
2143
2144
2148
2146
2155
2147
2148
2265
2263
2150
2169
2151
2153
2154
2158
2154
2269
2156
2264
2157
2273
2162
2160
2268
2161
2168
2161
2276
2163
2275
2164
2165
2281
2166
2167
2283
2168
2278
2173
2270
2171
2172
2174
2173
2289
2286
2178
2290
2176
2177
2182
2293
2179
2292
2180
2181
2296
2182
2294
2184
2300
2187
2186
2188
2189
2188
2304
2305
2190
2306
2191
2192
2310
2193
2194
2312
2195
2196
2314
2197
2198
2199
2317
2200
2315
2201
2202
2321
2203
2204
2206
2322
2206
2210
2324
2208
2212
2209
2210
2327
2325
2212
2213
2328
2214
2331
2215
2216
2334
2222
2219
2227
2219
2220
2221
2337
2223
2225
2335
2224
2339
2225
2342
2227
2229
2336
2230
2232
2230
2344
2232
2234
2346
2234
2236
2348
2236
2350
2238
2353
2259
2240
2243
2244
2242
2253
2243
2357
2245
2358
2260
2247
2255
2248
2249
2362
2250
2251
2364
2252
2253
2366
2356
2255
2256
2361
2257
2369
2258
2259
2371
2355
2261
2360
2262
2263
2376
2267
2265
2271
2266
2267
2381
2377
2269
2277
2270
2285
2272
2380
2273
2388
2274
2275
2390
2280
2277
2279
2386
2279
2284
2396
2281
2393
2282
2283
2398
2284
2394
2287
2385
2287
2288
2400
2289
2402
2290
2291
2292
2405
2295
2294
2298
2296
2407
2297
2298
2409
2300
2302
2303
2302
2411
2412
2304
2413
2307
2306
2308
2309
2308
2417
2418
2310
2419
2311
2312
2423
2313
2314
2425
2316
2319
2320
2317
2427
2318
2319
2431
2429
2321
2428
2322
2323
2324
2433
2326
2326
2330
2439
2328
2329
2332
2330
2440
2435
2332
2333
2441
2334
2444
2335
2340
2337
2345
2338
2339
2450
2341
2343
2447
2342
2451
2343
2453
2345
2347
2449
2347
2349
2455
2349
2351
2457
2351
2459
2353
2464
2354
2355
2466
2373
2357
2367
2358
2359
2360
2470
2375
2362
2368
2363
2364
2475
2365
2366
2477
2367
2469
2369
2474
2370
2371
2480
2372
2373
2482
2468
2375
2379
2471
2376
2378
2378
2383
2487
2473
2486
2381
2384
2382
2383
2492
2488
2387
2491
2386
2401
2395
2388
2497
2389
2390
2501
2391
2392
2503
2393
2505
2397
2396
2399
2396
2499
2398
2506
2399
2509
2401
2403
2498
2403
2404
2510
2405
2512
2406
2407
2515
2408
2409
2517
2411
2462
2414
2413
2415
2416
2415
2519
2520
2417
2521
2420
2419
2421
2422
2421
2525
2526
2423
2527
2424
2425
2530
2426
2427
2534
2430
2429
2434
2432
2431
2536
2432
2538
2434
2436
2537
2438
2443
2437
2541
2439
2548
2439
2544
2441
2442
2445
2443
2551
2543
2445
2446
2550
2447
2554
2448
2454
2557
2450
2456
2451
2452
2453
2561
2454
2558
2456
2458
2560
2458
2460
2563
2460
2565
2462
2568
2518
2464
2572
2465
2466
2574
2467
2468
2576
2484
2470
2478
2471
2472
2473
2584
2485
2475
2479
2476
2477
2586
2478
2583
2480
2585
2481
2482
2589
2483
2484
2591
2577
2489
2581
2487
2490
2488
2494
2490
2595
2599
2492
2495
2493
2494
2600
2598
2496
2601
2497
2606
2500
2499
2511
2508
2501
2609
2502
2503
2613
2504
2505
2615
2506
2507
2509
2618
2509
2611
2511
2513
2610
2513
2514
2619
2515
2622
2516
2517
2624
2519
2570
2522
2521
2523
2524
2523
2626
2627
2525
2628
2528
2527
2529
2531
2529
2632
2633
2532
2533
2532
2634
2638
2534
2637
2535
2536
2643
2539
2538
2542
2540
2540
2641
2647
2542
2545
2646
2544
2549
2547
2546
2650
2548
2656
2548
2654
2552
2653
2551
2555
2553
2553
2660
2662
2555
2556
2661
2557
2665
2559
2559
2562
2668
2561
2564
2562
2670
2564
2566
2669
2566
2672
2568
2675
2569
2570
2677
2625
2572
2580
2573
2574
2681
2575
2576
2683
2578
2578
2593
2685
2580
2689
2680
2582
2594
2584
2697
2584
2587
2586
2588
2587
2698
2589
2700
2590
2591
2703
2592
2593
2705
2684
2595
2696
2596
2597
2710
2599
2714
2599
2602
2601
2603
2604
2603
2715
2716
2605
2717
2606
2607
2608
2721
2722
2609
2723
2612
2611
2620
2617
2613
2727
2614
2615
2731
2616
2618
2734
2618
2729
2620
2621
2728
2622
2736
2623
2624
2738
2626
2679
2629
2628
2630
2631
2630
2740
2741
2632
2742
2635
2634
2636
2639
2636
2746
2747
2638
2642
2640
2640
2748
2752
2645
2648
2643
2751
2644
2645
2760
2756
2647
2651
2649
2649
2755
2763
2651
2652
2762
2657
2764
2654
2658
2655
2656
2769
2657
2766
2659
2768
2660
2774
2663
2662
2666
2664
2664
2776
2778
2666
2667
2777
2668
2780
2671
2670
2673
2671
2784
2673
2782
2675
2787
2676
2677
2789
2678
2679
2791
2739
2681
2691
2682
2683
2815
2687
2686
2701
2686
2687
2818
2817
2689
2693
2690
2691
2822
2814
2693
2695
2821
2695
2800
2825
2697
2709
2699
2699
2700
2830
2702
2706
2707
2703
2832
2704
2705
2836
2706
2833
2708
2834
2819
2839
2711
2831
2711
2712
2843
2713
2845
2714
2849
2715
2718
2717
2719
2720
2719
2850
2851
2721
2852
2724
2723
2725
2726
2725
2856
2858
2727
2857
2730
2729
2735
2733
2731
2863
2732
2734
2868
2734
2865
2736
2864
2737
2738
2870
2740
2785
2743
2742
2744
2745
2744
2872
2874
2746
2873
2749
2748
2750
2753
2750
2879
2880
2752
2757
2754
2754
2881
2887
2756
2761
2758
2759
2886
2760
2889
2760
2891
2763
2888
2763
2765
2765
2767
2895
2767
2771
2896
2769
2772
2770
2771
2902
2898
2773
2900
2774
2904
2775
2776
2907
2779
2778
2781
2779
2909
2781
2783
2908
2784
2784
2911
2792
2871
2787
2794
2788
2789
2917
2790
2791
2919
2792
2914
2794
2796
2916
2796
2798
2921
2798
2808
2923
2800
2802
2827
2802
2804
2927
2804
2806
2929
2806
2812
2931
2808
2810
2925
2810
2813
2935
2812
2813
2933
2937
2815
2824
2816
2817
2941
2820
2819
2820
2829
2943
2822
2826
2823
2824
2946
2940
2826
2828
2945
2828
2928
2949
2841
2944
2831
2832
2842
2835
2834
2837
2838
2836
2957
2837
2960
2839
2958
2840
2841
2963
2954
2844
2956
2844
2846
2967
2846
2847
2966
2848
2969
2849
2973
2850
2853
2852
2854
2855
2854
2974
2975
2856
2976
2860
2859
2862
2859
2861
2981
2861
2980
2983
2863
2982
2866
2865
2869
2867
2868
2988
2868
2991
2870
2990
2872
2913
2876
2875
2878
2875
2877
2995
2877
2993
2997
2879
2996
2882
2881
2883
2885
2883
2884
3002
3001
3007
2887
3003
2887
2890
2889
2894
2892
2891
3010
2893
2893
3013
3015
2895
3012
2897
2897
2899
3019
2899
2901
3020
2902
2903
2902
3022
2905
3024
2905
2906
3026
2907
3028
2910
2909
2912
2910
3032
2912
3030
2915
2992
2915
2920
3034
2917
2922
2918
2919
3039
2920
3036
2922
2924
3038
2924
2926
3041
2926
2936
3043
2928
2930
2951
2930
2932
3047
2932
2934
3049
2934
2938
3051
2936
2939
3045
2938
2939
3053
3055
2941
2948
2942
2943
3059
2944
2953
2946
2950
2947
2948
3063
3058
2950
2952
3062
2952
3048
3066
2955
3060
2955
2965
3070
2957
2968
2959
2961
2962
2960
3077
2961
3078
2963
3075
2964
2965
3084
3072
2967
2970
2968
3076
2970
2971
3086
2972
3088
2973
3090
2974
2977
2976
2978
2979
2978
3092
3094
2980
3095
2985
2982
2984
2987
2984
2986
3101
2986
3099
3104
2988
3102
2989
2991
3107
2991
2993
3035
2994
2999
3111
2996
2998
3000
2998
2999
3116
3108
3001
3114
3004
3003
3005
3011
3006
3117
3008
3120
3007
3122
3008
3009
3124
3126
3011
3014
3119
3013
3018
3016
3015
3129
3017
3017
3132
3134
3019
3131
3021
3021
3023
3138
3023
3025
3136
3025
3027
3139
3027
3029
3141
3029
3031
3143
3032
3032
3145
3035
3037
3109
3037
3040
3147
3039
3042
3040
3150
3042
3044
3149
3044
3046
3152
3046
3057
3154
3048
3050
3068
3050
3052
3158
3052
3054
3160
3054
3056
3162
3056
3057
3164
3156
3059
3065
3060
3061
3071
3169
3063
3067
3064
3065
3172
3168
3067
3069
3171
3069
3159
3175
3071
3073
3167
3073
3082
3179
3075
3083
3186
3079
3077
3087
3080
3079
3081
3185
3081
3189
3191
3085
3182
3084
3184
3085
3193
3087
3089
3188
3089
3091
3198
3091
3093
3203
3093
3096
3200
3095
3097
3098
3097
3204
3208
3099
3207
3100
3103
3210
3102
3105
3106
3104
3212
3105
3214
3107
3215
3113
3115
3110
3148
3111
3222
3112
3113
3224
3219
3116
3118
3116
3217
3118
3121
3227
3120
3130
3123
3122
3229
3125
3124
3232
3128
3126
3234
3127
3128
3238
3236
3130
3133
3231
3132
3137
3135
3134
3240
3135
3243
3138
3140
3138
3242
3140
3142
3246
3142
3144
3248
3144
3146
3250
3146
3252
3148
3151
3218
3150
3153
3151
3256
3153
3155
3255
3155
3157
3259
3157
3166
3261
3159
3161
3177
3161
3163
3265
3163
3165
3267
3165
3166
3269
3263
3170
3180
3169
3173
3170
3274
3172
3176
3174
3174
3273
3277
3176
3178
3278
3178
3266
3281
3180
3183
3181
3275
3283
3183
3194
3286
3187
3195
3186
3192
3187
3290
3189
3199
3190
3191
3295
3192
3292
3194
3196
3288
3196
3197
3297
3291
3299
3199
3202
3294
3201
3205
3203
3306
3203
3303
3205
3206
3305
3208
3309
3208
3209
3210
3311
3211
3212
3314
3213
3214
3316
3215
3220
3228
3221
3254
3220
3226
3318
3222
3320
3223
3224
3325
3225
3226
3326
3322
3228
3230
3317
3230
3233
3329
3232
3241
3235
3234
3331
3237
3236
3334
3239
3238
3336
3239
3338
3241
3244
3333
3243
3247
3245
3245
3340
3344
3247
3249
3342
3249
3251
3345
3251
3253
3347
3253
3349
3257
3321
3256
3260
3257
3258
3351
3354
3260
3262
3353
3262
3264
3357
3264
3271
3359
3266
3268
3272
3268
3270
3364
3270
3271
3365
3361
3282
3363
3274
3276
3275
3279
3277
3372
3278
3280
3284
3373
3281
3374
3282
3369
3284
3285
3368
3287
3380
3287
3289
3381
3289
3298
3383
3291
3293
3301
3293
3296
3387
3295
3304
3296
3390
3298
3300
3385
3300
3302
3392
3302
3388
3394
3304
3308
3389
3306
3310
3307
3308
3402
3399
3310
3312
3401
3312
3313
3405
3314
3407
3315
3316
3409
3319
3330
3319
3323
3412
3321
3324
3352
3323
3328
3414
3325
3416
3326
3327
3328
3420
3418
3330
3332
3411
3332
3335
3423
3334
3341
3339
3336
3425
3337
3338
3431
3339
3427
3341
3343
3429
3344
3346
3344
3435
3346
3348
3437
3348
3350
3439
3350
3441
3352
3356
3417
3354
3358
3355
3356
3446
3443
3358
3360
3445
3360
3362
3449
3362
3367
3452
3364
3370
3366
3366
3367
3456
3451
3375
3379
3370
3378
3371
3455
3461
3373
3374
3376
3377
3376
3459
3464
3378
3466
3460
3380
3458
3382
3382
3384
3469
3384
3386
3472
3386
3393
3475
3388
3391
3396
3390
3400
3391
3480
3393
3395
3477
3395
3398
3483
3397
3481
3398
3486
3482
3400
3404
3479
3402
3406
3403
3404
3493
3490
3406
3408
3492
3408
3410
3495
3410
3497
3413
3424
3413
3415
3499
3415
3419
3502
3417
3421
3444
3419
3422
3504
3421
3422
3507
3508
3424
3426
3500
3426
3430
3512
3428
3433
3429
3517
3436
3431
3515
3432
3433
3521
3434
3518
3522
3436
3438
3519
3438
3440
3525
3440
3442
3527
3442
3529
3444
3448
3506
3446
3450
3447
3448
3534
3531
3450
3453
3533
3452
3454
3453
3538
3457
3537
3456
3463
3457
3542
3459
3471
3465
3461
3468
3462
3463
3548
3541
3465
3466
3545
3467
3468
3551
3547
3470
3473
3471
3555
3544
3473
3476
3474
3554
3559
3476
3478
3558
3478
3484
3562
3480
3489
3481
3485
3483
3488
3484
3564
3486
3567
3487
3488
3571
3568
3491
3566
3491
3494
3573
3493
3496
3494
3575
3496
3498
3577
3498
3579
3500
3503
3501
3513
3582
3503
3505
3581
3505
3509
3584
3507
3532
3510
3509
3511
3586
3511
3588
3590
3513
3516
3514
3583
3595
3516
3520
3594
3518
3519
3524
3526
3521
3599
3522
3523
3524
3604
3601
3526
3528
3602
3528
3530
3607
3530
3609
3532
3536
3589
3534
3539
3535
3536
3615
3612
3538
3540
3539
3614
3543
3619
3542
3546
3543
3618
3545
3557
3550
3549
3621
3548
3553
3549
3628
3551
3626
3552
3553
3631
3627
3555
3560
3556
3557
3634
3625
3559
3563
3561
3561
3633
3639
3563
3565
3637
3565
3569
3642
3567
3574
3570
3569
3572
3644
3571
3647
3572
3648
3574
3576
3646
3576
3578
3652
3578
3580
3654
3580
3656
3582
3585
3583
3593
3585
3587
3658
3587
3592
3661
3589
3591
3611
3591
3592
3666
3660
3597
3659
3595
3600
3596
3598
3672
3598
3670
3674
3600
3603
3671
3602
3606
3608
3604
3676
3605
3606
3681
3678
3608
3610
3679
3610
3683
3613
3664
3613
3617
3685
3615
3620
3616
3617
3690
3687
3619
3622
3620
3623
3622
3624
3693
3689
3694
3629
3692
3626
3636
3630
3628
3632
3629
3699
3631
3702
3632
3704
3634
3641
3635
3636
3707
3701
3638
3643
3639
3712
3640
3641
3714
3706
3643
3645
3710
3645
3649
3717
3647
3653
3650
3649
3651
3719
3651
3722
3724
3653
3655
3721
3655
3657
3726
3657
3728
3659
3663
3668
3662
3667
3662
3663
3733
3730
3665
3686
3666
3737
3667
3732
3669
3731
3670
3742
3673
3672
3677
3675
3674
3744
3675
3747
3677
3680
3745
3679
3682
3684
3681
3748
3682
3751
3684
3752
3686
3688
3736
3688
3691
3755
3690
3698
3691
3758
3693
3695
3694
3696
3700
3761
3697
3762
3698
3765
3757
3700
3705
3754
3702
3709
3703
3704
3771
3705
3768
3707
3716
3708
3709
3774
3770
3711
3718
3712
3780
3713
3714
3782
3715
3716
3784
3773
3718
3720
3778
3720
3725
3786
3722
3727
3723
3724
3791
3725
3788
3727
3729
3790
3729
3793
3731
3735
3740
3733
3739
3734
3735
3798
3795
3737
3753
3738
3739
3801
3797
3741
3796
3742
3805
3743
3744
3807
3746
3747
3749
3747
3809
3749
3750
3810
3751
3812
3752
3756
3800
3760
3769
3756
3759
3814
3758
3767
3759
3819
3761
3763
3762
3764
3817
3823
3765
3824
3766
3767
3826
3818
3769
3772
3816
3771
3776
3772
3828
3774
3777
3775
3776
3833
3830
3785
3832
3779
3787
3780
3840
3781
3782
3842
3783
3784
3844
3785
3837
3787
3789
3839
3789
3792
3846
3791
3794
3792
3849
3794
3848
3796
3799
3803
3798
3802
3799
3851
3801
3813
3802
3854
3804
3852
3805
3858
3806
3807
3860
3808
3809
3862
3810
3811
3812
3863
3815
3853
3815
3820
3864
3817
3829
3821
3819
3827
3820
3866
3822
3869
3823
3873
3824
3825
3826
3875
3827
3870
3829
3831
3868
3831
3835
3877
3833
3836
3834
3835
3883
3880
3838
3882
3838
3845
3886
3840
3847
3841
3842
3891
3843
3844
3893
3845
3888
3847
3850
3890
3849
3850
3895
3852
3855
3856
3854
3865
3855
3897
3857
3898
3858
3903
3859
3860
3905
3861
3862
3907
3863
3865
3867
3899
3867
3871
3908
3869
3878
3872
3871
3876
3910
3873
3913
3874
3875
3917
3876
3914
3878
3881
3879
3912
3922
3881
3885
3921
3883
3887
3884
3885
3927
3924
3887
3889
3926
3889
3894
3929
3891
3896
3892
3893
3934
3894
3931
3896
3933
3898
3900
3901
3900
3909
3936
3902
3937
3903
3942
3904
3905
3944
3906
3907
3946
3909
3911
3938
3911
3915
3947
3913
3919
3916
3915
3918
3949
3917
3952
3918
3954
3920
3923
3951
3957
3922
3925
3923
3956
3925
3928
3960
3927
3930
3928
3962
3930
3932
3964
3932
3935
3966
3934
3935
3968
3937
3939
3940
3939
3948
3970
3941
3971
3942
3976
3943
3944
3978
3945
3946
3980
3948
3950
3972
3950
3955
3982
3952
3959
3953
3954
3987
3955
3984
3957
3961
3958
3959
3990
3981
3961
3963
3989
3963
3965
3994
3965
3967
3996
3967
3969
3998
3969
4000
3971
3973
3974
3973
3983
4003
3975
4004
3976
4007
3977
3978
4009
3979
3980
4011
3986
3993
3983
3985
4002
3985
3988
4014
3987
4013
3988
4017
3990
3995
3991
3992
4020
3993
4022
4012
3995
3997
4019
3997
3999
4026
3999
4001
4028
4001
4030
4003
4015
4004
4005
4006
4033
4007
4035
4008
4009
4037
4010
4011
4039
4013
4023
4016
4015
4018
4032
4017
4041
4018
4043
4020
4027
4021
4022
4046
4024
4025
4040
4025
4047
4050
4027
4029
4045
4029
4031
4052
4031
4054
4033
4044
4034
4035
4057
4036
4037
4059
4038
4039
4062
4041
4048
4042
4043
4064
4044
4056
4046
4053
4047
4049
4051
4063
4050
4070
4051
4072
4053
4055
4069
4055
4074
4057
4067
4058
4059
4077
4060
4061
4062
4079
4064
4068
4065
4066
4082
4067
4084
4076
4073
4081
4070
4075
4071
4072
4089
4073
4086
4075
4088
4077
4085
4078
4079
4093
4080
4095
4082
4087
4083
4084
4097
4085
4092
4087
4090
4096
4089
4090
4091
4099
4093
4098
4094
4095
4103
4097
4100
4098
4102
4100
4101
4105
4104
4103
4106
4105
4106
)


// ************************************************************************* //
