/*--------------------------------*- C++ -*----------------------------------*\
  =========                 |
  \\      /  F ield         | OpenFOAM: The Open Source CFD Toolbox
   \\    /   O peration     | Website:  https://openfoam.org
    \\  /    A nd           | Version:  8
     \\/     M anipulation  |
\*---------------------------------------------------------------------------*/
FoamFile
{
    version     2.0;
    format      ascii;
    class       surfaceScalarField;
    location    "0.022";
    object      phi;
}
// * * * * * * * * * * * * * * * * * * * * * * * * * * * * * * * * * * * * * //

dimensions      [0 3 -1 0 0 0 0];

internalField   nonuniform List<scalar> 
1107
(
0.000315968
-0.000643275
0.00063342
-0.000306113
0.000616955
-0.000300988
-2.96266e-05
0.000646582
0.000304973
0.000538613
-0.000106573
-0.000737013
-0.000968386
0.000630085
-9.73433e-05
0.000701136
0.000286075
-5.35755e-05
-1.49121e-05
-3.71642e-05
0.000683746
-3.33031e-05
1.44418e-05
-8.77119e-05
0.000180552
-0.000148363
-6.54927e-05
0.00030023
-0.000856691
-0.00126692
0.000598766
-0.000206595
0.000739337
0.000760223
-9.62513e-05
4.15613e-05
0.000813625
-9.49631e-05
3.60084e-06
-4.27345e-05
-1.13113e-05
0.000725307
0.00085123
2.977e-05
-6.73746e-05
6.45605e-05
-0.000126928
-8.59949e-05
2.51832e-05
-4.83346e-05
0.00022653
-0.000139756
-0.000213702
0.000277408
-0.00011637
0.000296348
-0.000875631
-0.00150907
0.000538494
-0.000364601
0.000756772
0.000827112
-0.000184026
0.000896425
-0.000164276
5.22342e-06
-2.27748e-05
-6.08785e-06
-2.18283e-05
0.000862848
1.02103e-05
0.000755077
0.000942205
-0.000113155
0.000958734
-3.83577e-05
0.000947062
-2.39216e-05
3.55943e-05
3.52357e-05
-7.2405e-05
-4.88256e-05
1.35578e-05
-2.66566e-05
-8.16857e-05
-0.000130475
0.000320644
-0.000213455
-0.000320891
0.000396255
-0.000191981
0.000306074
-0.00078545
0.000457984
-0.00166098
-0.000566747
0.000740641
0.000877775
-0.00030503
0.000963326
-0.000249827
2.98397e-06
-1.22009e-05
-3.10389e-06
8.71147e-05
0.000912743
-5.27965e-05
0.000851248
-1.23215e-05
0.000765287
0.00101894
-0.000168766
0.00104192
-6.13439e-05
0.00103097
4.65483e-05
0.000991847
0.000126236
-0.00011669
0.000927177
0.00018136
5.69483e-05
-0.00010325
-3.53837e-05
2.7371e-05
-1.92483e-05
1.03285e-05
-9.61411e-06
-0.000128479
-0.000215451
-6.13262e-05
-0.000170404
0.000686654
-0.000795417
0.000897034
-0.000461423
0.00100238
-0.000355172
2.19078e-06
-4.06323e-06
-9.13102e-07
0.000862616
-6.65627e-05
0.000822031
-2.35793e-05
0.000752966
0.00081934
-0.000145462
0.000253299
0.00106777
-0.000234154
0.00109665
-9.02226e-05
0.00108811
5.50841e-05
0.00104568
0.000168669
0.000964921
0.000262117
4.51982e-05
-3.03772e-05
-7.61472e-05
2.42144e-05
-1.43998e-05
1.1369e-05
-6.40291e-06
4.24601e-06
-2.49109e-06
0.000868833
-0.000643602
0.000992014
-0.000478353
8.76609e-07
-6.93838e-07
-3.6498e-08
0.000330856
0.00066826
-0.000179776
0.000788779
-7.16248e-05
0.000784249
-2.87811e-05
0.000729387
0.000821056
0.000397164
0.000619384
0.000532527
0.000386768
-0.00129305
0.00152567
0.00106626
-0.000308404
0.00110279
-0.000126744
0.00110116
5.67098e-05
0.00105814
0.000211688
0.000959973
0.000360285
-3.53884e-05
-5.5069e-05
6.00802e-05
-1.90532e-05
-3.0735e-05
-9.00899e-06
-1.64471e-05
-3.35541e-06
-8.14467e-06
-6.67004e-07
-3.38225e-06
-7.03501e-07
0.000991588
0.000342263
-0.000947084
0.000370827
-0.000995621
0.000687192
-7.81887e-05
0.000738309
-2.56852e-05
0.000700606
0.000783266
0.000573872
0.000541694
0.000774099
0.000408672
0.00165869
0.000477822
0.000922439
-5.63687e-05
-9.34689e-05
9.47686e-05
-3.0566e-05
-5.65377e-05
-1.44475e-05
-3.25656e-05
-5.35543e-06
-1.72367e-05
-1.07395e-06
-7.66372e-06
-1.77745e-06
0.000106639
0.000295193
-5.95685e-05
0.000226057
-0.000802313
0.000357541
-0.00066597
0.000680528
-2.04077e-05
0.00067492
0.000407009
0.000177452
-4.25551e-05
-0.000121833
7.09193e-05
-2.3439e-05
-7.56537e-05
-1.12992e-05
-4.47054e-05
-4.30654e-06
-2.42294e-05
-9.36639e-07
-1.10336e-05
-2.71409e-06
0.000249675
0.000196084
-0.000150566
0.000198133
-3.16447e-05
0.00013538
-0.000580152
0.000342922
-0.000328364
0.000654513
0.000286817
0.000369867
-1.31802e-05
-0.000129581
2.0928e-05
-7.51607e-06
-8.13178e-05
-3.74016e-06
-4.84814e-05
-1.51118e-06
-2.64584e-05
-3.7347e-07
-1.21713e-05
-3.08756e-06
0.00014932
0.000129999
-8.32352e-05
0.00012498
-7.74126e-05
0.000119271
-1.55366e-05
6.96475e-05
-0.000306877
0.000326149
0.000191762
0.000244375
1.45972e-05
-0.000117598
-2.65796e-05
7.45839e-06
-7.4179e-05
3.34297e-06
-4.43659e-05
1.18617e-06
-2.43016e-05
1.95609e-07
-1.11808e-05
-2.89194e-06
0.000125306
7.45655e-05
-6.98719e-05
8.20739e-05
-4.03293e-05
7.19519e-05
-3.0093e-05
5.85857e-05
-4.4748e-06
1.9272e-05
0.000113128
0.00020394
-8.33238e-05
5.72653e-05
0.000139186
1.65259e-05
-3.58777e-05
-9.82466e-05
7.788e-06
-6.54411e-05
3.35128e-06
-3.99292e-05
1.2099e-06
-2.21602e-05
2.34044e-07
-1.02049e-05
-2.65789e-06
3.68896e-05
-4.56479e-05
4.60348e-05
-3.38328e-05
4.68998e-05
-1.52772e-05
3.44019e-05
-5.90932e-06
1.47972e-05
-4.79484e-05
2.43549e-05
8.08588e-05
-2.99722e-05
5.41575e-05
-6.41145e-05
-1.18211e-05
-4.03113e-05
-2.65471e-06
-1.93713e-05
-5.3126e-06
1.49196e-05
-2.59784e-05
2.22306e-05
-2.18438e-05
2.58261e-05
-1.27591e-05
2.2207e-05
-3.0823e-06
8.88783e-06
6.86714e-06
-2.37858e-05
4.12736e-05
-2.77047e-06
6.12407e-06
7.22886e-06
-1.05825e-05
-1.21927e-05
5.25822e-05
-5.97608e-05
-1.75053e-05
2.08423e-07
-8.23766e-06
1.48964e-05
3.7222e-06
-1.25885e-05
8.55427e-06
-1.2302e-05
1.21936e-05
-8.21125e-06
1.20763e-05
-2.62835e-06
5.80554e-06
2.71811e-07
3.62248e-06
-6.66477e-06
-1.02676e-06
2.99917e-06
4.15165e-06
-1.98192e-06
7.83999e-06
-1.55703e-05
9.71224e-06
-1.52808e-06
-1.36239e-06
3.09889e-06
-3.59851e-07
-4.15562e-06
1.81401e-06
-5.84822e-06
4.47507e-06
-4.58353e-06
5.59578e-06
-1.73076e-06
3.17718e-06
1.94134e-06
1.46995e-06
-3.13947e-06
7.81238e-07
1.81449e-06
-2.39589e-07
1.25685e-06
-8.32183e-07
2.82108e-06
5.85112e-06
-2.5487e-06
4.46206e-06
-2.21629e-05
2.02496e-05
-1.27943e-06
1.06037e-06
-1.30902e-06
-1.22265e-06
-4.99604e-07
-5.06706e-07
-1.8349e-06
7.7823e-07
-2.15138e-06
1.96973e-06
-9.57477e-07
1.44642e-06
2.44348e-06
1.16636e-08
-5.13809e-07
1.62919e-06
6.22017e-07
7.66512e-07
8.08391e-07
2.62614e-08
3.98402e-07
-2.50536e-07
5.22912e-07
-5.57064e-07
5.0191e-06
-7.77045e-07
1.0663e-06
-1.56869e-06
-8.80249e-07
7.17956e-07
-8.72242e-07
-1.3407e-07
-4.21124e-07
-6.35549e-07
2.65135e-07
-4.46786e-07
4.88945e-07
1.83986e-06
-1.40737e-06
2.011e-06
1.76167e-06
-1.20819e-07
1.16361e-06
2.24917e-07
5.53801e-07
2.80851e-07
7.69269e-08
7.09403e-08
-3.41514e-08
-1.05203e-06
-5.85032e-07
8.60015e-07
-4.4882e-07
6.3486e-07
-5.52602e-07
3.98313e-07
-5.39965e-07
-1.52315e-08
-2.50528e-07
-1.19888e-07
4.21588e-08
1.06267e-06
-1.39635e-06
2.17354e-06
1.21424e-06
-8.59935e-07
1.14931e-06
-1.06521e-07
7.19004e-07
5.97117e-08
3.05047e-07
5.27304e-08
3.6788e-08
-1.51099e-06
-8.57917e-07
1.31687e-06
-6.7921e-07
-3.54646e-07
-2.40031e-07
3.22287e-07
-3.0937e-07
1.67716e-07
-2.71409e-07
5.64766e-09
-7.773e-08
1.46378e-06
8.42495e-07
-1.2436e-06
6.17282e-07
-7.99385e-07
7.33648e-07
-4.44272e-07
6.68411e-07
-5.59284e-08
3.58946e-07
5.81076e-09
8.95176e-08
-1.81284e-06
-4.97272e-07
7.99128e-07
-1.03241e-06
-5.04713e-07
-4.07803e-07
-1.86873e-07
-1.13961e-07
1.26877e-07
-1.4257e-07
3.88765e-08
-7.20834e-08
-1.81676e-06
2.31756e-08
-1.9255e-08
7.52164e-07
-1.10514e-06
9.46922e-07
5.12858e-07
3.3053e-07
-3.96266e-07
4.00255e-07
-1.76118e-07
3.19212e-07
-1.6195e-08
9.53266e-08
-1.24565e-06
-2.84028e-07
-6.5616e-07
-2.56354e-07
-2.22756e-07
-7.80759e-08
-4.24539e-08
2.67606e-08
-3.32067e-08
-1.24293e-06
2.04822e-08
4.56155e-07
5.72577e-07
2.70814e-07
1.57795e-07
-1.53805e-07
1.81146e-07
-3.80515e-08
7.91312e-08
-7.9817e-07
-1.42015e-07
-3.77083e-07
-1.02025e-07
-1.02054e-07
-1.84743e-08
-6.44503e-09
-7.91653e-07
1.39665e-08
2.37082e-07
3.15398e-07
1.13213e-07
5.93075e-08
-3.19653e-08
4.10804e-08
-4.62412e-07
-5.66839e-08
-1.80848e-07
-2.32294e-08
-2.49187e-08
-4.56142e-07
7.69754e-09
9.63397e-08
1.45624e-07
2.68979e-08
9.11597e-09
-2.24197e-07
-1.33336e-08
-4.81477e-08
-2.19341e-07
2.84249e-09
2.26239e-08
3.6014e-08
-6.14805e-08
-5.86379e-08
0.000594848
-0.0013803
-0.00106613
0.000317932
-0.000533383
0.000854251
-0.00053632
0.000533361
0.00130024
-0.00076688
0.00110826
-0.000272038
0.00156246
-0.0018345
0.000496328
-0.000299089
-0.00138156
0.00061468
0.000136751
-0.000307155
-0.000396631
4.39178e-05
-0.000120065
-0.000263237
0.000321759
-0.00071839
0.0011608
-0.000839041
0.00062448
-0.00075708
0.00205454
-0.00143986
0.000220042
0.00129364
-0.0010736
0.000994554
0.000350952
0.000996155
-0.00175324
-0.000443705
-5.99848e-05
0.000226131
-0.000286116
-3.71062e-05
-0.000755497
-7.08862e-05
-0.00068461
0.00133941
-0.0014103
0.000500371
-0.00125286
0.00138987
-0.00183357
0.000316268
0.000867167
-0.000550899
-0.00121812
0.000739767
-0.00133825
0.00102985
-0.000598483
0.00093481
-0.00218767
-0.000898765
0.000850446
0.000808246
0.00177288
-0.000398538
0.00097241
-0.0014361
0.00130936
-0.000406253
-0.00112583
0.000727297
-0.00076555
-0.00127129
0.001328
3.80689e-05
-0.00124713
0.000481579
-0.00103544
0.000292556
-0.000191347
0.000126837
-0.000318185
-0.000557773
0.000264746
-0.000822518
-0.00114555
0.000169718
-0.00131527
-0.00201796
0.00107645
-0.00197522
-0.000525555
-7.29282e-05
-0.000592865
0.000186611
-0.000665793
-7.83155e-05
-0.00193964
-0.00205353
-0.000873488
0.00168173
-9.93885e-05
0.000873021
0.000298296
0.00147459
0.00198003
0.00165204
1.70049e-05
0.000856016
-0.000940885
0.00095789
-0.000213588
-0.000475648
0.000513717
-0.000289037
-0.000880256
0.000666667
-0.000398677
-0.000713809
0.000315132
-0.000421253
9.24646e-05
-0.000247265
7.48622e-05
-0.000322128
-0.000747656
2.41538e-05
-0.00077181
-0.00129112
-0.000360703
-0.000930414
-0.00230034
0.000958927
-0.00124796
0.000293134
-0.0017604
-0.00148468
0.00023672
0.000932591
-0.00269299
-0.00136775
0.000584139
0.00139589
0.00144016
-0.000977332
0.0013472
0.000674708
0.0020706
0.000163655
0.0012765
0.00112155
0.000129522
0.000992024
0.000796189
0.000343155
0.000453034
0.000658286
0.000750751
-0.000733933
-0.0003012
5.28407e-06
-0.000306484
-0.000766526
-0.000344795
-0.000421731
-0.00127521
-0.000421353
-0.000853855
-0.00178911
0.00201928
-0.00178256
-0.000673715
0.00172277
-0.0024567
-5.97907e-05
0.00125558
-0.00192929
-0.000533527
-0.000585066
0.000829441
0.000762132
-0.00114106
0.00190319
0.000929539
0.00220604
0.0014673
0.000738737
0.00245933
0.00291236
-0.000626119
0.00197739
-0.00135128
0.00308282
-0.000170457
-0.000333063
0.000545438
-0.00107897
-9.42882e-05
-0.000238775
-0.00051602
-0.000119305
-0.000396714
-0.000973161
-0.000427722
0.0017357
0.000241698
-0.00167591
-0.000253387
-0.000679891
0.000921589
-0.000930308
-0.000148658
0.000626154
-0.000879541
-0.000304154
-0.00110137
0.000421484
-0.000302322
0.000506262
0.000527119
2.1663e-05
-0.000559847
0.000538184
-0.00107971
-0.000112184
0.000322525
-0.000210341
-0.000672031
-0.000641242
0.00116836
0.00126195
0.00200069
-0.000328118
-0.000751594
-0.00167939
0.00118686
0.000813825
0.00101641
-0.000662989
-0.000274653
0.000377836
-0.000526494
-0.000641849
0.000214126
-0.000264013
-0.000122707
-0.000151946
-0.000519421
-0.000305295
-0.00118938
0.000309835
-0.000267788
-0.00056854
0.000300752
-0.000147056
-0.000479734
-4.67598e-05
0.000783888
-0.000474052
-0.00062793
0.000480874
-8.97455e-05
0.000341369
-1.88437e-05
0.000251623
-0.000203378
0.000184534
1.81145e-05
0.000133321
-0.000151436
-0.000185263
-0.000395604
-0.00023589
-0.000159714
-0.000105901
0.000245088
0.000400361
-0.000132707
0.000533068
0.00103565
0.000294364
-0.000530254
-0.000377667
-0.00112926
0.000463068
0.000572585
-0.000613904
-0.000515357
0.00127689
-2.49577e-05
0.000105817
0.00022013
0.00010953
-0.000261476
-1.12837e-05
-0.000441445
0.000177432
-0.000488205
-9.77188e-05
-0.000163757
-0.000403014
-0.000225582
0.000449307
3.15672e-05
-0.000750059
0.000276006
-0.000500896
1.26918e-05
-0.00022489
-0.00027846
0.000310027
-0.000321966
4.35065e-05
-7.03434e-05
-0.000221245
0.000150902
-3.67113e-05
-0.00012266
8.59487e-05
1.06615e-05
4.18984e-06
2.38128e-05
-2.80027e-05
1.14187e-05
-2.13269e-05
4.51398e-05
6.57926e-05
-8.71195e-05
7.64541e-05
-4.11681e-05
-4.59514e-05
-0.000192604
-2.06928e-05
-7.30989e-06
-6.66442e-05
-1.78924e-05
-8.98627e-05
-0.000102741
-0.000249577
-9.07503e-05
-0.000158827
-0.000621004
-9.28603e-05
0.00031299
0.000440208
0.00101279
-0.000399294
-0.00022171
0.000914651
9.81419e-05
1.19104e-05
2.93632e-05
0.000117727
3.60988e-05
8.16282e-05
0.000349089
5.18437e-05
-0.000215601
1.22708e-05
-7.07933e-05
-0.000144808
-0.000296375
-0.000283683
-0.000221218
-6.24648e-05
-0.000446109
-0.000136081
0.000178072
-2.71703e-05
-0.000221579
8.54972e-05
5.00062e-05
2.64479e-05
0.000135955
0.000108785
3.85402e-05
6.59957e-06
6.49882e-05
1.63118e-05
-4.26174e-05
-2.40269e-05
-0.000145359
-1.90652e-05
1.17279e-06
-4.3092e-05
-5.49196e-06
1.03895e-05
4.50687e-06
3.97527e-05
-8.90747e-05
-5.62841e-05
-0.000247901
-0.000128709
-0.000119193
-0.000350418
0.000304433
4.46559e-05
0.000402575
5.21566e-05
3.51396e-07
3.94013e-05
8.19796e-05
0.000126635
9.02568e-05
-2.52687e-05
0.000199041
-0.000222074
7.72661e-05
-0.000284539
-1.75053e-05
-5.0191e-06
-5.58637e-06
1.00932e-05
-2.48751e-06
-3.16126e-05
-1.14794e-05
-8.78967e-05
-1.08649e-05
5.37297e-06
-2.23444e-05
2.23352e-06
4.68452e-06
5.40871e-06
4.40858e-05
-5.99249e-05
-2.79718e-05
-0.000179118
-0.000126961
2.507e-05
1.90158e-05
0.000151705
2.47445e-05
-3.49782e-06
8.90652e-06
3.12997e-06
-4.43902e-06
6.42463e-07
-2.85534e-06
-5.42627e-07
-3.89639e-06
-2.11132e-06
-2.74914e-05
5.14702e-06
-5.54631e-05
-2.98409e-06
5.21761e-06
2.16293e-06
4.7038e-06
1.01608e-05
-1.25432e-06
2.91766e-05
3.48401e-05
-5.66354e-06
-5.95846e-05
4.12152e-06
1.22901e-06
-4.08435e-06
-2.53016e-08
-1.23221e-06
-2.66418e-06
-5.31656e-06
-1.2513e-06
-3.91548e-06
-2.66192e-06
4.82485e-06
1.45963e-06
-2.92887e-06
4.93988e-06
1.77493e-06
6.59978e-06
3.7247e-06
-3.75e-06
-1.93882e-06
-1.64922e-06
-2.89603e-07
-1.896e-07
6.03163e-07
4.33672e-06
2.77671e-06
-3.08461e-06
-2.23195e-06
-6.83461e-06
-2.5986e-06
-4.83055e-06
4.98833e-07
3.83789e-06
7.09862e-06
6.90902e-06
-5.73713e-06
-1.09748e-06
6.02675e-06
8.82267e-07
1.53312e-06
5.371e-06
-4.0314e-06
-5.12889e-06
-5.14812e-06
4.26587e-06
)
;

boundaryField
{
    movingWall
    {
        type            calculated;
        value           uniform 0;
    }
    fixedWalls
    {
        type            calculated;
        value           uniform 0;
    }
    frontAndBack
    {
        type            empty;
        value           nonuniform List<scalar> 0();
    }
    defaultFaces
    {
        type            empty;
        value           nonuniform List<scalar> 0();
    }
}


// ************************************************************************* //
