/*--------------------------------*- C++ -*----------------------------------*\
  =========                 |
  \\      /  F ield         | OpenFOAM: The Open Source CFD Toolbox
   \\    /   O peration     | Website:  https://openfoam.org
    \\  /    A nd           | Version:  8
     \\/     M anipulation  |
\*---------------------------------------------------------------------------*/
FoamFile
{
    version     2.0;
    format      ascii;
    class       volScalarField;
    location    "7000";
    object      nut;
}
// * * * * * * * * * * * * * * * * * * * * * * * * * * * * * * * * * * * * * //

dimensions      [0 2 -1 0 0 0 0];

internalField   nonuniform List<scalar> 
4109
(
0.000666265
0.000661149
0.000658994
0.000666501
0.000669123
0.000677728
0.000672308
0.000677834
0.000675094
0.000656937
0.000666836
0.000678393
0.000667751
0.000671225
0.000676896
0.000677629
0.000666105
0.00067377
0.00067917
0.00067574
0.000660309
0.000678075
0.000675372
0.000678083
0.000673687
0.000668146
0.000656735
0.000672736
0.000677494
0.000681392
0.000677358
0.00067659
0.000669906
0.000671165
0.00067748
0.000682464
0.000673898
0.000667084
0.000666989
0.000669982
0.000667242
0.000662818
0.000674092
0.000681481
0.000678126
0.00148321
0.00083477
0.000677923
0.000677392
0.00066401
0.000673181
0.000677458
0.000676978
0.000672719
0.000675898
0.000660847
0.000660634
0.000678151
0.0006766
0.000669567
0.000675937
0.00196288
0.000684656
0.000680092
0.000679294
0.000741806
0.00123259
0.000678716
0.00067353
0.00066074
0.000671611
0.000678935
0.000689437
0.000677356
0.000679782
0.000673378
0.000670866
0.000667801
0.000647704
0.000675096
0.000679322
0.000679845
0.000675682
0.000668591
0.000726731
0.000741489
0.00152879
0.00193108
0.00194651
0.000684497
0.000685493
0.000680569
0.000680244
0.00068043
0.000680309
0.000942866
0.000676796
0.000663066
0.00069215
0.000686003
0.000682332
0.000686539
0.000692451
0.000684845
0.000673051
0.000676275
0.000674377
0.000666535
0.000657597
0.000678677
0.000651986
0.000680808
0.000680679
0.00067707
0.000670756
0.00210015
0.000824386
0.0009929
0.00126647
0.0019698
0.00201129
0.00066892
0.000687798
0.000689215
0.000682885
0.000682043
0.000681575
0.000676994
0.000937163
0.000657082
0.000665115
0.000692982
0.000689521
0.000694141
0.000692902
0.000681226
0.000689443
0.000676549
0.000673685
0.000671806
0.000659645
0.000677542
0.000682072
0.000681496
0.000682113
0.000678208
0.000671105
0.00175775
0.00102409
0.00194692
0.00131176
0.00201073
0.000801675
0.000690524
0.000688852
0.000683249
0.000682933
0.000682979
0.000681023
0.00066557
0.000818531
0.000635772
0.000694228
0.000690487
0.000696296
0.000694303
0.000695497
0.000696317
0.000680837
0.000679216
0.000677026
0.000671152
0.000655676
0.00068003
0.000674242
0.000683536
0.000683207
0.00067896
0.000673501
0.00118945
0.00227656
0.00121373
0.00194051
0.00199595
0.000750647
0.000685814
0.000686142
0.000684843
0.00068279
0.000684422
0.000668604
0.000860116
0.00063404
0.000688896
0.000689207
0.000697156
0.000692025
0.000697555
0.000700321
0.000691743
0.000685023
0.000679233
0.000676839
0.000673342
0.000662507
0.000682529
0.000676078
0.000684285
0.000684251
0.000681518
0.0006736
0.00116425
0.00214256
0.00198155
0.00117124
0.00202789
0.000748155
0.000685986
0.00068805
0.000685623
0.00067157
0.000858363
0.000647797
0.000689095
0.000691109
0.000692439
0.000692303
0.000695298
0.000700714
0.000698417
0.000702046
0.00068664
0.000682459
0.000679888
0.00067489
0.000659761
0.000685265
0.000672484
0.000685585
0.00068589
0.000682371
0.000683524
0.000676451
0.00109774
0.00216667
0.00120791
0.00196791
0.00201419
0.000727623
0.000688585
0.000688749
0.000679212
0.00085723
0.000655256
0.000692144
0.00069162
0.000694055
0.000695813
0.000695599
0.000695854
0.000701318
0.00070361
0.000696693
0.000693042
0.00068229
0.000678408
0.000666223
0.000683507
0.000688392
0.000674503
0.000687144
0.000685074
0.000676338
0.000685539
0.00218334
0.00104735
0.00198888
0.00118715
0.00203984
0.000725469
0.000782843
0.000674348
0.000680933
0.00085114
0.000657079
0.000692622
0.000690041
0.000694584
0.000698564
0.000699208
0.00069712
0.000698764
0.000704659
0.000703081
0.000707616
0.000698337
0.000692275
0.00066249
0.000680376
0.000675028
0.000684954
0.000685326
0.000692616
0.000673937
0.000690215
0.000679521
0.000687188
0.00101643
0.00217059
0.00196053
0.00114782
0.00201491
0.000712726
0.000754227
0.000791965
0.000796536
0.000776138
0.000781047
0.000789428
0.000933739
0.000657993
0.000630109
0.000676564
0.000661395
0.000688512
0.000694437
0.000701275
0.000696714
0.000699048
0.000710218
0.000699522
0.000705478
0.000710252
0.000707384
0.000699009
0.000706458
0.000701032
0.000673308
0.000677399
0.000686289
0.000688454
0.000679284
0.000694702
0.00067721
0.00069102
0.000689165
0.000985842
0.00223332
0.001962
0.000704604
0.000781649
0.000845627
0.000776562
0.000788894
0.000787184
0.000805403
0.000707786
0.000723057
0.000731182
0.000762507
0.000766352
0.000739405
0.000774973
0.000783626
0.00147092
0.000617693
0.000601108
0.000642123
0.000694912
0.000712885
0.00069793
0.000699944
0.000702225
0.000700739
0.000709239
0.000702444
0.000709218
0.000715881
0.00071441
0.000708488
0.000719718
0.000730565
0.000729091
0.000666374
0.000682993
0.000689837
0.000688672
0.000682667
0.000690363
0.000696157
0.00067425
0.000694434
0.00095439
0.00236961
0.000812917
0.000817778
0.000783554
0.000782797
0.000801207
0.000722358
0.000710015
0.000739573
0.00072885
0.00073474
0.000743961
0.000750938
0.00078008
0.000773021
0.000771031
0.00251408
0.00108344
0.000550396
0.000616969
0.00068484
0.000713753
0.000713381
0.000700474
0.000704156
0.00070036
0.000702779
0.00070872
0.000703469
0.000718359
0.000718383
0.000723985
0.000723503
0.000728303
0.000726314
0.00067846
0.000685221
0.000693821
0.000693996
0.000691275
0.000682441
0.000692461
0.000696405
0.000699828
0.000700012
0.000676511
0.00098199
0.000792404
0.000845205
0.000813598
0.000783767
0.000789003
0.000800714
0.000729181
0.000719264
0.000725845
0.00073684
0.000740067
0.000740451
0.000729982
0.000732529
0.000734725
0.000755152
0.000775065
0.000770398
0.000767088
0.0024062
0.00188752
0.000629082
0.000630262
0.000682898
0.000713236
0.00071153
0.000699833
0.000703763
0.000705577
0.000704536
0.000706444
0.000716621
0.000717352
0.00072241
0.000722517
0.000722847
0.000726498
0.000672547
0.000695166
0.000691415
0.000696603
0.000697503
0.000685975
0.000685736
0.000693737
0.000697295
0.000689702
0.00150544
0.00177878
0.00070374
0.000651939
0.000816201
0.0008158
0.000834058
0.000843411
0.000818474
0.000779392
0.000787528
0.000804595
0.000732342
0.000729804
0.000734656
0.00074018
0.000749291
0.000738791
0.000754095
0.000735516
0.0007412
0.000764273
0.000759209
0.000770821
0.000774489
0.00278686
0.00217925
0.00237019
0.000591714
0.000604257
0.000676025
0.000707724
0.000710786
0.000703374
0.000708562
0.00070566
0.000706809
0.000712341
0.000715506
0.000717361
0.000720665
0.000723511
0.000728441
0.000729592
0.000686518
0.000689663
0.000704264
0.000697061
0.000696096
0.000696621
0.000699745
0.000705148
0.000689766
0.000692915
0.000650505
0.000609074
0.000833277
0.000811154
0.000822821
0.000772177
0.000753121
0.000853262
0.000810039
0.000783689
0.000786126
0.000799478
0.000735317
0.000733734
0.000732548
0.000762816
0.00074474
0.000749484
0.000739535
0.000741817
0.000760119
0.000755396
0.000767055
0.000773012
0.000721431
0.00284959
0.00248787
0.00250247
0.000636194
0.000600573
0.000674865
0.000708724
0.000711171
0.000707912
0.000700742
0.000709742
0.000713253
0.000715882
0.000718168
0.000720999
0.000724378
0.000726664
0.000730681
0.000732652
0.000677461
0.000699524
0.00070135
0.00070218
0.000701214
0.000703283
0.000702603
0.000701552
0.000690968
0.000698237
0.000698538
0.000682292
0.000833755
0.000762114
0.000775929
0.000825512
0.000768338
0.000858778
0.000806156
0.000785537
0.000791953
0.000800142
0.000808147
0.000738785
0.000736165
0.000736588
0.000732746
0.000742885
0.000752132
0.000748784
0.000759373
0.000764204
0.00077204
0.000772974
0.00069962
0.00290525
0.00258038
0.00264794
0.000610344
0.000589554
0.000668023
0.000714169
0.000709997
0.000712516
0.000707617
0.000714456
0.000718744
0.000723482
0.000719201
0.000724659
0.00072971
0.000729241
0.000734194
0.000737177
0.000690588
0.0006943
0.000709379
0.00070781
0.000704253
0.000705805
0.000709921
0.000693728
0.000695727
0.000699243
0.000655375
0.00082534
0.000807001
0.000754352
0.000745641
0.000768304
0.000808853
0.000760515
0.000818821
0.00084857
0.000783231
0.000794061
0.00079613
0.000809212
0.000741998
0.000737882
0.0007391
0.00073897
0.000738733
0.00074731
0.000747499
0.000745284
0.000756144
0.000765072
0.000775426
0.00077977
0.000796905
0.00293705
0.00277232
0.0026717
0.000639326
0.000581236
0.000682166
0.000715726
0.000712734
0.000705268
0.000715765
0.000719124
0.000722538
0.000720519
0.000726678
0.000731715
0.000734373
0.000735656
0.000738371
0.000685476
0.000706242
0.000708059
0.000694955
0.000708173
0.000706522
0.000708098
0.000704476
0.000699446
0.000700368
0.000650381
0.000845329
0.000821365
0.000823159
0.000792267
0.000736472
0.000737744
0.000751785
0.000773107
0.000801711
0.000773511
0.000735647
0.000829516
0.000837311
0.000849638
0.000782745
0.000796472
0.000798009
0.000798372
0.000743635
0.000740386
0.000737116
0.000738384
0.000747728
0.000753438
0.000746811
0.000783374
0.000761238
0.000761566
0.000773242
0.000721063
0.00298094
0.00287832
0.00282535
0.000682562
0.000613329
0.000593656
0.000721205
0.000712277
0.00072261
0.000718751
0.000725871
0.000726003
0.000723071
0.000732463
0.000734349
0.000735742
0.000700274
0.000704206
0.00071307
0.000697666
0.000700463
0.000712299
0.000707509
0.000709266
0.000715087
0.000700229
0.000645625
0.000694303
0.000705103
0.00082477
0.000810524
0.000811036
0.00078288
0.000733993
0.00075163
0.000771076
0.000765716
0.000792585
0.000723135
0.00072049
0.000719677
0.000711725
0.000703352
0.000833502
0.000814181
0.000830033
0.000815876
0.000786427
0.000785195
0.000787096
0.000784132
0.000745601
0.000741333
0.000743365
0.000755038
0.00075122
0.000749793
0.00074309
0.000772467
0.000772577
0.00076588
0.000769388
0.000862102
0.00308115
0.00301773
0.00266131
0.000600178
0.000588966
0.000716567
0.000668514
0.000733371
0.000721287
0.000731014
0.00073407
0.000737593
0.000699794
0.000716519
0.000699384
0.000702589
0.000708991
0.00071335
0.000710726
0.000712196
0.000647694
0.000700412
0.000704606
0.000705744
0.000704582
0.000810358
0.000803001
0.000801587
0.000773699
0.000731446
0.000758601
0.000788226
0.000758369
0.000739198
0.000722787
0.000722326
0.000714225
0.000711871
0.000701136
0.000712633
0.000819152
0.000851431
0.000813152
0.000820597
0.000772634
0.000775945
0.000779164
0.000764174
0.000744145
0.000743613
0.00075278
0.000747537
0.000753148
0.000748821
0.000747915
0.000773077
0.000774199
0.000764009
0.000600627
0.00301876
0.00303502
0.00271896
0.000584631
0.000576695
0.000739602
0.00104359
0.000729143
0.000734061
0.000737358
0.000726354
0.000701943
0.000705362
0.000719139
0.000713343
0.000717107
0.000710644
0.000668252
0.000709488
0.000715242
0.000722546
0.000798206
0.000800707
0.000795473
0.000791689
0.000765053
0.00076085
0.000779182
0.000751578
0.000743675
0.000753169
0.000736905
0.000726932
0.000734466
0.000729807
0.00072856
0.000729323
0.000780501
0.00080262
0.000785539
0.000810352
0.000764549
0.00076335
0.000772525
0.000767059
0.000786337
0.0007447
0.000759009
0.000754338
0.000753462
0.000751401
0.000747544
0.000761087
0.000763733
0.000762832
0.000652
0.00316702
0.00311439
0.00308798
0.000521882
0.000730767
0.000623722
0.000737323
0.00073957
0.000704122
0.000706801
0.000713763
0.000716704
0.000718303
0.000715131
0.000681467
0.000709621
0.000731107
0.000706683
0.000796965
0.000794569
0.000788689
0.000778046
0.000756886
0.000774881
0.000746095
0.000767531
0.000764999
0.00075651
0.000736836
0.000740971
0.000751557
0.000743503
0.000747355
0.000811957
0.000786015
0.000803335
0.000757013
0.000755443
0.000762665
0.000778092
0.000778296
0.000754647
0.000751563
0.00074788
0.000756304
0.000753959
0.000752845
0.000541455
0.00315479
0.00451635
0.00098258
0.000747294
0.000624832
0.000742918
0.000710469
0.000723583
0.000717952
0.000724022
0.000714952
0.000687643
0.000709299
0.000711613
0.000785508
0.000782357
0.000777861
0.000770986
0.000751427
0.000740671
0.000736378
0.000731843
0.000728245
0.000711949
0.000714869
0.000724374
0.000717777
0.00072109
0.000778717
0.000794244
0.000788784
0.00075298
0.000759067
0.000774433
0.000752274
0.000774513
0.000752664
0.000748299
0.000751739
0.000750803
0.000752074
0.000756311
0.00543145
0.00515323
0.00141609
0.000765344
0.000573517
0.000718993
0.000721464
0.0007164
0.000720209
0.000692812
0.000715807
0.000728339
0.00078169
0.000783999
0.000769992
0.000762461
0.000745371
0.000741587
0.000736439
0.000733801
0.000716941
0.000721389
0.000729071
0.000722717
0.0007273
0.000768414
0.000776976
0.000780054
0.000761136
0.000763823
0.000753084
0.00076916
0.000747995
0.000747102
0.000746549
0.000749367
0.00112691
0.000979074
0.0062868
0.00682806
0.00239387
0.00122807
0.000722932
0.000720011
0.000727589
0.000725516
0.000632079
0.000724663
0.0007265
0.000766126
0.000767333
0.000764501
0.000760206
0.000752361
0.000751606
0.000743994
0.000733394
0.000730727
0.000744563
0.000738681
0.000737047
0.000768885
0.000764093
0.000769744
0.000759114
0.000750434
0.000753619
0.000760966
0.000871575
0.000966701
0.00155517
0.00833396
0.00824147
0.00135778
0.00103473
0.00190874
0.000724319
0.000722461
0.000726678
0.000734799
0.000564283
0.000728245
0.000724397
0.000769562
0.000767397
0.000759356
0.000754433
0.000749872
0.000746371
0.000731887
0.00073398
0.000742773
0.000739921
0.00073696
0.000766272
0.000765846
0.000757014
0.0007548
0.00075496
0.000758227
0.000576017
0.000754681
0.000793178
0.00245511
0.00119625
0.00083634
0.00188686
0.00179721
0.000728774
0.000725082
0.000749404
0.00053603
0.000730772
0.000726193
0.000755614
0.000757067
0.000754632
0.000749544
0.000747144
0.000729115
0.000736721
0.000742528
0.000741542
0.000736524
0.000765151
0.000762563
0.000749425
0.000763755
0.000750748
0.000752231
0.000473559
0.000481766
0.000625513
0.00061266
0.000562112
0.00184246
0.000996396
0.000638728
0.00161906
0.00166801
0.000729455
0.000736945
0.000767748
0.000732452
0.00073186
0.000731432
0.0007561
0.000749955
0.000748684
0.000743728
0.000737027
0.000732882
0.000743406
0.000739525
0.000737735
0.000760134
0.000748737
0.000759778
0.000747322
0.000747858
0.000374648
0.00038717
0.000487809
0.000432015
0.0016363
0.00040713
0.00191225
0.00153351
0.000776438
0.000447343
0.00133272
0.00152389
0.0007256
0.000745406
0.0007311
0.00073357
0.000735269
0.000750788
0.000749782
0.000749192
0.000745049
0.000737951
0.000737599
0.000743935
0.000740866
0.000739951
0.000755115
0.000745847
0.000742819
0.0013857
0.000288043
0.000294389
0.000346603
0.000258381
0.00141385
0.000280811
0.00197274
0.00159882
0.00122113
0.000550758
0.000267538
0.00103011
0.00136441
0.000739047
0.000728999
0.000735013
0.000731132
0.000740008
0.000742347
0.000745426
0.000743554
0.000736345
0.000737019
0.000743284
0.000740254
0.000740379
0.00140427
0.00115318
0.000214319
0.000204306
0.000207654
0.000103095
0.00116624
0.000184125
0.00202848
0.00164694
0.00128529
0.000922198
0.000332123
0.000108732
0.000727877
0.00118284
0.00166805
0.00114088
0.000939104
0.000150934
0.000119893
8.13987e-05
7.24927e-06
0.000908323
0.000109792
0.00223973
0.00169704
0.0013235
0.000980175
0.000643994
0.000138634
8.72212e-06
0.000443103
0.000977887
0.00198419
0.00134288
0.000922147
0.000734578
9.27027e-05
4.46538e-05
4.6356e-06
0.00065307
5.76898e-05
0.00125543
0.0019472
0.00136939
0.00100913
0.000691552
0.000393031
1.45478e-05
0.00019781
0.00276921
0.00155784
0.00105632
0.000727703
0.000534638
3.76783e-05
1.52108e-06
0.000408039
3.12274e-05
0.00113318
0.000963712
0.00160769
0.00105064
0.000712233
0.000426898
0.000178181
3.37932e-05
0.00417825
0.00216848
0.00120487
0.000813255
0.000540884
0.000341863
1.0854e-06
0.000186948
0.00141741
0.000947406
0.000716631
0.00124652
0.000746526
0.000440616
0.000196619
2.72929e-05
0.00427368
0.00364285
0.00163182
0.000910873
0.000603426
0.000358465
0.000162512
2.63212e-05
0.0018398
0.00121073
0.000772523
0.00050729
0.000886758
0.000465213
0.000204862
3.21007e-05
0.00532743
0.0035085
0.00304079
0.00117562
0.000658923
0.000410188
0.000182419
2.42964e-05
0.00217773
0.00146717
0.00100063
0.000604832
0.000331423
0.000550662
0.000218686
3.5085e-05
0.00461684
0.00437185
0.0027203
0.00239696
0.000806607
0.000451677
0.000227785
3.48752e-05
0.00236272
0.00172914
0.00112093
0.000785354
0.000441655
0.000187983
0.000260364
3.95308e-05
0.0039922
0.00393991
0.0032656
0.00197042
0.00177538
0.000508051
0.000274864
6.33663e-05
0.00238552
0.00187166
0.00131698
0.000808136
0.000560843
0.000285437
7.84647e-05
5.33511e-05
0.003818
0.00335518
0.00329895
0.00213861
0.00131184
0.00120541
0.000284625
9.61635e-05
0.00222807
0.00189038
0.00142249
0.000947961
0.000533817
0.000326993
0.000130726
1.52155e-05
0.00377049
0.00320363
0.00268473
0.00268308
0.00119623
0.0008052
0.000701821
0.000121559
0.00186882
0.00177236
0.00143747
0.001022
0.000626242
0.000301699
0.000124395
1.38433e-05
0.00392906
0.00316318
0.00256928
0.00202922
0.00210564
0.000549671
0.000455722
0.00026629
0.0014273
0.00149031
0.00135219
0.00103345
0.000674088
0.000354724
0.000117245
9.38811e-06
0.00437765
0.00327596
0.00253546
0.0019514
0.0014171
0.00149698
0.000197799
0.000232855
0.00109242
0.00121613
0.00113908
0.000975078
0.000682228
0.000381309
0.000139625
9.3943e-06
0.00527727
0.00364285
0.00261064
0.00192476
0.00137185
0.000874617
0.000719213
5.08966e-05
0.00125136
0.000913507
0.00100257
0.000821977
0.000645288
0.00038636
0.000150524
1.31708e-05
0.00434431
0.00457054
0.0029039
0.00196909
0.00135213
0.000852202
0.000429079
0.000148404
0.00220863
0.000961919
0.000746218
0.000784769
0.000543505
0.000366315
0.000152846
1.51733e-05
0.00424269
0.00363906
0.00381544
0.00216985
0.00137379
0.00083853
0.00041865
0.00012455
0.00202466
0.00191165
0.000713168
0.000585212
0.000558059
0.000307638
0.000144953
1.56538e-05
0.00261965
0.00368669
0.00291052
0.00305434
0.00148393
0.00084668
0.000410295
0.000120061
0.00194526
0.00168949
0.00157262
0.000503684
0.000427459
0.000324366
0.000120221
1.42486e-05
0.00189691
0.00202233
0.00306075
0.0022132
0.0023212
0.000885414
0.000411126
0.000115724
0.00187622
0.00161785
0.00135864
0.0012149
0.000328705
0.000275834
0.000123398
1.00552e-05
0.00165665
0.00148238
0.00151844
0.00242988
0.00158029
0.00163533
0.000421798
0.000113364
0.00181152
0.00156266
0.00129529
0.00103901
0.00086163
0.000186338
0.000125344
9.38956e-06
0.00141872
0.00132875
0.00113606
0.00109746
0.0018102
0.00101877
0.000945992
0.00012647
0.00191329
0.00186856
0.00150147
0.00125165
0.000984478
0.000736112
0.000533209
7.71242e-05
1.25971e-05
0.00139199
0.00115819
0.00105003
0.000841206
0.000746812
0.00123756
0.000558151
0.00023695
0.00137001
0.00179336
0.00159702
0.00119072
0.00095158
0.000692439
0.000457074
0.000249941
1.39648e-05
0.00161553
0.00115774
0.000937481
0.000820505
0.000598864
0.00043763
0.000659523
0.000213908
0.000565716
0.00120786
0.00119358
0.00165773
0.00131047
0.000896198
0.000669356
0.00042604
0.000213231
4.94516e-05
0.00140793
0.000942345
0.0007366
0.000616222
0.000407377
0.00021953
0.000143657
0.000408098
0.000501374
0.00116314
0.00101653
0.000985537
0.00150877
0.00100966
0.000624275
0.000411441
0.000196408
3.72666e-05
0.000630437
0.000940806
0.00116918
0.000736956
0.00054602
0.000424899
0.0002487
8.27575e-05
0.000279898
0.000399571
0.000994816
0.000819451
0.000762988
0.00134487
0.000710758
0.000380242
0.000188118
3.21252e-05
0.000523459
0.000815839
0.000914569
0.000536581
0.0003618
0.000235155
8.95064e-05
0.000183368
0.000308763
0.000814231
0.000623507
0.000537587
0.00116068
0.000430454
0.000171682
2.93624e-05
0.000418998
0.000677274
0.00065985
0.000343238
0.000183986
6.41735e-05
0.000109719
0.000231058
0.000627629
0.000434799
0.000321843
0.000953828
0.000189849
2.53494e-05
0.000317754
0.000528753
0.000413388
0.000163433
3.58545e-05
5.94095e-05
0.000163904
0.000441725
0.000258551
0.000132435
3.08815e-05
0.00022057
0.000376406
0.000190172
2.46944e-05
3.2233e-05
0.000101571
0.00026361
0.000103705
1.30158e-05
0.000130302
0.000226751
2.73571e-05
4.18978e-05
0.000105303
7.69244e-06
4.96135e-05
9.05138e-05
1.35894e-06
7.52835e-06
1.96842e-06
5.85666e-06
0.000739589
0.000739076
0.000740651
0.000740893
0.000741773
0.000740959
0.000741171
0.000742204
0.000740033
0.000738884
0.000740174
0.000740615
0.000741479
0.000741394
0.000742125
0.000744855
0.000758748
0.000764191
0.000768437
0.000778224
0.000781904
0.00074401
0.000747462
0.00074185
0.000743743
0.000742499
0.000740715
0.000742164
0.000743583
0.000741023
0.000794415
0.00079866
0.000740014
0.000740072
0.000740965
0.000741166
0.000742291
0.000742077
0.000745551
0.000748093
0.000751255
0.000753308
0.000756728
0.000764486
0.000772333
0.000775321
0.000789911
0.0007941
0.000819092
0.000820834
0.00075011
0.000753167
0.00075579
0.000759568
0.000764056
0.000771615
0.000780773
0.000743739
0.000747903
0.000741632
0.000742635
0.000742636
0.000740893
0.000743437
0.000744626
0.000742381
0.000778158
0.000786104
0.000840306
0.000849154
0.000808692
0.000808703
0.000833462
0.000739863
0.000740623
0.000741234
0.000742452
0.000743881
0.000745471
0.000749466
0.000751045
0.000758038
0.000760027
0.000764997
0.0007701
0.00078497
0.00079081
0.000809505
0.000808544
0.000831289
0.000834508
0.000860088
0.000869384
0.000905667
0.000899526
0.000922251
0.000747039
0.000751966
0.000753487
0.000758216
0.000763796
0.000743759
0.000746852
0.00074163
0.000741952
0.00074358
0.00074155
0.000744497
0.000744468
0.000744745
0.000763723
0.000779927
0.000780868
0.000803409
0.000811447
0.0009058
0.000853436
0.00089221
0.000835725
0.000850517
0.000742887
0.000743163
0.000745436
0.000746173
0.000750084
0.00075068
0.000757468
0.000756203
0.000766233
0.000762433
0.000775972
0.000779492
0.000816972
0.000814338
0.000831277
0.00083339
0.000857298
0.000865838
0.000885623
0.000896598
0.000950423
0.000951619
0.000999032
0.00101817
0.000982058
0.00102449
0.00103096
0.00122726
0.000746523
0.000751759
0.000753079
0.000756987
0.00074594
0.000745379
0.000743833
0.000746526
0.000742155
0.000741971
0.000744434
0.000743745
0.000742001
0.000746274
0.000745148
0.000760924
0.000772104
0.000780787
0.00152386
0.00134657
0.00149726
0.000800635
0.000803177
0.000830956
0.000844684
0.000906318
0.000918908
0.00106675
0.000971787
0.000861482
0.000909687
0.000750722
0.000748107
0.000754238
0.000750801
0.000759234
0.000755015
0.000764822
0.00076169
0.000765948
0.000771309
0.000780712
0.000783789
0.000793384
0.000818552
0.000845106
0.000821406
0.000849899
0.000970645
0.000969426
0.000963399
0.00102944
0.00202967
0.00209591
0.00175527
0.00117892
0.00117949
0.00129796
0.00124824
0.00125115
0.00137785
0.0013886
0.00187008
0.00156606
0.00355224
0.00332322
0.00339974
0.00210687
0.00299661
0.00280594
0.00246339
0.00212369
0.000746578
0.000750824
0.000750461
0.000755441
0.000744146
0.000743568
0.00074395
0.000745655
0.000742595
0.000742563
0.000742172
0.000746426
0.00074544
0.00074428
0.000743668
0.000760299
0.000774185
0.000803163
0.000781942
0.000798298
0.00366321
0.00367486
0.00284315
0.00272408
0.00214507
0.00111777
0.00136937
0.0015624
0.00192414
0.00083778
0.000839268
0.000848284
0.00084787
0.000890932
0.000903508
0.000986123
0.000977119
0.00105839
0.00363312
0.00342512
0.00126164
0.00328251
0.0028849
0.00263664
0.00148424
0.00179077
0.0018923
0.00263105
0.00077986
0.000766924
0.00078309
0.000769544
0.000785466
0.000774298
0.000788918
0.000789422
0.000798225
0.000796149
0.000810808
0.000811102
0.000850718
0.000875871
0.00092936
0.000901792
0.00112476
0.00133283
0.00110247
0.00173836
0.00142698
0.00132795
0.00162982
0.00146207
0.00143836
0.00252842
0.00305372
0.00350344
0.00304534
0.00267821
0.00227947
0.00180808
0.00167402
0.00184285
0.00201116
0.002598
0.00190404
0.00203984
0.0034848
0.0035501
0.00361272
0.00369943
0.00356999
0.0034034
0.00329248
0.00330257
0.0013859
0.00136691
0.00284757
0.00297161
0.00153388
0.00160468
0.00191215
0.00254643
0.00207325
0.00240976
0.000746573
0.000749738
0.000749109
0.000758477
0.000743209
0.000742992
0.000742975
0.000743889
0.000745188
0.000746442
0.000745198
0.000744522
0.000743516
0.000743389
0.000743107
0.00075855
0.000774483
0.000775742
0.000795315
0.0007991
0.000827028
0.00079421
0.00349723
0.00374802
0.00338343
0.00371045
0.00365106
0.00274286
0.00332358
0.00262629
0.00215005
0.000838094
0.00192084
0.00117812
0.001742
0.00136967
0.000880662
0.000874486
0.000900114
0.000888584
0.000922749
0.000909474
0.00103513
0.00101771
0.00117657
0.00369722
0.00339333
0.00375751
0.00113375
0.00120565
0.000952391
0.0032389
0.00280116
0.00265927
0.00180215
0.00114214
0.00157861
0.000621296
0.000829247
0.00386399
0.00129102
0.000686057
0.000845073
0.000778597
0.000877799
0.000863767
0.000902948
0.000940314
0.000879453
0.000870197
0.000944641
0.000951154
0.00115077
0.00122169
0.00165794
0.00132358
0.0017453
0.00135867
0.00132071
0.00176789
0.00148365
0.0016078
0.00186858
0.00223634
0.00184398
0.00156178
0.00203041
0.00180992
0.00215246
0.00203273
0.00274166
0.0031478
0.00354059
0.00335289
0.00294901
0.00246933
0.00247809
0.00227103
0.00280537
0.00231858
0.00251922
0.00360707
0.00349863
0.00368513
0.00355563
0.00362701
0.00333156
0.00339052
0.00287818
0.00312551
0.00303484
0.00146096
0.00162585
0.00247865
0.00263932
0.00227157
0.00215562
0.00196176
0.000757563
0.000746428
0.00074885
0.000748625
0.000743112
0.000743739
0.000744833
0.000759364
0.000745965
0.000744883
0.000744501
0.000743737
0.000743854
0.000743355
0.000743828
0.00074391
0.000746843
0.000745109
0.000744489
0.000748486
0.000748046
0.000750369
0.000772584
0.000773795
0.0007766
0.000785888
0.000841697
0.000813504
0.000813992
0.000797219
0.00381276
0.00380591
0.0035396
0.00244439
0.00335127
0.00284316
0.000870424
0.000903272
0.000928746
0.00241425
0.00142189
0.00227015
0.00153745
0.000937366
0.000924333
0.00100471
0.000988385
0.00116
0.001173
0.00134024
0.00376698
0.00378156
0.00357358
0.00387823
0.0039256
0.00339509
0.000839972
0.000904518
0.000674474
0.00293962
0.00271247
0.00207875
0.00150878
0.000864534
0.00909972
0.00821256
0.00217132
0.000903836
0.00742713
0.00528183
0.00139154
0.000908645
0.001148
0.00091163
0.00107603
0.000993699
0.00112768
0.00126859
0.00124418
0.00176711
0.00180535
0.00150567
0.00223721
0.00173132
0.00194948
0.00250685
0.0024718
0.00270153
0.00222123
0.00239176
0.00258313
0.00287042
0.00222828
0.00242699
0.00264708
0.00234666
0.00273309
0.00243564
0.00348774
0.00319314
0.00339267
0.00330591
0.00307402
0.00305364
0.00318714
0.00305977
0.00297716
0.00365257
0.00349423
0.00341744
0.00352633
0.00349064
0.00302797
0.00328105
0.00257294
0.00277319
0.00215364
0.00228743
0.000756057
0.00075308
0.000749741
0.000756926
0.000744114
0.000746012
0.000747559
0.000755089
0.000761063
0.000745236
0.00074422
0.000744299
0.000743615
0.000744
0.000743631
0.000744639
0.000744799
0.000748054
0.000742032
0.000747125
0.00074847
0.00075102
0.000752569
0.000770427
0.000774758
0.000786242
0.00079517
0.000866077
0.000842007
0.00084004
0.000812695
0.00317607
0.00330755
0.00384318
0.000924208
0.000946815
0.000938377
0.00104677
0.000983829
0.00233363
0.00297659
0.00164958
0.00209648
0.00138809
0.0012887
0.00170619
0.00167666
0.00149774
0.00370199
0.00391644
0.00394085
0.00374229
0.00374645
0.00351671
0.00303001
0.00276373
0.000616007
0.000704413
0.00239328
0.00188313
0.00145908
0.000787943
0.00915367
0.0103071
0.00382691
0.00830534
0.010175
0.00984345
0.00550973
0.00340421
0.00942718
0.00895597
0.00456697
0.00252692
0.00352371
0.00204338
0.0029386
0.00185569
0.00251747
0.00252329
0.0020372
0.00300028
0.00263527
0.00261658
0.00252004
0.0026507
0.00315473
0.00306909
0.00311554
0.00334481
0.0030653
0.00279479
0.00323984
0.00341998
0.00288878
0.00317147
0.00338475
0.00308275
0.00338531
0.00361066
0.00345819
0.00359904
0.00346823
0.00357044
0.00344447
0.00345064
0.00347558
0.00355063
0.00354208
0.00315443
0.00337502
0.00269568
0.0028475
0.00216579
0.00232812
0.000759238
0.000756839
0.000756165
0.000753957
0.000749327
0.000750117
0.00075388
0.000759941
0.000764764
0.000746978
0.000741819
0.000746828
0.000742308
0.000748227
0.000744793
0.00075046
0.000746286
0.000747634
0.000749189
0.000750655
0.000752757
0.000754043
0.000775763
0.000777418
0.000786682
0.000816045
0.000803247
0.000780936
0.000912124
0.000872421
0.000876089
0.000845779
0.000952961
0.00382932
0.00337782
0.000977394
0.000937518
0.00119414
0.00115942
0.00177498
0.00218043
0.00223433
0.00211189
0.00305076
0.00257633
0.00227256
0.00251454
0.0023502
0.00394768
0.00414207
0.00377639
0.00396549
0.00323681
0.00293325
0.00237416
0.00219104
0.00188976
0.00179597
0.000607531
0.00134824
0.00767586
0.00987865
0.00229552
0.00576143
0.00967011
0.0106805
0.00857524
0.00738782
0.0107102
0.0102592
0.00694938
0.00582197
0.00571897
0.00380044
0.00439535
0.00351502
0.00316349
0.00331374
0.00416044
0.00345018
0.00393249
0.00334457
0.00360685
0.00363585
0.00388114
0.00378613
0.00375749
0.00362531
0.0035674
0.00335288
0.00366509
0.00381423
0.00345272
0.00361693
0.00372666
0.00359424
0.0037066
0.00358728
0.00354869
0.00355177
0.00364223
0.00363194
0.0036192
0.00326306
0.00342272
0.00276591
0.00293834
0.00222355
0.00239965
0.000788439
0.000663983
0.000759282
0.000760242
0.000759202
0.000757619
0.000756803
0.000754806
0.000755973
0.000758356
0.000763599
0.000763891
0.000780533
0.000747284
0.00074668
0.000748048
0.000748547
0.000751144
0.000749146
0.000750006
0.00075179
0.000753115
0.000754001
0.000755743
0.000775804
0.00079968
0.000802617
0.000848902
0.000793165
0.000799828
0.000950816
0.000896418
0.000905338
0.000851505
0.00101135
0.00115554
0.000902085
0.00389714
0.00373802
0.00191989
0.00161223
0.00243036
0.0031935
0.00318593
0.00282815
0.00299705
0.00342696
0.00363537
0.00305413
0.00384547
0.00446742
0.00305112
0.00354319
0.0025485
0.00224967
0.00181573
0.0016687
0.000595434
0.00090656
0.00597539
0.00920843
0.00156147
0.00343644
0.00873019
0.0103384
0.00975927
0.00878867
0.00961974
0.0102195
0.00720594
0.00850403
0.00785541
0.00651265
0.00567721
0.00561693
0.00492355
0.00393685
0.00409471
0.00509659
0.00442993
0.00397688
0.00418646
0.00376597
0.00383982
0.00411602
0.00397332
0.00382391
0.00390802
0.00364272
0.00367306
0.00378706
0.00360501
0.00375736
0.00362118
0.00367981
0.00352109
0.00356982
0.00352829
0.00344918
0.0033056
0.00350138
0.00342413
0.00287517
0.00304828
0.00229663
0.00250649
0.000761123
0.000779861
0.000807574
0.000699021
0.000758862
0.000756994
0.000757586
0.000758819
0.000758646
0.00075848
0.000757318
0.000758372
0.000755017
0.000757555
0.00077262
0.000764346
0.000758897
0.000760965
0.000750695
0.000751921
0.000752922
0.000753147
0.000753999
0.000755655
0.000756858
0.000757971
0.000758122
0.000779358
0.000794964
0.000808519
0.000840018
0.000849668
0.000823296
0.000947427
0.00103458
0.000889541
0.000955783
0.00109882
0.00130074
0.00128617
0.00144794
0.00180945
0.0037776
0.00404683
0.00481938
0.00296228
0.00409872
0.00377122
0.0040024
0.00430261
0.00425307
0.00466568
0.00351566
0.00399326
0.00285432
0.00241657
0.0019701
0.00171085
0.000655817
0.00072
0.0044784
0.0077018
0.00114169
0.00231229
0.0072062
0.00889904
0.00990153
0.00941036
0.00848268
0.00940309
0.00774613
0.00822365
0.00928292
0.00869504
0.00570084
0.0072936
0.00672464
0.00648549
0.00596851
0.00445011
0.00476853
0.00534305
0.00509945
0.00431843
0.00447804
0.00422684
0.00352804
0.00369964
0.00373089
0.00386921
0.00397285
0.0031254
0.00303746
0.00333894
0.00355131
0.00355341
0.00316176
0.00328582
0.00333909
0.00332535
0.00309962
0.00318291
0.0029406
0.0031238
0.00308205
0.00237871
0.00257572
0.000745254
0.000756172
0.000764985
0.000787958
0.000809819
0.000719774
0.000756971
0.000755319
0.000756722
0.000757826
0.000760087
0.000759753
0.00076102
0.00075839
0.000749881
0.000753629
0.000753326
0.000756414
0.000746194
0.000747147
0.000743666
0.000743828
0.000783139
0.000764679
0.000757826
0.000762885
0.000756992
0.00076218
0.000761765
0.000759754
0.000759947
0.00075978
0.00076604
0.00076436
0.000767313
0.000797109
0.000824274
0.000805858
0.000846381
0.000876275
0.00087489
0.000907456
0.00102678
0.00109957
0.000959138
0.00102362
0.00122446
0.00138714
0.00271572
0.00309559
0.00222451
0.00346696
0.00398648
0.00438169
0.00392296
0.00470388
0.00485143
0.00564689
0.00511711
0.00453107
0.00534059
0.00340465
0.00280571
0.0023286
0.00197105
0.000724829
0.000704299
0.00337565
0.00549595
0.000938191
0.00182717
0.00554403
0.00801489
0.00915814
0.00937133
0.00762945
0.00854398
0.00803543
0.00862118
0.00913583
0.00889803
0.0057636
0.00621948
0.00796421
0.0067116
0.00747364
0.00707699
0.00550443
0.00481852
0.00496346
0.00443321
0.00478532
0.00398777
0.00440187
0.00304036
0.00341157
0.00346661
0.0037391
0.00273728
0.00232272
0.00238599
0.00232635
0.00268469
0.00301898
0.00303198
0.00256847
0.00265076
0.00264627
0.00255654
0.00231868
0.00271588
0.000752543
0.000737646
0.000745639
0.00074896
0.000760336
0.000772383
0.000791487
0.000815602
0.000735648
0.000737841
0.000733998
0.000737103
0.0007336
0.000735684
0.000742137
0.000740939
0.000741275
0.000740168
0.000741516
0.000739684
0.000742309
0.000739512
0.000735665
0.000736598
0.000739096
0.000737462
0.000741002
0.000738418
0.000739104
0.000756258
0.000754543
0.000756583
0.000757625
0.000762017
0.000764015
0.000758674
0.000749021
0.000753137
0.000753079
0.000755969
0.000745693
0.000748172
0.00074308
0.000744612
0.000767717
0.000769191
0.000777556
0.000768131
0.000769226
0.000770927
0.000770238
0.000768924
0.000772008
0.000775463
0.000773902
0.000775995
0.000771834
0.000783966
0.000810522
0.000792159
0.000853812
0.000827881
0.000878788
0.000928747
0.000920803
0.000974134
0.0011574
0.00128409
0.00105012
0.00118328
0.00169997
0.0026654
0.00551324
0.0050912
0.00484199
0.00450724
0.00500428
0.00534156
0.00572379
0.00361477
0.00435629
0.0055073
0.00439607
0.00540197
0.0029895
0.00243323
0.00082336
0.000703123
0.00462368
0.00259453
0.00350314
0.000844607
0.00146234
0.00611759
0.00714437
0.00822706
0.00868516
0.00662332
0.00740605
0.00618808
0.00859583
0.00839519
0.00870188
0.00593582
0.00660792
0.00818688
0.00767109
0.00695354
0.00746084
0.00563964
0.00512498
0.00463778
0.00506678
0.00398279
0.00440991
0.00290566
0.00371413
0.00329845
0.00290715
0.00220967
0.0025088
0.00186937
0.00178985
0.00214456
0.00212215
0.00172088
0.00167526
0.00162713
0.000805612
0.000796491
0.000821902
0.000740588
0.000749505
0.00075598
0.000767601
0.00078099
0.000738939
0.000742873
0.000736793
0.000738843
0.000734024
0.000737755
0.000740788
0.000741769
0.000738095
0.000740273
0.000735278
0.000739189
0.000731719
0.000738005
0.000732226
0.000736335
0.000731048
0.000735978
0.000735911
0.000756695
0.000755257
0.000757731
0.00075972
0.00076167
0.000749216
0.000753261
0.000753574
0.000754908
0.000745956
0.000748963
0.000744101
0.000745749
0.000762865
0.000771971
0.000767566
0.000785604
0.000781657
0.000783223
0.000786995
0.00078423
0.000789777
0.000793635
0.000783921
0.000786294
0.000781876
0.000825838
0.000805131
0.000806345
0.000886433
0.000848675
0.000923857
0.00100235
0.00098865
0.00109482
0.00110504
0.00208231
0.00118876
0.00137297
0.00344494
0.00480688
0.00586498
0.00581849
0.00644405
0.00638738
0.00709451
0.00659162
0.00579118
0.00561179
0.00506879
0.00315408
0.00413495
0.000876694
0.000874121
0.00084301
0.00327916
0.0044795
0.00192694
0.00298167
0.00120736
0.00495711
0.00558138
0.00749411
0.00815945
0.00491506
0.00696919
0.00543405
0.00605787
0.00645742
0.00598132
0.00808772
0.00798368
0.00612283
0.00668825
0.00780321
0.00755684
0.00689913
0.00729102
0.00594526
0.00541532
0.0047098
0.00522347
0.00406129
0.0046018
0.00337726
0.00393787
0.0027694
0.00333405
0.00197306
0.0025212
0.00137656
0.00155998
0.00140036
0.000749959
0.000812302
0.000852529
0.00077566
0.000791905
0.000746614
0.000757243
0.000765196
0.000745096
0.00074883
0.000743658
0.000743803
0.000741191
0.000742691
0.000742748
0.000743627
0.000742608
0.000742434
0.00074233
0.00074224
0.000741806
0.000742726
0.000740951
0.000742017
0.000743093
0.000757931
0.000758
0.000761115
0.000761908
0.000750049
0.00075422
0.00075508
0.000757299
0.000747491
0.000750643
0.000745325
0.000748839
0.000770783
0.00077077
0.000787443
0.000779208
0.000811574
0.00080283
0.000817843
0.000811417
0.000799249
0.000805652
0.000817228
0.000811421
0.000795555
0.000820732
0.000802813
0.000804342
0.000865957
0.000862946
0.000948632
0.000930024
0.00105319
0.00107256
0.00123047
0.00117783
0.00161151
0.00261938
0.00139153
0.00177941
0.00513487
0.00633866
0.00745293
0.00625417
0.00583686
0.00700081
0.00699013
0.00641189
0.00519234
0.00484767
0.00154643
0.000859959
0.000898658
0.000848703
0.00109463
0.00111407
0.00380852
0.00256443
0.0028662
0.00453113
0.00400703
0.00748324
0.00702744
0.00449069
0.00502324
0.00655007
0.006166
0.00511372
0.00548833
0.00537914
0.00576783
0.00753239
0.0073214
0.00629103
0.00668878
0.00730838
0.00720183
0.00689414
0.00513351
0.00600688
0.00551811
0.0045449
0.00513228
0.00370205
0.00434939
0.00281047
0.00334916
0.00179382
0.00231929
0.000793042
0.000804847
0.000755244
0.000766664
0.000778984
0.00074702
0.000759135
0.000745948
0.000750285
0.000744578
0.000745116
0.000743016
0.000746863
0.000741833
0.000745342
0.000741994
0.000745132
0.000742249
0.000745018
0.000744712
0.000766005
0.000760092
0.000763575
0.000767663
0.000754232
0.000756148
0.000760681
0.000758
0.000752038
0.000754446
0.000750719
0.000752756
0.000788741
0.000784724
0.000785703
0.00080426
0.000791872
0.000837713
0.000835839
0.0008316
0.000846385
0.000870134
0.000859895
0.00086398
0.000845757
0.000845436
0.00082797
0.00081499
0.000858222
0.000845203
0.000875903
0.000954638
0.000938744
0.00125618
0.00122106
0.00107798
0.00113039
0.0016117
0.00152509
0.0038069
0.00507852
0.00368483
0.00646707
0.00725309
0.00715454
0.00691665
0.00640929
0.00607637
0.00514045
2.50945e-05
0.00265421
0.000817245
0.00149389
0.00207131
0.000860523
0.000875366
0.000939232
0.000957121
0.00110372
0.00112647
0.00367409
0.00346495
0.00436208
0.00406195
0.00685738
0.006475
0.00443737
0.00472476
0.00598641
0.00564408
0.00464807
0.00501902
0.00513565
0.00698133
0.00667487
0.00624317
0.0066631
0.00673893
0.00660998
0.00555441
0.00599688
0.00457479
0.0051906
0.00344737
0.00396266
0.0023213
0.0028298
0.000798389
0.000764032
0.000780956
0.00078966
0.000786686
0.000755269
0.000765578
0.000749778
0.000758108
0.000749989
0.000753188
0.000748424
0.000750829
0.00074944
0.000748721
0.000749293
0.000749036
0.00074895
0.000755367
0.000767602
0.000764112
0.000781554
0.000763239
0.00075998
0.000759222
0.000783268
0.000761662
0.000760641
0.000762023
0.000789374
0.000787122
0.00079899
0.000812383
0.000812009
0.000838417
0.000827229
0.000876595
0.000884113
0.000895215
0.000893984
0.00095919
0.000927468
0.000928216
0.000883452
0.000878724
0.00091421
0.000906725
0.000952753
0.000956782
0.00112346
0.00106513
0.00155799
0.00137999
0.00145397
0.00138978
0.0065352
0.00401047
0.00647935
0.00603569
0.00605339
0.00647387
0.00584983
0.00602429
0.0032471
0.00249874
0.00314203
0.000860802
0.000825948
0.00145292
0.0018435
0.000923519
0.000934013
0.00103444
0.00106362
0.00119621
0.00402936
0.00383566
0.00419453
0.00404278
0.00611817
0.00573226
0.00409198
0.00433942
0.00425241
0.00469452
0.00505083
0.00626422
0.0059465
0.00601077
0.00608186
0.00623123
0.00512842
0.0055911
0.00388179
0.00436979
0.00271329
0.00315979
0.00080983
0.000834066
0.000773682
0.000778442
0.000795454
0.000815612
0.000764133
0.000770509
0.000757266
0.000764606
0.000753647
0.000760553
0.000758701
0.000756307
0.000757678
0.000760493
0.000759701
0.000795713
0.000767068
0.000767308
0.000769439
0.000769883
0.00078661
0.000766726
0.000793944
0.000787929
0.000772327
0.000768048
0.000819194
0.000814326
0.000842856
0.000828623
0.000876551
0.000859125
0.000915295
0.000902966
0.000952392
0.00098987
0.00109497
0.00101861
0.00101334
0.000968774
0.000961565
0.000988511
0.000990948
0.00105487
0.00111904
0.00108018
0.00146636
0.00127725
0.00571753
0.00257481
0.00307399
0.00238307
0.00602037
0.0056973
0.00558902
0.00583517
0.00527524
0.00497923
0.00361609
0.00296919
0.00351433
0.00238688
0.00285358
0.000905108
0.000856224
0.00148126
0.00183593
0.00100039
0.00104232
0.00124733
0.00395774
0.00391136
0.0038973
0.00387843
0.00456973
0.00485349
0.00541906
0.00372474
0.0038718
0.00367677
0.00398286
0.00369502
0.005675
0.00533011
0.0052161
0.00532222
0.00407025
0.00440527
0.00296066
0.00330009
0.000830103
0.000858802
0.000782648
0.000798977
0.000814892
0.000833922
0.000776937
0.000782808
0.00076668
0.000770719
0.000774258
0.000776482
0.000773995
0.000769024
0.000774305
0.000814943
0.000812514
0.000776423
0.000773825
0.000781815
0.000781357
0.000797499
0.000806445
0.000788723
0.000801856
0.000793553
0.000873216
0.000868127
0.000854593
0.000905377
0.000883139
0.000954567
0.000978396
0.000981302
0.00103539
0.00102487
0.00140066
0.00114787
0.00110373
0.00115697
0.00111265
0.00109518
0.00127927
0.00122951
0.00132446
0.00121152
0.00160764
0.00381048
0.0037189
0.00574335
0.00492346
0.00536267
0.005423
0.00548531
0.00458577
0.00474873
0.0034954
0.00373296
0.00389925
0.00287874
0.00339733
0.00221191
0.00278316
0.000921845
0.000970855
0.00136691
0.00181048
0.001124
0.00116552
0.00381464
0.00388217
0.00378152
0.00352065
0.00364473
0.00446133
0.0039215
0.00479011
0.00307903
0.00319798
0.00321492
0.00284655
0.00340843
0.00467573
0.00452442
0.00393402
0.00403261
0.00298222
0.00319727
0.000870244
0.000918643
0.00079849
0.000807452
0.000846669
0.000864465
0.000786033
0.000788456
0.000798219
0.000795444
0.000785689
0.000789098
0.000787316
0.000847275
0.000823888
0.000811304
0.000806033
0.000797296
0.000819155
0.000822756
0.000813203
0.000830232
0.000816943
0.000945453
0.000931214
0.000923101
0.000885912
0.00104966
0.00108876
0.00105759
0.0010925
0.00114464
0.00111499
0.00130163
0.00123281
0.00243158
0.00142037
0.00148238
0.00157364
0.00178082
0.00175413
0.00194857
0.00505669
0.00373983
0.00586995
0.00600114
0.00543465
0.00550967
0.00447148
0.00473233
0.0035556
0.00376144
0.00385263
0.0029343
0.00332856
0.0021363
0.00278915
0.00108824
0.00104859
0.00157081
0.00130588
0.00170719
0.00380262
0.00349615
0.00362807
0.00361355
0.00378902
0.00372456
0.00292264
0.00319157
0.0034437
0.00389757
0.00247362
0.00253846
0.00243271
0.0028746
0.00351739
0.00348309
0.00276994
0.00288458
0.0010699
0.00090525
0.000959194
0.000827082
0.000845685
0.000865084
0.000912346
0.000825117
0.000811924
0.000843513
0.000826807
0.000827154
0.00085761
0.00084642
0.000882241
0.00086306
0.000844679
0.00083814
0.000859443
0.000864093
0.000865212
0.000869541
0.00105445
0.00100359
0.000995898
0.000947457
0.00141052
0.00147355
0.00134726
0.00130903
0.00124207
0.00179195
0.00203042
0.00307674
0.00524713
0.00574943
0.00498395
0.00372034
0.00518214
0.00549816
0.00604327
0.00595169
0.00584343
0.00541881
0.00581972
0.00449696
0.00480421
0.00356796
0.00374022
0.00213111
0.00287303
0.00278173
0.00332447
0.00128089
0.00136962
0.00148125
0.00170612
0.00374618
0.00370015
0.00373647
0.00310055
0.00334418
0.00352406
0.00351164
0.00323368
0.00225474
0.00254775
0.0026546
0.00292681
0.00187748
0.00206683
0.00202501
0.00235155
0.00235675
0.00122053
0.00129204
0.000982154
0.0012029
0.000896674
0.000895665
0.000977295
0.000890178
0.000870785
0.000871166
0.000908579
0.000815001
0.000961158
0.000914435
0.000899872
0.000925615
0.000955195
0.000930487
0.000935732
0.000907992
0.000921938
0.00114561
0.00112999
0.00104146
0.00104763
0.00243498
0.00329738
0.00252389
0.00347834
0.00287015
0.0039668
0.00260577
0.00463043
0.00474046
0.00607253
0.00743343
0.00608472
0.00600651
0.00658345
0.00668815
0.00759719
0.00565312
0.00588297
0.00456919
0.00494743
0.0034459
0.00364192
0.00236859
0.00277735
0.0031236
0.00331254
0.00143971
0.00166299
0.00198369
0.00217829
0.00375824
0.00364155
0.00353026
0.0032571
0.00325549
0.00246694
0.0029271
0.00294546
0.00170781
0.00202216
0.00136592
0.00159337
0.00182648
0.00159875
0.000872195
0.00142662
0.00153346
0.00107538
0.00107394
0.00134258
0.000948894
0.000925988
0.000913136
0.00111029
0.00120708
0.00119959
0.00121764
0.00122485
0.000973509
0.000939482
0.00102756
0.00100112
0.000952819
0.00303894
0.00170617
0.00202263
0.00152226
0.00294402
0.00515239
0.005457
0.00445973
0.00534456
0.00393082
0.00475741
0.00348029
0.00421419
0.00638599
0.00623727
0.0069065
0.00691719
0.0060129
0.00664531
0.00661955
0.00505707
0.00552992
0.00366162
0.00366378
0.00313557
0.00295299
0.00339968
0.0019612
0.00233922
0.00290488
0.00370531
0.00361918
0.00349728
0.00322244
0.00303325
0.00251812
0.00250883
0.00205099
0.00159822
0.00133319
0.00251206
0.00179186
0.00214686
0.0014638
0.00152457
0.00144518
0.00153009
0.00173622
0.00152339
0.00174352
0.00137901
0.00142418
0.00146234
0.00137488
0.00156158
0.00154485
0.00178348
0.0018549
0.00234664
0.00361978
0.0026926
0.00291676
0.00295579
0.00368961
0.00442716
0.00474475
0.00622762
0.00581998
0.00579426
0.00551899
0.00564989
0.00508592
0.00554242
0.00632352
0.00611479
0.00579574
0.00613019
0.00594461
0.00347996
0.00361451
0.00293887
0.00318441
0.00332901
0.0036944
0.00358619
0.0034601
0.00323143
0.00305965
0.00268663
0.0022536
0.00164478
0.002811
0.00326563
0.00219785
0.00260916
0.00168954
0.00171422
0.00184655
0.00223688
0.00203077
0.00165954
0.00193988
0.00173768
0.00224481
0.00208403
0.00214318
0.00281382
0.00282908
0.00273217
0.00390746
0.00357152
0.00360878
0.00360578
0.00482687
0.00487073
0.0050074
0.00547404
0.0057161
0.00573006
0.00551753
0.00551011
0.00526327
0.0051263
0.00513554
0.00360027
0.00363056
0.00345906
0.00337487
0.00368887
0.00350595
0.00342366
0.00313856
0.00300648
0.00260018
0.00254958
0.00335643
0.00325758
0.00310426
0.00307483
0.00288099
0.00267958
0.00284729
0.00304179
0.00302676
0.00265197
0.00302007
0.00349434
0.00366331
0.00327416
0.00350243
0.00346707
0.00391492
0.004326
0.00466165
0.00447184
0.00485257
0.0044242
0.00473074
0.0042532
0.00406115
0.00483026
0.00501845
0.00388182
0.00375512
0.00363388
0.00365603
0.00359551
0.00358654
0.00339784
0.00328727
0.0030078
0.00288886
0.00249904
0.00239114
0.0036011
0.00352847
0.00354541
0.00347185
0.00369719
0.00349196
0.00356973
0.00357101
0.00351736
0.00381246
0.00398847
0.00396997
0.0038893
0.0039998
0.00418365
0.00416329
0.00445774
0.00401215
0.00421386
0.00332691
0.00322094
0.00295243
0.00280269
0.00371247
0.00356125
0.00372806
0.0036795
0.00350922
0.00325659
0.00314802
0.00290903
0.00277728
0.00238261
0.00227898
0.00391715
0.00369797
0.00368385
0.00374332
0.00375108
0.00391832
0.00379562
0.00379269
0.00400211
0.00410065
0.003999
0.00388894
0.00392285
0.00397596
0.00412816
0.00354773
0.00367932
0.00284088
0.00285874
0.00231296
0.00230103
0.00364345
0.00368511
0.00354479
0.00336555
0.00311261
0.00306978
0.00278662
0.00270245
0.00230695
0.00220174
0.00377637
0.00384596
0.00366362
0.00368788
0.0037163
0.003781
0.0036732
0.00379026
0.00387277
0.00359272
0.00370254
0.00355753
0.00354764
0.00344026
0.00317716
0.00338337
0.00241256
0.0025889
0.00199061
0.00198196
0.00343308
0.00335009
0.00296119
0.00287163
0.00262855
0.00255969
0.00224689
0.00212864
0.00339103
0.00352798
0.00323959
0.00334687
0.00322333
0.00302798
0.00317145
0.00314907
0.00301377
0.00289398
0.00305038
0.00288643
0.00230164
0.00249346
0.0017235
0.00184976
0.00287518
0.00279694
0.00245586
0.00243864
0.00225529
0.00204503
0.00213335
0.00286104
0.0028936
0.00267067
0.00258298
0.00260229
0.00241596
0.00224831
0.00248044
0.00222923
0.00247166
0.00218205
0.00169171
0.00186386
0.00221812
0.00220317
0.00197451
0.00189522
0.00153605
0.00201656
0.00209653
0.00187531
0.00208228
0.00197492
0.00137148
0.00140775
0.00178763
0.00186297
0.00121342
0.000652013
0.00169191
0.00168723
0.00150762
0.00145259
0.00128979
0.00150305
0.00148467
0.000786681
0.00103868
0.000675023
0.00129199
0.0013191
0.000747169
0.000992718
0.00107006
0.000724295
2.60573e-05
)
;

boundaryField
{
    top
    {
        type            symmetryPlane;
    }
    bottom
    {
        type            symmetryPlane;
    }
    inlet
    {
        type            calculated;
        value           uniform 0.000851986;
    }
    outlet
    {
        type            calculated;
        value           nonuniform List<scalar> 
17
(
0.000666265
0.000658994
0.000677834
0.000667751
0.000660309
0.000656735
0.000677494
0.000669906
0.000669982
0.000674092
0.00148321
0.00083477
0.000660634
0.000675937
0.00196288
0.000741489
0.00152879
)
;
    }
    deck
    {
        type            nutkWallFunction;
        Cmu             0.09;
        kappa           0.41;
        E               9.8;
        value           nonuniform List<scalar> 
60
(
5.71466e-07
0
0
0
9.37749e-08
0
0
0
0
6.28298e-08
7.55771e-08
0
0
0
0
0
0
0
0
0
0
0
0
0
0
0
0
0
0
0
0
0
0
0
0
0
0
0
0
0
0
0
0
0
0
0
0
0
0
0
0
0
0
0
0
0
0
0
0
0
)
;
    }
    frontAndBack
    {
        type            empty;
    }
    defaultFaces
    {
        type            empty;
    }
}


// ************************************************************************* //
