/*--------------------------------*- C++ -*----------------------------------*\
  =========                 |
  \\      /  F ield         | OpenFOAM: The Open Source CFD Toolbox
   \\    /   O peration     | Website:  https://openfoam.org
    \\  /    A nd           | Version:  8
     \\/     M anipulation  |
\*---------------------------------------------------------------------------*/
FoamFile
{
    version     2.0;
    format      ascii;
    class       surfaceScalarField;
    location    "0.073";
    object      phi;
}
// * * * * * * * * * * * * * * * * * * * * * * * * * * * * * * * * * * * * * //

dimensions      [0 3 -1 0 0 0 0];

internalField   nonuniform List<scalar> 
1107
(
0.000315988
-0.000643388
0.000633494
-0.000306094
0.000616968
-0.00030098
-2.96871e-05
0.000646655
0.000304962
0.000538556
-0.000106654
-0.000736865
-0.000968718
0.000630292
-9.76567e-05
0.000701464
0.000286064
-5.36018e-05
-1.49161e-05
-3.72723e-05
0.000683927
-3.30511e-05
1.43469e-05
-8.79496e-05
0.000180752
-0.000148833
-6.49693e-05
0.000300272
-0.000856385
-0.00126768
0.000599238
-0.000207466
0.000740101
0.000760967
-9.67756e-05
4.17076e-05
0.000814911
-9.56516e-05
3.58078e-06
-4.28359e-05
-1.13353e-05
0.000725635
0.000853068
2.99215e-05
-6.8078e-05
6.44731e-05
-0.000126751
-8.65555e-05
2.51488e-05
-4.86253e-05
0.000227395
-0.000140759
-0.000213387
0.000277847
-0.000115422
0.000296552
-0.00087509
-0.00151061
0.000539474
-0.000366498
0.00075827
0.000828766
-0.000185441
0.000899229
-0.000166114
5.21559e-06
-2.29026e-05
-6.11975e-06
-2.22924e-05
0.000865049
1.03115e-05
0.000755556
0.000946173
-0.000115022
0.000963474
-3.95935e-05
0.000951858
-2.38976e-05
3.55136e-05
3.54042e-05
-7.27549e-05
-4.92048e-05
1.3622e-05
-2.68431e-05
-8.23998e-05
-0.000131114
0.000322167
-0.000215173
-0.00032038
0.000397171
-0.000190426
0.000306687
-0.000784605
0.000459871
-0.00166379
-0.000570355
0.000743331
0.000880865
-0.000308036
0.000968443
-0.000253692
2.99797e-06
-1.22786e-05
-3.12178e-06
8.8159e-05
0.000916901
-5.32019e-05
0.00085347
-1.23193e-05
0.000765868
0.00102611
-0.000172689
0.00105048
-6.39615e-05
0.00103964
4.63478e-05
0.000999433
0.00012837
-0.000118507
0.000932827
0.000185114
5.74526e-05
-0.000104205
-3.56472e-05
2.76047e-05
-1.93569e-05
1.0414e-05
-9.65252e-06
-0.00012977
-0.000216517
-6.19167e-05
-0.000172058
0.000691201
-0.000801685
0.000902305
-0.00046701
0.0010109
-0.000362288
2.20818e-06
-4.07271e-06
-9.136e-07
0.000865653
-6.72589e-05
0.000823939
-2.36708e-05
0.000753549
0.000822858
-0.0001474
0.000257369
0.00107959
-0.000241375
0.00111069
-9.50634e-05
0.00110238
5.46587e-05
0.00105828
0.000172471
0.000974506
0.000268884
4.5651e-05
-3.06062e-05
-7.69616e-05
2.44412e-05
-1.44373e-05
1.14679e-05
-6.38363e-06
4.27932e-06
-2.4639e-06
0.000877236
-0.000653045
0.00100526
-0.000490316
8.8256e-07
-6.75951e-07
-3.10399e-08
0.00033414
0.000670016
-0.000181298
0.000790608
-7.23562e-05
0.000785615
-2.8935e-05
0.000729878
0.000827238
0.000404638
0.000622679
0.000538698
0.000388297
-0.00129506
0.00152945
0.00108446
-0.000320574
0.00112433
-0.000134933
0.00112315
5.58421e-05
0.00107775
0.000217872
0.000975218
0.000371415
-3.58711e-05
-5.5797e-05
6.10618e-05
-1.92678e-05
-3.10405e-05
-9.09218e-06
-1.65593e-05
-3.37984e-06
-8.17625e-06
-6.70585e-07
-3.38521e-06
-7.01625e-07
0.000988002
0.000345407
-0.000945113
0.00037151
-0.000996558
0.00068805
-7.87397e-05
0.000739101
-2.58424e-05
0.000700943
0.000793476
0.00058638
0.000547562
0.000784612
0.000411893
0.00166511
0.000483358
0.000916537
-5.78823e-05
-9.54248e-05
9.75101e-05
-3.1331e-05
-5.75919e-05
-1.47863e-05
-3.3104e-05
-5.47329e-06
-1.74892e-05
-1.09569e-06
-7.76281e-06
-1.79731e-06
0.000101451
0.000300661
-5.67046e-05
0.000227765
-0.000801368
0.000357808
-0.000666317
0.000680878
-2.05161e-05
0.0006751
0.0004159
0.00016891
-4.46235e-05
-0.000125339
7.45379e-05
-2.45266e-05
-7.76887e-05
-1.18009e-05
-4.58297e-05
-4.48902e-06
-2.48011e-05
-9.73154e-07
-1.12787e-05
-2.77047e-06
0.000246475
0.000202968
-0.000148782
0.000201332
-3.02715e-05
0.000136231
-0.00057979
0.000342994
-0.000328433
0.000654584
0.000297731
0.000364644
-1.47587e-05
-0.000134213
2.36324e-05
-8.36339e-06
-8.4084e-05
-4.13891e-06
-5.00542e-05
-1.66022e-06
-2.72798e-05
-4.0507e-07
-1.25338e-05
-3.17554e-06
0.000150018
0.000136496
-8.35459e-05
0.000129096
-7.65457e-05
0.000120988
-1.50289e-05
7.00074e-05
-0.000306804
0.000326151
0.000201931
0.000245818
1.39948e-05
-0.000122559
-2.56483e-05
7.11155e-06
-7.72007e-05
3.16891e-06
-4.61115e-05
1.11801e-06
-2.52289e-05
1.79615e-07
-1.15954e-05
-2.99592e-06
0.000129934
7.89193e-05
-7.2357e-05
8.59929e-05
-4.04431e-05
7.41973e-05
-2.97548e-05
5.93497e-05
-4.37118e-06
1.93472e-05
0.000120002
0.000211863
-8.92889e-05
6.00037e-05
0.000149287
1.62193e-05
-3.57584e-05
-0.00010302
7.57667e-06
-6.85581e-05
3.2388e-06
-4.17737e-05
1.16872e-06
-2.31588e-05
2.25022e-07
-1.06517e-05
-2.7709e-06
3.85105e-05
-4.88801e-05
4.86384e-05
-3.50025e-05
4.90606e-05
-1.53063e-05
3.54288e-05
-5.83392e-06
1.49761e-05
-5.23092e-05
2.40093e-05
8.83036e-05
-3.18871e-05
5.77098e-05
-6.75964e-05
-1.25589e-05
-4.2487e-05
-2.81543e-06
-2.03952e-05
-5.58632e-06
1.4521e-05
-2.83197e-05
2.31355e-05
-2.33772e-05
2.72495e-05
-1.31915e-05
2.32036e-05
-3.08109e-06
9.14214e-06
4.93299e-06
-2.58438e-05
4.49201e-05
-2.07499e-06
7.07124e-06
7.25471e-06
-1.2251e-05
-1.29795e-05
5.604e-05
-6.34557e-05
-1.85658e-05
-1.93159e-06
-8.22988e-06
1.50945e-05
2.33208e-06
-1.36549e-05
8.21946e-06
-1.34036e-05
1.26565e-05
-8.78422e-06
1.2728e-05
-2.71587e-06
6.06106e-06
1.56655e-06
4.38296e-06
-8.02451e-06
-4.98277e-07
3.46996e-06
4.09954e-06
-1.88913e-06
8.47983e-06
-1.68599e-05
1.02692e-05
-3.1054e-06
-3.361e-07
1.5099e-06
-1.79457e-06
-4.10323e-06
8.9717e-07
-6.33262e-06
4.24541e-06
-4.9925e-06
5.79477e-06
-1.851e-06
3.34518e-06
3.51053e-06
1.70747e-06
-3.65145e-06
1.67775e-06
2.20691e-06
1.18003e-07
1.46283e-06
-7.53358e-07
3.04829e-06
6.18489e-06
-2.68366e-06
4.81435e-06
-2.38919e-05
2.17613e-05
-2.17625e-06
2.17318e-06
-3.10233e-06
-2.23963e-06
1.08947e-07
-1.41791e-06
-1.78815e-06
2.36338e-07
-2.32355e-06
1.84512e-06
-1.04285e-06
1.49418e-06
3.84884e-06
-3.38698e-07
3.84589e-10
2.6636e-06
7.216e-07
1.33907e-06
9.85842e-07
2.42384e-07
4.67084e-07
-2.00936e-07
5.65566e-07
-5.83195e-07
5.39752e-06
-1.21512e-06
1.7425e-06
-2.70363e-06
-1.40629e-06
1.33984e-06
-1.48202e-06
1.73052e-07
-9.4051e-07
-6.11299e-07
3.63206e-09
-4.82067e-07
4.51334e-07
2.70821e-06
-2.27745e-06
3.41808e-06
2.6582e-06
-3.33313e-07
1.8012e-06
2.59473e-07
8.8352e-07
3.44706e-07
1.82787e-07
8.33601e-08
-1.76296e-08
-1.68819e-06
-9.52408e-07
1.42548e-06
-6.61392e-07
9.97589e-07
-8.4239e-07
7.00212e-07
-8.73756e-07
1.06297e-07
-4.9665e-07
-1.11017e-07
-3.0732e-08
1.50362e-06
-2.0358e-06
3.24038e-06
1.72693e-06
-1.34619e-06
1.6847e-06
-2.16821e-07
1.07554e-06
6.74567e-08
4.62427e-07
6.50648e-08
6.57302e-08
-2.47198e-06
-1.39697e-06
2.18075e-06
-1.04698e-06
-5.66827e-07
-3.37065e-07
4.92262e-07
-4.55289e-07
2.81745e-07
-4.23485e-07
3.3132e-08
-1.41749e-07
2.15665e-06
1.27771e-06
-1.93074e-06
8.36159e-07
-1.14504e-06
1.01765e-06
-6.79142e-07
9.59007e-07
-1.00294e-07
5.2427e-07
5.61376e-09
1.30795e-07
-2.93674e-06
-7.53326e-07
1.21809e-06
-1.63444e-06
-8.09516e-07
-6.10438e-07
-2.93456e-07
-1.52676e-07
1.89647e-07
-2.04021e-07
6.22802e-08
-1.08618e-07
-2.83547e-06
1.91413e-07
-2.92684e-07
1.2965e-06
-1.97532e-06
1.35225e-06
7.61608e-07
4.32077e-07
-5.59472e-07
5.44284e-07
-2.6442e-07
4.50391e-07
-2.64159e-08
1.36408e-07
-1.96012e-06
-4.27659e-07
-1.01398e-06
-4.05971e-07
-3.25656e-07
-1.20477e-07
-5.3571e-08
3.91962e-08
-4.63379e-08
-1.88451e-06
1.15795e-07
7.64223e-07
7.98897e-07
3.94786e-07
1.99096e-07
-2.14286e-07
2.42053e-07
-5.60815e-08
1.09992e-07
-1.22903e-06
-2.12616e-07
-5.71896e-07
-1.59731e-07
-1.46164e-07
-2.78842e-08
-7.14201e-09
-1.17452e-06
6.12882e-08
3.88597e-07
4.3179e-07
1.6209e-07
7.16057e-08
-4.38399e-08
5.39108e-08
-7.00069e-07
-8.44442e-08
-2.70082e-07
-3.58143e-08
-3.50265e-08
-6.65346e-07
2.65648e-08
1.5504e-07
1.96047e-07
3.76481e-08
1.00703e-08
-3.34768e-07
-1.97584e-08
-7.08408e-08
-3.1554e-07
7.33584e-09
3.55461e-08
4.7718e-08
-9.05994e-08
-8.3264e-08
0.000597178
-0.00138178
-0.00106661
0.0003234
-0.000539917
0.000860692
-0.000537292
0.000540312
0.00130424
-0.000763926
0.00111381
-0.000267971
0.00157007
-0.00183804
0.000503456
-0.000298229
-0.00139491
0.000630982
0.000139434
-0.000311492
-0.000400484
4.44262e-05
-0.000121388
-0.000267066
0.00033185
-0.000732334
0.00117716
-0.000845311
0.00063987
-0.000755038
0.00207404
-0.00144306
0.000236004
0.00130967
-0.00107367
0.00101144
0.0003584
0.00101925
-0.00177429
-0.000423809
-6.0326e-05
0.000230335
-0.000290661
-3.67308e-05
-0.000769065
-6.73825e-05
-0.000701682
0.00137394
-0.00144132
0.000528625
-0.00124567
0.00142813
-0.00185194
0.000354465
0.000887038
-0.000532573
-0.00124544
0.000755122
-0.00137917
0.0010586
-0.000624048
0.000990073
-0.00223574
-0.000861871
0.000861453
0.000803662
0.00177799
-0.000412935
0.000999316
-0.00149409
0.00135915
-0.00043549
-0.00116233
0.000749397
-0.000790918
-0.00132526
0.0013811
3.38934e-05
-0.00129354
0.000502618
-0.00107566
0.000305437
-0.000193151
0.000132842
-0.000325992
-0.00056884
0.000281249
-0.000850089
-0.00116007
0.000202688
-0.00136276
-0.00203305
0.00114361
-0.00200548
-0.000611038
-1.30108e-05
-0.00066726
0.00023177
-0.000680271
-2.45419e-05
-0.00200851
-0.00203002
-0.000901687
0.00170535
-0.000117075
0.000882241
0.000281919
0.00149607
0.00198727
0.00166498
-2.67133e-05
0.000908954
-0.0010169
0.000990186
-0.000267502
-0.000587013
0.000620907
-0.000355243
-0.000971424
0.000703922
-0.000468806
-0.000797946
0.00032914
-0.000492509
0.000128398
-0.000251454
8.12115e-05
-0.000332666
-0.000768878
3.49685e-05
-0.000803846
-0.00132779
-0.000350904
-0.000976885
-0.00235941
0.000884745
-0.00123999
0.000204474
-0.00182555
-0.00142591
0.00018592
0.000920268
-0.00274582
-0.00143914
0.000538781
0.00144849
0.00144774
-0.00100913
0.00137377
0.000655854
0.00210434
9.88697e-05
0.00134887
0.00108906
4.40908e-05
0.00104496
0.000748013
0.000217905
0.000530108
0.000547045
0.000675443
-0.000750465
-0.000309033
1.00456e-05
-0.000319079
-0.000793801
-0.000349433
-0.000444368
-0.00132632
-0.000424809
-0.000901509
-0.00186395
0.00201392
-0.001828
-0.000731903
0.00173279
-0.00248325
-9.52077e-05
0.00128856
-0.00202046
-0.000575397
-0.000617131
0.000862948
0.000756642
-0.00121303
0.00196967
0.00089131
0.00224017
0.0014062
0.000833973
0.00245117
0.00298127
-0.000632532
0.00205923
-0.0014267
0.00311578
-0.00013451
-0.000344727
0.000565031
-0.00114043
-9.40189e-05
-0.000250708
-0.000538387
-0.000119143
-0.000419244
-0.00102065
-0.000455621
0.00182438
0.000234856
-0.00172917
-0.000291289
-0.000733345
0.000968201
-0.000977249
-0.000163179
0.000647997
-0.000939286
-0.000329251
-0.0011789
0.00044556
-0.000325333
0.000537195
0.000537616
2.80289e-05
-0.000605772
0.000577743
-0.00115088
-0.00012276
0.000349233
-0.000226472
-0.000728532
-0.000703014
0.00124063
0.00126666
0.00210063
-0.000341432
-0.000809444
-0.00176813
0.00121699
0.000883638
0.00108248
-0.000685651
-0.000286467
0.000394862
-0.000558041
-0.000676734
0.000221114
-0.000281872
-0.000125808
-0.000160659
-0.000545052
-0.000323938
-0.00126096
0.000321671
-0.000292756
-0.000608619
0.000315862
-0.000163059
-0.000503019
-5.50223e-05
0.00083227
-0.0005106
-0.000676672
0.000513613
-9.89294e-05
0.000369071
-1.98386e-05
0.000270142
-0.000219614
0.000199776
1.721e-05
0.000144666
-0.000161876
-0.000202404
-0.000428877
-0.000259276
-0.000169601
-0.000113
0.000262286
0.000424196
-0.000149261
0.000573457
0.00109137
0.00031734
-0.000576616
-0.000411192
-0.00122064
0.000468774
0.000622595
-0.000666761
-0.000553875
0.00135241
-2.1558e-05
0.000109862
0.000240728
0.000113868
-0.000274528
-1.08483e-05
-0.000466314
0.000184442
-0.000521336
-0.000100944
-0.000173584
-0.000424882
-0.00024044
0.000483774
2.98397e-05
-0.000799636
0.000289036
-0.000531983
1.06467e-05
-0.000242946
-0.000300898
0.000330738
-0.000346527
4.56292e-05
-7.63855e-05
-0.000238798
0.000162413
-3.90223e-05
-0.000132033
9.3011e-05
1.26323e-05
5.50574e-06
2.43829e-05
-2.98886e-05
1.27604e-05
-2.40485e-05
4.84314e-05
6.9813e-05
-9.38615e-05
8.24453e-05
-4.69362e-05
-4.69253e-05
-0.000208812
-2.42592e-05
-5.62944e-06
-7.11845e-05
-1.78804e-05
-0.000102295
-0.000106517
-0.000271896
-0.000104194
-0.000167701
-0.000680811
-9.42697e-05
0.000334998
0.000479187
0.00110178
-0.00044369
-0.000237121
0.000997564
0.000104218
1.87211e-05
2.6199e-05
0.000128583
4.65893e-05
8.19935e-05
0.000381587
5.40433e-05
-0.000227627
1.35531e-05
-7.32799e-05
-0.000154347
-0.00031372
-0.000303074
-0.000234926
-6.81479e-05
-0.000477872
-0.000147134
0.000191994
-2.95816e-05
-0.000237624
9.04894e-05
5.34802e-05
2.89651e-05
0.000146491
0.00011691
4.09935e-05
7.43785e-06
6.99586e-05
1.77071e-05
-4.91517e-05
-2.20328e-05
-0.000155668
-2.30978e-05
5.21737e-06
-4.51306e-05
-2.80717e-06
1.52417e-05
-1.47248e-07
4.14407e-05
-0.000103298
-5.237e-05
-0.000271
-0.000148714
-0.000122286
-0.000385835
0.000342251
3.93364e-05
0.000446469
6.06339e-05
9.44734e-06
3.19934e-05
9.14409e-05
0.000130777
9.71174e-05
-2.71588e-05
0.000214027
-0.000236368
8.20215e-05
-0.000304516
-1.85658e-05
-5.39752e-06
-8.06749e-06
7.92025e-06
-6.5576e-06
-4.08001e-05
-4.33052e-06
-9.317e-05
-1.2723e-05
9.91583e-06
-1.70535e-05
6.26436e-06
1.1456e-05
-3.53573e-06
4.34493e-05
-7.52897e-05
-1.78803e-05
-0.000197576
-0.000136942
3.34776e-05
9.97172e-06
0.000164255
2.7313e-05
-8.41751e-06
4.88177e-06
5.09076e-06
-8.1931e-06
-1.46684e-06
-9.88435e-06
-7.67721e-07
-7.42538e-06
-3.47137e-06
-3.03695e-05
1.3316e-05
-4.82499e-05
-1.81384e-06
8.0782e-06
1.15021e-05
8.07856e-06
1.31509e-05
-8.2691e-06
2.31226e-05
3.05113e-05
-7.38877e-06
-5.78243e-05
9.57444e-06
-4.50569e-07
-9.43378e-06
-8.71968e-06
-2.52146e-06
-4.90392e-06
-1.19552e-05
-2.04589e-06
-6.94982e-06
2.83144e-06
8.6707e-06
1.24059e-05
-4.2552e-06
7.67326e-06
3.82336e-06
1.2494e-05
-2.5772e-06
-6.14248e-06
-9.96598e-06
-1.1273e-05
1.30699e-06
1.13289e-06
8.30568e-07
6.84269e-06
4.07093e-06
-8.18957e-06
-3.76567e-06
-1.43321e-05
-4.76907e-06
-8.53475e-06
4.99029e-07
6.34366e-06
1.29931e-05
1.4126e-05
-1.29999e-05
-1.33221e-06
1.16929e-05
2.43308e-06
2.14018e-06
8.48384e-06
-7.31667e-06
-8.64888e-06
-8.94158e-06
6.5085e-06
)
;

boundaryField
{
    movingWall
    {
        type            calculated;
        value           uniform 0;
    }
    fixedWalls
    {
        type            calculated;
        value           uniform 0;
    }
    frontAndBack
    {
        type            empty;
        value           nonuniform List<scalar> 0();
    }
    defaultFaces
    {
        type            empty;
        value           nonuniform List<scalar> 0();
    }
}


// ************************************************************************* //
