/*--------------------------------*- C++ -*----------------------------------*\
  =========                 |
  \\      /  F ield         | OpenFOAM: The Open Source CFD Toolbox
   \\    /   O peration     | Website:  https://openfoam.org
    \\  /    A nd           | Version:  8
     \\/     M anipulation  |
\*---------------------------------------------------------------------------*/
FoamFile
{
    version     2.0;
    format      ascii;
    class       surfaceScalarField;
    location    "0.002";
    object      phi;
}
// * * * * * * * * * * * * * * * * * * * * * * * * * * * * * * * * * * * * * //

dimensions      [0 3 -1 0 0 0 0];

internalField   nonuniform List<scalar> 
662
(
-1.20813e-05
8.07413e-06
4.00719e-06
9.67133e-06
-2.17526e-05
-4.43581e-05
2.23922e-05
3.004e-05
-8.60984e-06
1.2617e-05
-7.03274e-05
3.56406e-05
5.80401e-06
-2.75566e-05
4.62212e-05
-3.24388e-05
-1.02809e-05
2.28979e-05
-8.5034e-05
2.05106e-05
1.60979e-06
-2.91664e-05
3.22176e-08
-6.45646e-05
-3.14693e-07
6.48471e-05
-2.01324e-05
2.01647e-05
7.43434e-05
-3.84031e-05
2.93658e-05
-6.4679e-06
-8.8565e-05
5.14086e-06
-6.79904e-07
-2.84865e-05
7.17583e-07
-6.18339e-05
-3.44821e-06
-1.94149e-05
3.21661e-05
-2.80033e-06
9.04393e-05
-2.25638e-05
-8.68707e-05
-2.37427e-06
-2.29525e-06
-2.61913e-05
2.36011e-06
-5.43753e-05
-9.81875e-06
-1.70548e-05
3.37026e-05
-1.53645e-06
9.70033e-05
-9.36439e-06
8.69883e-08
6.62577e-05
-6.6072e-05
-2.72663e-07
2.07565e-05
-2.06695e-05
-8.1703e-05
-7.46295e-06
-2.15104e-05
-4.68087e-06
-1.32583e-05
-8.25209e-06
-8.39386e-06
-4.86445e-06
2.76664e-06
-4.67499e-05
-1.0392e-05
-1.42881e-05
-0.000113507
-0.000768947
0.000882454
3.83244e-05
-4.62182e-06
6.50278e-05
-2.67033e-05
-4.84789e-05
0.000102025
-6.55772e-06
-7.20713e-07
6.35168e-05
3.46163e-06
2.00358e-05
-7.0423e-05
-1.59609e-05
-4.89695e-05
-2.97055e-05
-2.75857e-05
-2.97777e-05
1.10787e-05
-1.59431e-05
1.64055e-06
-4.20128e-05
-6.37768e-06
-1.26475e-05
-0.000260503
0.000584466
-0.00109291
-0.000892808
0.00177526
0.00011976
-2.23577e-05
0.000184089
-9.10319e-05
-0.000124893
-2.42395e-06
5.56322e-05
1.03086e-05
1.76119e-05
-5.71746e-05
4.06676e-05
1.20213e-05
-2.79644e-05
2.32719e-07
-4.76659e-07
-4.17688e-05
-1.24148e-05
0.00104946
-0.0013578
-6.55211e-05
0.00184078
-3.25861e-06
4.57881e-05
1.31027e-05
1.43532e-05
-8.78133e-05
4.26601e-05
-3.47096e-05
6.74521e-06
0.0011843
-0.000200369
0.00185912
-1.83398e-05
-2.73407e-06
3.56891e-05
1.28331e-05
1.16192e-05
-3.73064e-05
2.59674e-06
-0.000104086
2.30177e-05
0.0018583
8.2579e-07
0.00124525
-7.92892e-05
-4.7482e-06
2.30387e-05
1.73986e-05
6.87099e-06
-3.89883e-05
1.6819e-06
-0.00011025
8.76077e-06
-1.00478e-06
-5.94632e-05
5.7006e-05
3.46192e-06
-1.84573e-05
1.74525e-05
0.00183509
2.32038e-05
0.00127449
-2.84128e-05
-0.00173583
0.000930417
0.000805418
-4.23252e-05
3.33696e-06
0.00179728
3.78183e-05
0.0017727
2.45709e-05
3.68695e-05
0.000120126
0.000810291
6.98885e-05
5.02371e-05
2.75633e-05
-0.000115639
7.07073e-06
-2.46389e-07
-5.96409e-05
4.24152e-07
-1.87037e-05
0.00127652
2.11742e-05
-0.000157567
-8.62832e-06
4.00336e-05
0.000126162
-0.00107756
0.000645229
0.00123775
-0.000130709
1.8407e-05
0.00125082
6.35237e-05
0.00119523
8.01529e-05
0.000154545
0.000257987
0.00119753
0.000193139
0.000115086
8.99932e-05
7.42062e-07
-5.67211e-05
-3.66186e-06
-1.79616e-05
-0.000164488
-1.70449e-06
8.62533e-06
-4.97848e-05
4.11565e-05
1.44597e-06
-5.21763e-05
-5.99083e-06
-1.65157e-05
-0.000150068
4.52737e-06
-1.8947e-05
-5.14893e-05
1.91747e-06
-4.38127e-05
-1.0281e-05
-1.45982e-05
-0.000129187
7.19456e-06
-2.80756e-05
-4.69619e-05
6.24781e-06
-3.01499e-05
-1.99106e-05
-8.35033e-06
-0.000113657
4.7789e-06
-2.03091e-05
-3.97674e-05
4.59782e-06
-2.08404e-05
-9.74142e-05
-3.49885e-05
-3.03907e-05
0.000198554
-0.000162913
-6.83106e-05
9.83506e-05
0.000130243
6.59117e-05
-0.000375248
0.000214581
0.000160667
-0.000211506
-0.000163742
-0.000281422
0.000152971
0.000128451
-6.68407e-05
-0.000308744
9.72376e-05
-5.37902e-05
-0.000254954
-0.000169949
0.000116159
7.94513e-05
-0.000242365
-0.000212092
0.000291543
-0.000375834
5.01141e-06
-0.000259965
-0.000370822
-0.000221854
-4.19288e-05
-0.000218036
-0.000170263
-0.000212192
-0.000148566
0.000214478
-0.00027322
0.000433887
-1.83231e-05
4.09249e-05
0.000392962
0.000193896
0.000176075
3.91104e-05
0.000154786
0.000184924
-5.64731e-05
0.000224034
-0.000231567
0.000175094
-0.000298408
-0.00020117
-8.50117e-05
2.01647e-05
9.58507e-05
-0.000317705
-0.000274972
-0.000493008
-0.000312564
-1.8543e-05
-0.000474465
-0.00021564
-0.000234183
-8.85669e-05
0.000264642
0.000304395
0.000459181
0.000242078
8.53429e-05
0.000373838
0.000169779
5.42553e-05
0.000255122
8.83526e-05
8.67416e-05
0.000142608
2.06695e-05
4.95967e-05
-0.00036216
-0.000424868
-0.000364535
1.2432e-05
-0.0004373
-0.000244002
-0.00023157
-8.15731e-05
0.000323651
0.000292265
0.000314287
0.000172574
8.2548e-05
0.000464839
0.000142335
0.000224883
-6.87624e-06
-0.000357659
-0.000444177
-0.000365121
-0.000463492
1.93159e-05
-0.000285433
-0.000178059
-0.000241962
-0.000222646
0.000321321
-7.03439e-06
0.000314764
0.000476416
-1.1577e-05
0.000469381
0.000228345
0.000216768
-0.000132778
-0.000232343
-0.000418212
-0.000332616
-8.55963e-05
-0.000248304
-0.000146304
-0.000186312
0.000154785
-0.000240382
-0.000288239
0.00011018
-0.000133454
-0.000229024
-0.000118844
0.000385878
-7.11147e-05
0.000363521
0.00050996
-4.0579e-05
0.000438846
0.000227076
0.000186498
0.000131832
-0.000197174
6.53419e-05
-0.00010855
-0.000254854
-6.10585e-05
-0.000136115
0.000141119
-0.000170825
-0.000107185
-0.000293497
1.51447e-05
-0.000308641
-0.000239709
-6.46802e-05
-0.000106144
-9.44579e-05
-5.37903e-05
-0.000177672
4.42178e-05
-0.00011233
-0.00011932
-7.51026e-05
-7.52667e-05
-3.7063e-05
-0.000136325
-6.06638e-05
-7.56613e-05
0.000808644
-0.000933537
0.00156813
-0.000759482
0.000475216
-0.000882582
0.000431416
-6.78954e-05
0.000340384
-0.000593152
-0.000322011
0.000254116
0.000481414
-4.25683e-05
0.000159403
0.0001996
0.000157032
5.70657e-05
-0.000650218
0.000685722
-0.000628657
0.000206769
-0.000267433
-7.06541e-05
-0.000169055
3.82696e-05
-0.000144414
0.000270372
-0.000439427
-0.000198204
-0.000181254
-8.61797e-05
-0.000155544
-0.00022688
4.56263e-05
3.85671e-06
-0.000230737
-0.000129286
5.41836e-05
-0.000166349
0.000242011
-0.000196384
-1.24148e-05
-0.00173733
0.000977844
-0.0010516
9.5262e-05
-0.000464736
-0.000586868
-0.000105107
0.000444693
-0.000190578
-0.000205525
0.000237242
-7.78396e-05
4.66647e-05
0.000169865
9.20254e-05
0.000567804
-0.000113986
-0.000453819
-0.000281736
-0.000346921
-0.000746472
-0.000178667
2.5747e-05
-0.000231272
-0.000321174
-0.000297983
-0.000141444
-0.000384163
-0.000380306
-0.000296988
-0.00027397
-2.67362e-05
-0.00035357
-0.000205948
-2.47889e-05
-0.000232684
-0.000121926
-7.44586e-05
-0.000146715
-1.74525e-05
-0.000993249
0.00040638
-0.00110723
0.000301273
0.000221984
-0.000276868
-0.000830366
0.000487203
-0.000764071
0.000156426
-0.000109762
-7.48454e-05
0.000700636
-0.000213433
0.000246817
0.000115064
5.30239e-06
0.000313892
-6.70747e-05
0.000135224
5.70367e-05
-0.000131882
-0.000264137
-0.000128913
-0.000344413
0.00013098
-6.63844e-05
-0.000287186
-0.000340354
-0.000331594
-0.000172261
-6.04227e-05
-0.000459447
-0.000143253
-0.000203675
3.16248e-05
-0.000861991
0.000253609
0.000225196
-0.000442787
-0.000321284
-0.00130478
-0.000304379
-0.000625663
2.95719e-05
-2.42696e-05
-0.00010231
-0.000231223
0.000298298
-0.000167318
6.87099e-06
-4.11565e-05
-0.00036652
3.49258e-05
-0.000359449
-0.000448845
-1.06012e-05
-0.00041392
-0.000203251
-0.000213853
0.00018432
4.08763e-05
0.000205494
-0.00126045
-4.43259e-05
-0.00121958
-0.000617038
-0.000661364
0.000575389
0.000662359
0.00177292
-0.000377583
1.81343e-05
-0.000359176
-0.000371308
-4.26118e-05
-0.000353174
-0.000217514
-0.000260126
0.000183894
2.16e-05
0.000247417
-0.00133294
0.000113361
-0.00131134
-0.000680311
-0.00056695
0.000127392
2.71528e-05
0.000789751
-0.000426703
6.75272e-05
-0.00033671
0.000253699
-6.28153e-06
0.000333852
0.000361005
-0.00102304
0.00068633
-0.000864967
0.00165472
-0.000907954
0.000492518
0.000193812
0.000330852
-0.000263325
-0.000446269
9.30954e-05
-0.000115417
-0.000266117
-0.000173022
0.000842931
-0.000849213
-0.00138852
7.71871e-05
-0.000545592
-0.000595025
-0.000517838
-0.000739312
0.00110032
0.000915406
0.000418926
7.35913e-05
0.000155602
-0.00120007
0.000350859
-9.9755e-05
0.000156506
0.0007589
0.000350318
0.000123796
0.000226522
0.000197388
-0.000240381
0.000124964
-8.47797e-05
-0.000183303
-5.83382e-05
-0.000744339
0.000198747
-0.00039348
-0.000538147
-0.0003394
-0.000616149
0.000516395
0.000142751
-0.000166376
8.15967e-05
3.10111e-05
-0.00058067
0.00018719
-6.42754e-05
-0.000102938
0.000133949
0.000123584
0.000266334
-8.84881e-05
-6.89143e-06
-0.000360241
-0.000173051
-0.000300856
0.000127805
-3.51523e-05
2.82609e-05
9.8797e-05
-0.000365131
-8.35034e-06
3.03907e-05
)
;

boundaryField
{
    movingWall
    {
        type            calculated;
        value           uniform 0;
    }
    fixedWalls
    {
        type            calculated;
        value           uniform 0;
    }
    frontAndBack
    {
        type            empty;
        value           nonuniform List<scalar> 0();
    }
    defaultFaces
    {
        type            empty;
        value           nonuniform List<scalar> 0();
    }
}


// ************************************************************************* //
