/*--------------------------------*- C++ -*----------------------------------*\
  =========                 |
  \\      /  F ield         | OpenFOAM: The Open Source CFD Toolbox
   \\    /   O peration     | Website:  https://openfoam.org
    \\  /    A nd           | Version:  8
     \\/     M anipulation  |
\*---------------------------------------------------------------------------*/
FoamFile
{
    version     2.0;
    format      ascii;
    class       volVectorField;
    location    "0.002";
    object      U;
}
// * * * * * * * * * * * * * * * * * * * * * * * * * * * * * * * * * * * * * //

dimensions      [0 1 -1 0 0 0 0];

internalField   nonuniform List<vector> 
656
(
(0.733085 0.05603 -9.66163e-25)
(0.925513 0.0142618 1.91583e-24)
(0.942608 -0.00146169 0)
(-0.0914098 0.103386 1.5996e-23)
(0.536409 0.094419 1.17326e-23)
(0.797292 -0.000413383 0)
(-0.0569931 0.0598374 -5.20977e-23)
(-0.014354 0.0171957 7.54849e-24)
(0.948957 -0.00047657 0)
(-0.000689509 0.107944 -2.76338e-24)
(-0.00333965 0.145593 -9.2112e-23)
(-0.118926 0.145198 0)
(0.344088 0.13073 1.09144e-23)
(0.635371 0.00421359 0)
(0.825453 8.43524e-06 -1.88988e-22)
(0.823607 -0.00034612 5.87137e-23)
(0.000949797 0.0658623 2.2266e-23)
(0.00134883 0.0219379 0)
(0.946508 -0.000377863 -4.20076e-23)
(0.820681 -0.000229016 -1.81017e-22)
(-0.00962125 0.0607552 9.06227e-23)
(-0.00412207 0.0426722 0)
(-0.0181646 0.0781985 1.58719e-24)
(-0.00807334 0.175602 2.12938e-22)
(-0.138204 0.182079 -2.1551e-22)
(0.166816 0.160943 -2.40818e-23)
(0.460767 0.0122785 0)
(0.683377 0.00266197 2.99586e-22)
(0.682074 0.00065169 -1.03135e-22)
(-0.00113251 0.0249466 0)
(-0.000103196 0.0082345 0)
(0.818493 -0.000124986 6.79574e-23)
(0.944341 -0.000241006 -4.79313e-23)
(0.678244 0.000383212 2.48796e-22)
(0.675204 9.82687e-05 -6.85691e-23)
(0.677393 -2.31233e-05 -1.50882e-22)
(-0.00424502 0.0431051 -1.25604e-22)
(-0.00181514 0.0302119 2.00432e-23)
(-0.00842519 0.0553637 -2.25526e-22)
(-0.0301184 0.0937794 -1.8627e-22)
(-0.0160991 0.194849 1.96668e-22)
(-0.147615 0.211293 -2.29698e-23)
(0.0161136 0.18151 5.13134e-22)
(0.282683 0.0231659 0)
(0.525261 0.00778483 0)
(0.524793 0.00281573 -4.48024e-22)
(-0.000567046 0.0175812 -6.33076e-24)
(-0.00010871 0.00577022 0)
(0.683436 -0.000212514 1.73071e-22)
(0.81961 2.26478e-05 -3.90951e-23)
(0.94284 -0.000114918 6.67283e-24)
(0.520096 0.00171327 0)
(0.516152 0.000608898 0)
(0.519337 -9.96382e-05 -1.47916e-22)
(0.527635 -0.00104254 6.52613e-22)
(0.529821 -0.00209095 0)
(-0.00697837 0.0289691 2.43974e-22)
(-0.00354496 0.0220003 3.55457e-22)
(-0.00153315 0.0150397 -3.49215e-22)
(-0.0147218 0.0656366 -2.22849e-22)
(-0.012229 0.0352265 7.04176e-22)
(0.114682 0.0358278 -1.44292e-22)
(0.357935 0.0154578 2.07321e-22)
(0.359108 0.0062619 -6.36077e-22)
(-0.000488287 0.00849847 5.63602e-23)
(-0.000105822 0.00259787 7.40566e-23)
(0.685313 -0.000405127 -3.69289e-22)
(0.823366 0.000167193 1.21279e-22)
(0.94301 2.19931e-05 7.96505e-24)
(0.527083 -0.00749342 -1.25477e-23)
(0.354287 0.00378745 0)
(0.349762 0.00145453 2.57532e-22)
(0.353957 -0.000137697 2.82963e-22)
(0.364054 -0.00227731 -1.25145e-21)
(0.366211 -0.00486772 3.27573e-22)
(-0.00639741 0.0134585 1.09592e-21)
(-0.00337861 0.0104034 2.72653e-24)
(-0.00160625 0.00735083 0)
(-0.000621108 0.00465016 1.29546e-22)
(0.194259 0.0264991 0)
(0.199226 0.0116508 8.16184e-22)
(-0.000129789 0.00240667 -1.22634e-22)
(1.93613e-05 0.000601947 -3.77956e-23)
(0.456887 -0.0107095 6.79265e-22)
(0.684448 -0.00257656 2.15223e-22)
(0.825011 0.000344479 0)
(0.944652 0.000161447 -7.51366e-23)
(0.360875 -0.0149653 -4.15652e-22)
(0.2782 -0.0206797 1.00075e-21)
(0.179501 -0.166448 -1.20794e-21)
(0.195812 0.00690636 0)
(0.191416 0.0027567 6.37129e-23)
(0.196662 -0.00014675 -2.01788e-22)
(0.207608 -0.00420755 7.23944e-22)
(0.209105 -0.00933156 -1.25584e-21)
(-0.0140506 0.00505604 4.7351e-22)
(-0.010477 0.00276607 -4.98779e-22)
(-0.00723885 0.0013361 -2.45897e-22)
(-0.00451048 0.000517465 4.94044e-22)
(-0.0022987 0.000101674 5.93212e-23)
(-0.000549579 -2.06188e-05 -3.58691e-23)
(-0.140868 -0.186776 7.36563e-23)
(0.357775 -0.136404 -8.10936e-23)
(0.632154 -0.00358171 -1.11693e-21)
(0.825707 -1.42594e-05 0)
(0.946186 0.000333463 0)
(0.199418 -0.0265297 7.90238e-22)
(0.110409 -0.0326895 -3.99832e-22)
(0.0234652 -0.185217 1.38052e-22)
(-0.148444 -0.211767 1.83883e-21)
(-0.0339912 0.00719391 0)
(-0.0273889 0.00414534 2.42777e-22)
(-0.0205766 0.00217402 -8.5773e-22)
(-0.0139555 0.000980251 2.38866e-22)
(-0.00779315 0.000331478 -5.69235e-23)
(-0.00221195 8.96753e-05 -3.53126e-23)
(-0.0072951 -0.182182 0)
(-0.123099 -0.152166 0)
(0.547864 -0.0992376 6.63151e-22)
(0.795076 0.000469714 -5.72408e-23)
(0.948258 0.000461052 -1.50312e-22)
(-0.0135489 -0.196383 -2.21035e-21)
(-0.0476762 0.0051853 0)
(-0.0385758 0.00309558 2.58362e-22)
(-0.0291778 0.00165595 -5.4616e-24)
(-0.0199793 0.000788417 1.29086e-22)
(-0.0113201 0.000316974 -6.07091e-23)
(-0.00340407 0.000117714 0)
(-0.0184865 -0.0834943 -7.73018e-22)
(-0.00308038 -0.155561 0)
(-0.0959335 -0.110369 6.44968e-22)
(0.739928 -0.0591818 0)
(0.941167 0.00148703 1.11925e-22)
(-0.0300247 -0.09674 0)
(-0.05685 0.00361099 0)
(-0.0460651 0.00211854 1.63875e-22)
(-0.0349058 0.00117066 -4.74762e-22)
(-0.0239738 0.000592042 1.54492e-22)
(-0.0136853 0.00027224 6.81162e-23)
(-0.00426123 0.000117358 -2.31606e-23)
(-0.00730576 -0.0638368 3.93135e-22)
(-0.0101225 -0.0668343 0)
(-0.000434087 -0.11823 -5.67875e-22)
(-0.0604988 -0.064853 5.46346e-22)
(0.927181 -0.0150049 0)
(-0.0126915 -0.0732096 0)
(-0.0595759 0.0028588 2.09999e-22)
(-0.0479465 0.00179633 -2.01794e-22)
(-0.0361602 0.000999197 1.95605e-22)
(-0.0247601 0.000494244 -3.76612e-22)
(-0.0141275 0.000216542 5.18152e-22)
(-0.00448105 8.82326e-05 -6.91693e-23)
(-0.00620516 -0.0391725 3.45062e-22)
(-0.00369871 -0.0511803 -7.43309e-22)
(-0.00421131 -0.0479969 2.12448e-22)
(0.00161032 -0.0731704 -5.82231e-22)
(-0.0139424 -0.0184593 1.5522e-23)
(-0.0106773 -0.0454796 0)
(-0.00697662 -0.0295641 -7.69112e-23)
(-0.0586405 0.0027099 -2.58584e-22)
(-0.0467122 0.00197166 1.04549e-21)
(-0.034966 0.00118114 -9.98212e-22)
(-0.0238582 0.000571037 0)
(-0.0135968 0.000214942 0)
(-0.00435525 6.68984e-05 -7.60785e-24)
(-0.00404502 -0.0255768 1.64239e-22)
(-0.00320716 -0.031136 5.53616e-24)
(-0.00141736 -0.0367279 5.67615e-22)
(-0.000822964 -0.0283489 -2.08911e-22)
(0.00222278 -0.0234148 0)
(-0.00465144 -0.018404 1.23155e-21)
(-0.0356789 0.00145574 1.14094e-21)
(-0.0243648 0.00109279 -1.1819e-21)
(-0.0138605 0.000450533 0)
(-0.00442702 0.00010491 -1.07527e-23)
(-0.00274177 -0.0157225 -3.26244e-22)
(-0.00207023 -0.0203321 -1.28354e-22)
(-0.00130955 -0.0222006 2.66891e-22)
(-0.000221114 -0.0217083 -1.84707e-22)
(0.000228554 -0.00891911 7.0121e-23)
(-0.00306698 -0.0109442 0)
(-0.00202289 0.0107263 -1.32946e-21)
(-0.0271779 0.000369334 0)
(-0.00980109 0.0001831 -3.75543e-23)
(-0.00184873 -0.00629379 0)
(-0.00179141 -0.00929817 -3.28272e-22)
(-0.00141164 -0.0123603 -6.3602e-22)
(-0.000861728 -0.0144833 -8.83351e-23)
(-0.000299345 -0.0130859 1.81608e-22)
(0.00013856 -0.00703829 -7.03909e-23)
(-0.00145594 0.00784012 2.74762e-21)
(-0.00115738 0.00831477 2.82787e-21)
(-0.00168612 0.00802666 9.04918e-23)
(-0.00115062 -0.00350878 -6.50958e-22)
(-0.00107146 -0.00526477 9.75344e-25)
(-0.000914653 -0.00725326 1.70054e-22)
(-0.000604161 -0.00872065 5.15843e-22)
(-0.000227102 -0.00853858 1.07529e-23)
(2.15318e-05 -0.00431092 -3.23557e-23)
(-0.00107156 0.00547064 9.42816e-25)
(-0.00080235 0.00610704 -2.29588e-21)
(-0.000584067 0.00610468 -6.83317e-22)
(-0.00083204 0.00523384 0)
(-0.00138453 0.0090913 1.87995e-21)
(-0.000737102 -0.00178011 -3.49054e-22)
(-0.000650771 -0.00290634 3.47631e-22)
(-0.000540321 -0.00404533 1.72767e-22)
(-0.000394815 -0.00507439 0)
(-0.00018102 -0.00509969 -1.69174e-22)
(-1.3408e-05 -0.00284268 2.43643e-23)
(-0.00081753 0.00333235 1.10545e-21)
(-0.000591222 0.0043083 4.44163e-22)
(-0.000395593 0.00445503 2.59777e-22)
(-0.000242803 0.0040859 6.98935e-23)
(-0.00024964 0.00288694 -7.82796e-23)
(-0.000233159 0.00286702 1.35409e-21)
(-0.000385108 -0.000603951 1.45769e-21)
(-0.000402151 -0.00145585 -5.45422e-22)
(-0.000320685 -0.00220716 -3.57686e-22)
(-0.000231674 -0.00278827 -1.74055e-22)
(-0.000123895 -0.00294085 0)
(-2.90176e-05 -0.00168773 -1.55638e-23)
(-0.000608327 0.00175096 0)
(-0.000450938 0.0026485 -3.81019e-22)
(-0.000288804 0.00316684 -1.30962e-21)
(-0.0001647 0.00295352 4.2366e-22)
(-7.03052e-05 0.00227941 -4.64672e-22)
(-3.27553e-05 0.000870368 1.24122e-23)
(-0.000609511 -0.000187078 -6.33226e-22)
(-0.000193692 -0.000453011 9.6512e-22)
(-0.000194341 -0.00108638 -9.33888e-22)
(-0.000134731 -0.00150134 1.79284e-22)
(-7.2734e-05 -0.0015895 0)
(-2.42203e-05 -0.000958323 1.53889e-23)
(-0.000320672 0.000563939 0)
(-0.000328269 0.00139502 7.37238e-22)
(-0.000218668 0.00195259 9.56623e-22)
(-0.000120185 0.00210968 1.24836e-21)
(-4.90505e-05 0.00163442 -4.39336e-22)
(-1.20869e-05 0.0007094 -2.86348e-23)
(-0.00130356 -0.000243431 -7.56011e-22)
(-0.000430625 -0.000103839 0)
(-8.65746e-05 -0.000307431 6.93073e-22)
(-7.84367e-05 -0.000723488 0)
(-4.10035e-05 -0.000841308 0)
(-1.48757e-05 -0.000500853 0)
(-0.000586661 0.000192957 8.40571e-22)
(-0.000159826 0.000414416 -7.62897e-22)
(-0.000156481 0.00102255 -7.50181e-22)
(-9.01269e-05 0.00129902 -5.58341e-22)
(-3.64322e-05 0.00116779 -5.7786e-22)
(-8.84308e-06 0.000498344 1.71314e-23)
(-0.00165821 -8.21127e-05 0)
(-0.00103248 -0.000140459 1.89366e-22)
(-0.000281227 -5.14451e-05 0)
(-3.12405e-05 -0.000184588 -1.19182e-27)
(-2.12774e-05 -0.000394383 0)
(-7.73052e-06 -0.000252704 -1.21116e-22)
(-0.00166408 7.49554e-05 0)
(-0.0013152 0.000243773 -7.58646e-22)
(-0.000420958 0.00010594 -2.11472e-22)
(-7.07499e-05 0.000275926 3.91575e-22)
(-6.2008e-05 0.000672157 -5.56083e-22)
(-2.64819e-05 0.000713863 -1.75797e-22)
(-7.28506e-06 0.00035028 1.21745e-22)
(-0.0013194 -4.70146e-05 -2.54008e-23)
(-0.000763874 -7.32763e-05 -2.83148e-22)
(-0.00016553 -1.94034e-05 0)
(-5.0173e-06 -8.9078e-05 -1.4572e-22)
(-2.68513e-06 -0.000109547 1.2218e-22)
(-0.00132177 4.35407e-05 2.82173e-24)
(-0.00104026 0.000138518 8.51937e-22)
(-0.000278792 5.19489e-05 -3.65811e-28)
(-2.49945e-05 0.000162745 -2.99953e-26)
(-1.60275e-05 0.000362161 -3.55731e-22)
(-4.71426e-06 0.000206127 1.11837e-22)
(-0.000984615 -2.45394e-05 2.0007e-22)
(-0.000511662 -3.21093e-05 1.38199e-22)
(-7.96425e-05 -3.11491e-06 -1.70092e-22)
(2.06693e-06 -1.95796e-05 3.09793e-23)
(-0.000984919 2.30565e-05 2.8157e-24)
(-0.000768378 7.22363e-05 -1.88548e-22)
(-0.000166039 1.96769e-05 6.0836e-22)
(-3.58115e-06 7.71186e-05 -2.85156e-22)
(-1.63892e-06 9.80051e-05 -3.6243e-27)
(-0.000667462 -1.11069e-05 0)
(-0.000284345 -1.03026e-05 1.53481e-22)
(-1.81186e-05 1.70258e-06 1.0743e-22)
(-0.000666862 1.05548e-05 0)
(-0.000513559 3.15868e-05 -2.75527e-22)
(-8.0698e-05 3.37722e-06 5.30607e-22)
(2.03174e-06 1.64279e-05 5.90755e-23)
(-0.000377846 -3.95949e-06 -1.3054e-24)
(-8.53038e-05 -2.21319e-06 -1.92785e-22)
(-0.00037716 3.77436e-06 1.3037e-24)
(-0.000284781 1.00816e-05 -1.52761e-22)
(-1.86418e-05 -1.50012e-06 1.51336e-22)
(-0.000120602 -1.06518e-06 5.84355e-23)
(-0.000120316 1.0012e-06 0)
(-8.53589e-05 2.11807e-06 -1.4741e-23)
(-0.156118 0.231112 2.83625e-21)
(-0.0815072 0.205169 4.7832e-22)
(-0.0228277 0.0727591 0)
(-0.0445266 0.0948781 3.32635e-21)
(-0.0450438 0.107141 -3.51541e-21)
(-0.0598167 0.140768 0)
(-0.0379706 0.19991 0)
(-0.118602 0.240188 -1.31342e-21)
(-0.136277 0.191097 0)
(-0.129825 0.174371 -2.19588e-21)
(-0.019156 0.058485 4.94574e-21)
(-0.0762031 0.133209 0)
(-0.0190448 0.0402734 -4.45565e-22)
(-0.0290687 0.0549914 0)
(-0.0107606 0.0156195 -4.72106e-21)
(-0.0223267 0.0301671 4.82996e-21)
(-0.0398417 0.05568 -2.8131e-21)
(-0.0545093 0.0665189 0)
(-0.0526583 0.0910368 0)
(-0.0702171 0.101968 7.4862e-22)
(-0.106665 0.144082 0)
(-0.137773 0.150316 2.33536e-21)
(-0.126474 0.0846939 2.88567e-21)
(-0.0747119 0.0677775 -6.67842e-21)
(0.0467714 0.0451627 1.32144e-21)
(-0.0887225 0.0924813 -7.13978e-22)
(-0.114685 0.102677 0)
(-0.0172296 0.0080841 -4.01348e-21)
(-0.0320533 0.0166847 1.09085e-21)
(-0.0329555 0.0284246 9.10584e-22)
(-0.0445186 0.038162 2.86037e-21)
(-0.0553833 0.0341275 -5.68522e-21)
(-0.0699202 0.0439051 -4.99269e-21)
(-0.0686493 0.0580875 -3.70371e-21)
(-0.0878763 0.0642577 7.04155e-21)
(-0.122294 0.0758659 -2.03042e-21)
(-0.127504 0.0715387 -2.013e-21)
(-0.109748 0.0527985 0)
(0.0669171 0.022459 -7.2149e-21)
(-0.0475917 0.0490417 0)
(0.0654889 0.0132961 0)
(-0.0391883 0.0244414 6.05283e-21)
(-0.0973984 0.0535654 0)
(-0.112123 0.0579423 0)
(-0.0901646 -0.205749 8.1747e-21)
(-0.164631 -0.225697 0)
(0.0820895 -0.0427855 0)
(0.0546585 0.0054925 -2.62671e-22)
(-0.044599 0.0126952 0)
(-0.0253333 -0.0456632 0)
(0.0948616 -0.0171736 1.70569e-21)
(0.0673451 -0.00108146 5.16545e-21)
(-0.0406265 0.00199211 0)
(-0.0183925 -0.0193706 0)
(0.086623 -0.00865207 0)
(-0.0270955 -0.00831339 -5.24555e-21)
(-0.0408225 0.0113818 1.47093e-21)
(-0.0519064 0.0164589 -1.90931e-21)
(-0.05768 0.0207995 6.08151e-21)
(-0.0732767 0.0206366 0)
(-0.0798593 0.0268696 0)
(-0.0857124 0.0293897 -4.04766e-21)
(-0.0964124 0.0360172 -3.08941e-21)
(-0.117937 0.0419558 0)
(-0.109199 0.0265799 4.34172e-21)
(-0.121819 0.0389653 0)
(-0.0930189 0.014123 0)
(-0.120683 0.0221539 -4.70199e-21)
(-0.104523 0.0286197 1.02854e-20)
(-0.11514 0.032406 -3.06848e-21)
(-0.139226 -0.148133 -4.54953e-21)
(-0.0359634 -0.0563873 1.09031e-20)
(-0.0668152 -0.0654806 -8.44957e-21)
(-0.139656 -0.232501 2.34221e-21)
(-0.147626 -0.171747 -5.10244e-21)
(-0.0365219 -0.197217 3.47993e-22)
(-0.114461 -0.0735079 -9.11475e-21)
(-0.114396 -0.0552697 2.97092e-21)
(-0.089147 -0.0462537 4.61079e-21)
(-0.103084 0.000615913 0)
(-0.117987 0.00655999 0)
(-0.112155 -0.03414 -5.08112e-21)
(-0.0859668 -0.0224377 0)
(-0.109323 -0.0187375 -4.68481e-21)
(-0.0848021 -0.00994156 4.27099e-21)
(-0.114967 -0.00457411 6.42897e-21)
(-0.0555622 0.00681537 2.18357e-21)
(-0.0693342 0.00969183 0)
(-0.0756752 0.0132265 0)
(-0.086938 0.0135043 4.42368e-21)
(-0.0923172 0.0179871 0)
(-0.0985078 0.0168277 1.10203e-20)
(-0.105357 0.0200676 -9.36136e-21)
(-0.120078 0.0108521 0)
(-0.118842 0.016995 -7.61868e-21)
(-0.116224 0.0182048 1.54534e-20)
(-0.116704 0.00911638 0)
(-0.113084 0.0175716 -1.0009e-20)
(-0.108297 0.0160244 -5.37199e-21)
(-0.132718 -0.141898 0)
(-0.13892 -0.0961315 1.07719e-20)
(-0.0472462 -0.10627 0)
(-0.0559637 -0.144795 -7.37462e-22)
(-0.0799941 -0.133527 5.79272e-22)
(-0.120541 -0.0850111 -1.10647e-20)
(-0.1231 -0.0632858 -1.03342e-20)
(-0.119932 -0.0533171 1.37436e-20)
(-0.120671 -0.0373068 4.24555e-21)
(-0.116064 -0.0192256 -5.55723e-21)
(-0.119328 -0.014446 0)
(-0.116254 -0.0102705 -4.44488e-21)
(-0.112847 -0.00891194 0)
(-0.0659616 0.00482106 0)
(-0.0786938 0.00675334 -1.74687e-21)
(-0.0858874 0.00865388 -6.76733e-21)
(-0.0937546 0.00954432 5.82063e-21)
(-0.0988679 0.0119029 -2.03452e-21)
(-0.1036 0.0114782 -2.65872e-21)
(-0.107241 0.0140654 8.39363e-21)
(-0.111557 0.00657065 -9.50664e-21)
(-0.113022 0.010001 1.15568e-20)
(-0.106306 -0.000712217 0)
(-0.105517 0.0057979 -1.61857e-21)
(-0.107868 0.0129915 0)
(-0.107873 0.01287 0)
(-0.0212711 -0.0774618 -1.74693e-20)
(-0.0506679 -0.0986922 6.0191e-21)
(-0.0579518 -0.0900582 7.18784e-21)
(-0.0793131 -0.0994364 -9.989e-22)
(-0.0941668 -0.0847559 9.21821e-22)
(-0.0878814 -0.0621408 -1.03637e-20)
(-0.0982877 -0.0516842 0)
(-0.0938846 -0.0339864 -1.3059e-20)
(-0.0890861 0.00216708 -5.9726e-21)
(-0.0889969 -0.0283159 9.49668e-21)
(-0.102511 -0.00774763 3.8089e-21)
(-0.0700559 0.0039085 6.15905e-21)
(-0.106298 0.0140878 3.67935e-21)
(-0.0814426 0.00562214 -4.39971e-21)
(-0.0881933 0.00710053 -3.78519e-21)
(-0.0951585 0.00820289 -8.28842e-21)
(-0.101798 0.010535 1.85594e-21)
(-0.103817 0.0115198 -4.6793e-21)
(-0.0934315 0.0104731 -3.6209e-21)
(-0.10411 0.0136516 9.09843e-22)
(-0.101326 0.00992082 1.67631e-21)
(-0.0890311 0.0169065 6.46184e-21)
(-0.106352 0.0157772 2.70844e-21)
(-0.10178 0.0171238 -1.73039e-21)
(-0.104658 0.0164056 -2.5998e-21)
(-0.0803784 0.0222537 -8.96917e-21)
(-0.0167829 -0.0491804 0)
(-0.0260085 -0.0642294 1.1697e-20)
(-0.0623824 0.026849 0)
(-0.0722946 0.0192051 5.87901e-21)
(-0.0438307 0.0292207 1.11668e-20)
(-0.0505786 0.0251701 -7.37326e-21)
(-0.033323 -0.0623216 0)
(-0.0536749 -0.0711384 -6.83273e-21)
(-0.0648588 -0.0579411 2.0739e-20)
(-0.067027 0.00800555 -7.82445e-21)
(-0.0746224 0.000852629 6.26632e-21)
(-0.0631182 -0.0467134 -1.47343e-20)
(-0.072224 -0.0223285 1.56896e-22)
(-0.0654719 -0.0160256 -1.28471e-20)
(-0.069223 0.00357314 0)
(-0.102997 0.0157967 0)
(-0.0996024 0.0110638 3.53835e-22)
(-0.100944 0.0139396 -4.8295e-22)
(-0.0796066 0.00560121 -6.86876e-21)
(-0.0880121 0.00720914 7.30615e-21)
(-0.0928907 0.00878737 6.3568e-21)
(-0.0990567 0.0220923 2.47103e-21)
(-0.0950072 0.0221292 -5.57307e-22)
(-0.0882859 0.0284192 4.85227e-21)
(-0.0801062 0.0291829 1.76282e-21)
(-0.100858 0.0190718 -7.37493e-21)
(-0.0984165 0.0250464 9.57586e-24)
(-0.101859 0.020754 6.29811e-21)
(-0.0738069 0.0343386 3.06067e-21)
(-0.0644937 0.0349535 -9.91687e-21)
(-0.0461928 0.0362582 3.78809e-21)
(-0.055851 0.0378901 3.13661e-21)
(-0.0383535 0.0377919 -4.37885e-21)
(-0.0239025 0.0326416 0)
(-0.0301246 0.0335032 3.63783e-21)
(-0.0344403 0.0287668 -3.15699e-22)
(-0.0313423 0.0252146 0)
(-0.010587 -0.0314613 -5.88675e-21)
(-0.0197547 -0.0410681 5.7606e-21)
(-0.0221808 -0.0396913 4.00712e-21)
(-0.0337483 -0.0462134 0)
(-0.0369929 0.0151407 1.36736e-20)
(-0.0461532 0.0139955 0)
(-0.0525844 0.00702711 7.58938e-21)
(-0.0395721 -0.0342793 1.80334e-22)
(-0.0444604 -0.00910949 2.08611e-21)
(-0.0477822 -0.0357289 -5.8188e-21)
(-0.0523519 -0.0168907 1.16209e-20)
(-0.00680274 -0.0199965 -6.85434e-22)
(-0.0112436 -0.0245392 0)
(-0.0632524 0.00292947 0)
(-0.0458666 0.000847268 -7.09901e-22)
(-0.053762 0.000923315 7.15623e-22)
(-0.0946956 0.0148781 -4.06897e-21)
(-0.0965031 0.0198015 3.60621e-21)
(-0.071779 0.00486176 0)
(-0.0838388 0.00791688 -3.37241e-21)
(-0.0887457 0.0119587 4.00343e-21)
(-0.0770179 0.0372472 1.64134e-21)
(-0.0924911 0.0295122 -2.70814e-21)
(-0.0882931 0.0322966 -3.41848e-21)
(-0.0921486 0.0238123 -4.63769e-21)
(-0.0896845 0.0294119 9.11719e-22)
(-0.0718157 0.0388018 0)
(-0.061799 0.0410911 0)
(-0.0548803 0.0408541 0)
(-0.0452857 0.0420556 -3.84759e-21)
(-0.036717 0.040366 -2.15414e-21)
(-0.0290817 0.0389405 5.14924e-21)
(-0.0218849 0.0345758 0)
(-0.00392525 0.0166508 0)
(-0.00244167 0.0131856 -8.53197e-22)
(-0.00665961 0.0225468 4.5974e-21)
(-0.0104521 0.0272162 -4.03001e-21)
(-0.016159 0.0322217 0)
(-0.0118153 0.0261851 -7.57956e-21)
(-0.0171049 0.0282137 8.45975e-24)
(-0.0057895 0.0184909 0)
(-0.00751161 0.0209122 -5.97956e-21)
(-0.00320481 0.0131528 0)
(-0.017994 0.0245493 -6.32098e-24)
(-0.0236614 0.0236836 -3.00545e-24)
(-0.0233335 0.0179208 4.68971e-21)
(-0.032649 0.0126654 -5.79436e-21)
(-0.0141614 -0.0234312 1.21125e-20)
(-0.0214253 -0.0270953 -2.55144e-20)
(-0.0295374 -0.0244064 5.41629e-21)
(-0.0305312 0.0041356 -3.05503e-21)
(-0.0316798 -0.0133077 1.14386e-20)
(-0.0352197 -0.0066661 -8.04299e-21)
(-0.00430155 -0.0118226 0)
(-0.00718961 -0.0150175 0)
(-0.00842753 -0.0142594 -4.97639e-21)
(-0.0137259 -0.0166544 -7.29403e-21)
(-0.00209572 0.0108892 7.21467e-22)
(-0.0584921 0.00343764 1.79418e-21)
(-0.0366666 -0.000186948 0)
(-0.04499 0.000393412 -1.57075e-21)
(-0.0701566 0.012084 2.15836e-21)
(-0.0798834 0.0149921 -6.15245e-21)
(-0.0845715 0.022931 -5.73769e-23)
(-0.0735313 0.0309929 5.39767e-21)
(-0.0784265 0.0346032 -6.31916e-21)
(-0.0728659 0.0381699 4.30452e-21)
(-0.0440873 0.0425109 -5.02e-21)
(-0.0582243 0.0390643 7.94999e-23)
(-0.0555107 0.0420335 1.43461e-21)
(-0.0171631 0.0343727 5.09317e-21)
(-0.0257502 0.0389489 -3.44017e-23)
(-0.036437 0.0403798 2.50302e-21)
(-0.00499437 0.0217177 2.19486e-21)
(-0.0130456 0.0304322 -2.68141e-21)
(-0.00258589 0.0155735 -1.9728e-21)
(-0.00877139 0.0195791 6.80547e-21)
(-0.0126724 0.020569 0)
(-0.00412546 0.0131436 5.3956e-21)
(-0.00531239 0.0144856 -9.54953e-21)
(-0.00237632 0.00961335 0)
(-0.00248632 -0.00688745 0)
(-0.00396486 -0.00856101 -1.57106e-21)
(-0.0133512 0.0167675 6.93324e-21)
(-0.0183457 0.0148897 7.89212e-24)
(-0.0183851 0.0092845 -1.43772e-20)
(-0.0234712 0.00406742 1.4586e-20)
(-0.0160656 -0.0107818 5.20725e-21)
(-0.0198543 -0.00916301 -4.21142e-21)
(-0.0195303 -0.00187796 -5.11959e-21)
(-0.00522831 -0.00826917 9.75175e-22)
(-0.00781057 -0.00968389 2.79137e-21)
(-0.0109398 -0.00803989 1.9111e-21)
(-0.00202821 0.0124973 -3.78363e-21)
(-0.0149768 0.0290739 0)
(-0.0302755 0.0359699 0)
(-0.0464892 0.0172145 5.08214e-21)
(-0.053123 0.027071 -3.51142e-21)
(-0.0487295 0.0352371 0)
(-0.0114018 0.00122185 4.237e-23)
(-0.0317346 0.00697387 0)
(-0.00527871 0.0187237 -1.27628e-22)
(-0.00244041 -0.00496452 -8.23436e-22)
(-0.00154311 -0.00384494 4.04497e-21)
(-0.00681233 0.0126107 9.90445e-21)
(-0.00909096 0.0132315 0)
(-0.002819 0.00864048 -4.50431e-21)
(-0.00414506 0.00938611 -1.43048e-20)
(-0.00166108 0.00658702 7.89515e-21)
(-0.00318042 -0.00484491 5.70703e-22)
(-0.00540436 -0.00621687 0)
(-0.0102475 0.00766521 0)
(-0.0134461 0.00661663 0)
(-0.0136942 0.000614546 0)
(-0.00692279 -0.00442316 6.50323e-21)
(-0.0103807 -0.00467141 -5.55693e-21)
(-0.0109854 -0.000138182 0)
(-0.000745752 0.00625475 0)
(-0.00339608 -0.00352497 3.67409e-21)
(-0.00114651 -0.00199932 -9.2137e-21)
(-0.00171877 -0.00262522 1.60337e-20)
(-0.00230555 -0.00268179 -9.69372e-21)
(-0.00115956 -0.00135019 -3.15218e-21)
(-0.000586685 -0.000701803 0)
(-0.00475548 0.00704316 4.67646e-21)
(-0.00680772 0.00593685 0)
(-0.00195067 0.00510872 0)
(-0.00265007 0.0053687 0)
(-0.00121555 0.00391078 -1.72796e-21)
(-0.00420142 -0.00269803 3.01506e-21)
(-0.00561302 -0.00281039 0)
(-0.00592651 -0.000187972 9.08935e-21)
(-0.00655667 0.00347662 2.39635e-21)
(-0.00722826 0.000981843 -9.05971e-21)
(-0.00258841 -0.00191985 0)
(-0.00356683 -0.00177825 7.10743e-21)
(-0.0015665 -0.00117059 1.15389e-20)
(-0.00219695 -0.00142526 -1.30859e-20)
(-0.000772208 -0.000349087 -2.35066e-22)
(-0.00140532 -0.000663983 9.74572e-21)
(-0.00297884 0.00351758 1.94396e-21)
(-0.00385836 0.00288643 -1.45772e-21)
(-0.000923223 0.00202387 -1.11983e-20)
(-0.00137721 0.00260425 1.53017e-20)
(-0.00195879 0.00273363 0)
(-0.00369501 -0.000791726 -7.21583e-21)
(-0.00432348 7.46121e-05 -1.05384e-20)
(-0.00391317 0.000607876 1.56242e-20)
(-0.00363137 0.00174099 0)
(-0.000954704 0.00123651 0)
(-0.000502521 0.000672864 5.97805e-21)
(-0.00251782 -0.000736336 4.52268e-21)
(-0.00303587 -0.000534798 -8.00962e-21)
(-0.00159185 -0.00041615 -1.77988e-22)
(-0.00212889 -0.000476295 -8.82065e-25)
(-0.00142899 0.00121568 0)
(-0.00201134 0.00163737 2.61535e-21)
(-0.00252787 0.00141074 -2.2594e-21)
(-0.00285133 -3.62105e-05 2.17548e-24)
(-0.00251818 0.000708031 1.07321e-21)
(-0.00311907 0.000351769 8.49621e-21)
(-0.000724987 0.000335218 -7.92413e-21)
(-0.00135271 0.00067684 0)
(-0.00202784 -0.000140185 -1.1883e-20)
(-0.00247237 -1.74991e-05 5.6632e-21)
(-0.00203948 0.000130625 6.01944e-21)
(-0.00161611 0.000443727 0)
(-0.00213987 0.000543802 -6.59406e-21)
)
;

boundaryField
{
    movingWall
    {
        type            fixedValue;
        value           uniform (1 0 0);
    }
    fixedWalls
    {
        type            noSlip;
    }
    frontAndBack
    {
        type            empty;
    }
    defaultFaces
    {
        type            empty;
    }
}


// ************************************************************************* //
