/*--------------------------------*- C++ -*----------------------------------*\
  =========                 |
  \\      /  F ield         | OpenFOAM: The Open Source CFD Toolbox
   \\    /   O peration     | Website:  https://openfoam.org
    \\  /    A nd           | Version:  8
     \\/     M anipulation  |
\*---------------------------------------------------------------------------*/
FoamFile
{
    version     2.0;
    format      ascii;
    class       surfaceScalarField;
    location    "0.092";
    object      phi;
}
// * * * * * * * * * * * * * * * * * * * * * * * * * * * * * * * * * * * * * //

dimensions      [0 3 -1 0 0 0 0];

internalField   nonuniform List<scalar> 
1107
(
0.000315988
-0.000643388
0.000633494
-0.000306094
0.000616968
-0.00030098
-2.96871e-05
0.000646655
0.000304962
0.000538556
-0.000106654
-0.000736864
-0.000968717
0.000630291
-9.76567e-05
0.000701464
0.000286064
-5.36017e-05
-1.49161e-05
-3.72724e-05
0.000683927
-3.30497e-05
1.43454e-05
-8.79494e-05
0.000180751
-0.000148833
-6.49695e-05
0.000300272
-0.000856385
-0.00126768
0.000599238
-0.000207466
0.000740101
0.000760967
-9.67759e-05
4.17077e-05
0.000814912
-9.56523e-05
3.58034e-06
-4.28357e-05
-1.13353e-05
0.000725635
0.000853069
2.99217e-05
-6.8079e-05
6.44728e-05
-0.000126751
-8.6555e-05
2.51488e-05
-4.86251e-05
0.000227394
-0.000140758
-0.000213387
0.000277847
-0.000115422
0.000296552
-0.00087509
-0.0015106
0.000539473
-0.000366498
0.00075827
0.000828767
-0.000185442
0.000899231
-0.000166116
5.21555e-06
-2.29025e-05
-6.11971e-06
-2.22934e-05
0.000865051
1.03117e-05
0.000755557
0.000946176
-0.000115025
0.000963479
-3.95961e-05
0.000951864
-2.38971e-05
3.55123e-05
3.54042e-05
-7.27549e-05
-4.92043e-05
1.3622e-05
-2.68429e-05
-8.23991e-05
-0.000131114
0.000322166
-0.000215172
-0.000320381
0.00039717
-0.000190427
0.000306686
-0.000784606
0.000459871
-0.00166379
-0.000570356
0.000743331
0.000880866
-0.000308038
0.000968446
-0.000253696
2.99797e-06
-1.22784e-05
-3.12175e-06
8.81595e-05
0.000916906
-5.32021e-05
0.000853473
-1.23192e-05
0.000765868
0.00102612
-0.000172695
0.00105049
-6.39671e-05
0.00103965
4.6345e-05
0.000999444
0.000128371
-0.000118509
0.000932835
0.000185118
5.74523e-05
-0.000104205
-3.56467e-05
2.76045e-05
-1.93566e-05
1.0414e-05
-9.65234e-06
-0.000129769
-0.000216517
-6.1916e-05
-0.000172058
0.000691201
-0.000801686
0.000902307
-0.000467014
0.00101091
-0.000362295
2.20817e-06
-4.07263e-06
-9.1358e-07
0.000865657
-6.72598e-05
0.000823942
-2.36708e-05
0.000753549
0.000822863
-0.000147403
0.000257375
0.0010796
-0.000241386
0.0011107
-9.50736e-05
0.00110239
5.46535e-05
0.00105829
0.000172472
0.00097452
0.000268892
4.56506e-05
-3.06057e-05
-7.69609e-05
2.44409e-05
-1.4437e-05
1.14678e-05
-6.38346e-06
4.27927e-06
-2.46382e-06
0.000877239
-0.000653052
0.00100527
-0.000490329
8.82548e-07
-6.75915e-07
-3.10333e-08
0.000334144
0.000670019
-0.000181301
0.000790611
-7.23572e-05
0.000785617
-2.89352e-05
0.000729878
0.000827247
0.000404648
0.000622684
0.000538707
0.000388299
-0.00129507
0.00152945
0.00108448
-0.000320593
0.00112436
-0.00013495
0.00112318
5.58332e-05
0.00107778
0.000217874
0.00097524
0.000371427
-3.58706e-05
-5.57963e-05
6.10611e-05
-1.92675e-05
-3.104e-05
-9.09202e-06
-1.6559e-05
-3.37978e-06
-8.17606e-06
-6.70571e-07
-3.38512e-06
-7.01605e-07
0.000987996
0.000345413
-0.00094511
0.000371512
-0.00099656
0.000688051
-7.87404e-05
0.000739103
-2.58427e-05
0.000700943
0.000793491
0.000586397
0.000547571
0.000784627
0.000411899
0.00166512
0.000483368
0.000916527
-5.78824e-05
-9.54245e-05
9.75106e-05
-3.13309e-05
-5.75915e-05
-1.47863e-05
-3.31037e-05
-5.47327e-06
-1.74891e-05
-1.09568e-06
-7.76271e-06
-1.79729e-06
0.000101441
0.000300671
-5.66992e-05
0.000227768
-0.000801366
0.000357809
-0.000666317
0.000680878
-2.05163e-05
0.000675101
0.000415915
0.000168893
-4.46249e-05
-0.00012534
7.45406e-05
-2.45273e-05
-7.76891e-05
-1.18012e-05
-4.58298e-05
-4.48912e-06
-2.48011e-05
-9.73172e-07
-1.12787e-05
-2.77046e-06
0.000246467
0.000202981
-0.000148778
0.000201338
-3.02689e-05
0.000136232
-0.00057979
0.000342994
-0.000328433
0.000654584
0.000297752
0.000364631
-1.4761e-05
-0.000134216
2.36364e-05
-8.36457e-06
-8.40855e-05
-4.13945e-06
-5.00549e-05
-1.66042e-06
-2.72801e-05
-4.05109e-07
-1.2534e-05
-3.17557e-06
0.000150015
0.00013651
-8.35444e-05
0.000129104
-7.65435e-05
0.000120991
-1.50279e-05
7.0008e-05
-0.000306804
0.000326151
0.000201953
0.000245814
1.39928e-05
-0.000122564
-2.56449e-05
7.11045e-06
-7.72032e-05
3.16838e-06
-4.61129e-05
1.11782e-06
-2.52296e-05
1.79574e-07
-1.15957e-05
-2.99599e-06
0.000129939
7.89314e-05
-7.23597e-05
8.60017e-05
-4.04423e-05
7.42017e-05
-2.9754e-05
5.93511e-05
-4.37099e-06
1.93474e-05
0.00012002
0.000211871
-8.92989e-05
6.00155e-05
0.000149304
1.62175e-05
-3.57558e-05
-0.000103025
7.57571e-06
-6.85614e-05
3.23836e-06
-4.17755e-05
1.16857e-06
-2.31598e-05
2.24991e-07
-1.06521e-05
-2.771e-06
3.8518e-05
-4.88856e-05
4.86458e-05
-3.50038e-05
4.90654e-05
-1.5306e-05
3.54308e-05
-5.83374e-06
1.49764e-05
-5.23192e-05
2.40142e-05
8.83205e-05
-3.18899e-05
5.77152e-05
-6.76008e-05
-1.25599e-05
-4.24897e-05
-2.81565e-06
-2.03964e-05
-5.58665e-06
1.45239e-05
-2.8325e-05
2.314e-05
-2.33798e-05
2.72536e-05
-1.31919e-05
2.32058e-05
-3.08101e-06
9.14264e-06
4.93303e-06
-2.58507e-05
4.49319e-05
-2.07595e-06
7.07318e-06
7.25695e-06
-1.22542e-05
-1.29807e-05
5.60455e-05
-6.34612e-05
-1.85673e-05
-1.93356e-06
-8.23233e-06
1.50989e-05
2.33181e-06
-1.36586e-05
8.22108e-06
-1.34062e-05
1.26589e-05
-8.78519e-06
1.27299e-05
-2.71596e-06
6.06164e-06
1.56698e-06
4.38484e-06
-8.02778e-06
-4.98729e-07
3.47097e-06
4.10093e-06
-1.88987e-06
8.48178e-06
-1.68637e-05
1.02718e-05
-3.10776e-06
-3.36146e-07
1.51034e-06
-1.79607e-06
-4.10446e-06
8.96844e-07
-6.33434e-06
4.24623e-06
-4.99346e-06
5.79588e-06
-1.85121e-06
3.34567e-06
3.5121e-06
1.70885e-06
-3.65397e-06
1.67819e-06
2.20792e-06
1.17814e-07
1.46329e-06
-7.53728e-07
3.04902e-06
6.18649e-06
-2.68438e-06
4.81526e-06
-2.38962e-05
2.17654e-05
-2.17786e-06
2.17467e-06
-3.10457e-06
-2.24123e-06
1.09023e-07
-1.41893e-06
-1.78868e-06
2.36081e-07
-2.32419e-06
1.84547e-06
-1.04305e-06
1.49447e-06
3.85093e-06
-3.38274e-07
-5.53866e-10
2.66474e-06
7.2231e-07
1.33942e-06
9.8631e-07
2.42317e-07
4.67247e-07
-2.01085e-07
5.65717e-07
-5.8338e-07
5.39864e-06
-1.21599e-06
1.74373e-06
-2.70559e-06
-1.40729e-06
1.34072e-06
-1.48303e-06
1.73126e-07
-9.41121e-07
-6.11481e-07
3.4815e-09
-4.822e-07
4.51419e-07
2.70981e-06
-2.27848e-06
3.41959e-06
2.65959e-06
-3.33132e-07
1.80194e-06
2.59789e-07
8.8375e-07
3.44877e-07
1.8277e-07
8.33918e-08
-1.76622e-08
-1.68946e-06
-9.53164e-07
1.42663e-06
-6.61843e-07
9.98281e-07
-8.42967e-07
7.0066e-07
-8.74332e-07
1.06338e-07
-4.9695e-07
-1.11049e-07
-3.07809e-08
1.50454e-06
-2.03695e-06
3.24222e-06
1.72791e-06
-1.3468e-06
1.68557e-06
-2.16758e-07
1.07597e-06
6.75663e-08
4.62547e-07
6.50993e-08
6.57295e-08
-2.47388e-06
-1.39808e-06
2.18249e-06
-1.04774e-06
-5.67265e-07
-3.37285e-07
4.92598e-07
-4.55593e-07
2.81921e-07
-4.23757e-07
3.31441e-08
-1.4183e-07
2.15807e-06
1.2786e-06
-1.93213e-06
8.36644e-07
-1.14569e-06
1.01822e-06
-6.79448e-07
9.59493e-07
-1.00278e-07
5.2448e-07
5.63367e-09
1.30829e-07
-2.93896e-06
-7.53857e-07
1.21894e-06
-1.63567e-06
-8.10145e-07
-6.10872e-07
-2.93678e-07
-1.5277e-07
1.89775e-07
-2.04154e-07
6.23181e-08
-1.08685e-07
-2.8375e-06
1.91707e-07
-2.93166e-07
1.29756e-06
-1.97699e-06
1.35312e-06
7.62127e-07
4.32318e-07
-5.59788e-07
5.44584e-07
-2.64539e-07
4.50617e-07
-2.64153e-08
1.36462e-07
-1.96158e-06
-4.27956e-07
-1.01473e-06
-4.06283e-07
-3.25882e-07
-1.20566e-07
-5.36014e-08
3.9222e-08
-4.63673e-08
-1.88584e-06
1.15968e-07
7.64837e-07
7.99399e-07
3.95046e-07
1.99203e-07
-2.14407e-07
2.42184e-07
-5.6107e-08
1.10047e-07
-1.22993e-06
-2.12763e-07
-5.72312e-07
-1.59852e-07
-1.46263e-07
-2.79043e-08
-7.14529e-09
-1.17533e-06
6.13742e-08
3.88902e-07
4.32055e-07
1.62193e-07
7.16419e-08
-4.38649e-08
5.39396e-08
-7.00573e-07
-8.45024e-08
-2.70275e-07
-3.58409e-08
-3.50495e-08
-6.65798e-07
2.65991e-08
1.55159e-07
1.96164e-07
3.76712e-08
1.00747e-08
-3.35005e-07
-1.97719e-08
-7.08905e-08
-3.1575e-07
7.34404e-09
3.55726e-08
4.77458e-08
-9.06625e-08
-8.33185e-08
0.000597177
-0.00138178
-0.00106661
0.000323398
-0.000539915
0.000860691
-0.000537292
0.00054031
0.00130424
-0.000763927
0.00111381
-0.000267973
0.00157007
-0.00183804
0.000503455
-0.000298232
-0.00139491
0.000630982
0.000139432
-0.00031149
-0.000400483
4.44254e-05
-0.000121386
-0.000267064
0.00033185
-0.000732334
0.00117716
-0.000845312
0.00063987
-0.000755039
0.00207405
-0.00144306
0.000236006
0.00130968
-0.00107367
0.00101145
0.000358397
0.00101926
-0.0017743
-0.000423804
-6.03251e-05
0.000230334
-0.000290659
-3.67308e-05
-0.000769064
-6.73793e-05
-0.000701685
0.00137395
-0.00144133
0.000528637
-0.00124566
0.00142816
-0.00185196
0.000354481
0.000887055
-0.000532574
-0.00124545
0.000755123
-0.0013792
0.00105861
-0.00062408
0.000990112
-0.00223577
-0.000861847
0.000861471
0.000803654
0.001778
-0.000412958
0.000999355
-0.00149415
0.0013592
-0.000435539
-0.00116238
0.000749427
-0.000790958
-0.00132533
0.00138116
3.38687e-05
-0.0012936
0.000502639
-0.00107572
0.00030544
-0.000193148
0.000132845
-0.000325993
-0.00056884
0.000281263
-0.000850103
-0.00116007
0.000202727
-0.00136279
-0.00203305
0.00114368
-0.00200553
-0.000611105
-1.29753e-05
-0.000667342
0.000231803
-0.000680318
-2.44665e-05
-0.00200858
-0.00202999
-0.000901731
0.00170539
-0.000117105
0.00088225
0.000281891
0.00149611
0.00198728
0.001665
-2.67896e-05
0.000909039
-0.00101701
0.000990225
-0.000267587
-0.000587161
0.00062103
-0.000355358
-0.000971553
0.000703966
-0.000468914
-0.000798056
0.000329142
-0.000492615
0.000128415
-0.000251452
8.12183e-05
-0.000332671
-0.000768885
3.49866e-05
-0.000803871
-0.00132781
-0.00035087
-0.000976936
-0.00235945
0.000884657
-0.00124002
0.000204339
-0.00182565
-0.00142581
0.000185793
0.000920211
-0.00274586
-0.00143924
0.000538703
0.00144857
0.00144774
-0.00100918
0.00137381
0.000655816
0.00210439
9.87629e-05
0.00134898
0.00108899
4.39553e-05
0.00104503
0.000747921
0.000217726
0.000530195
0.000546868
0.000675283
-0.000750526
-0.000309034
1.00546e-05
-0.000319089
-0.000793817
-0.000349423
-0.000444393
-0.00132636
-0.000424791
-0.000901569
-0.00186403
0.00201385
-0.00182806
-0.000732016
0.00173274
-0.00248327
-9.53108e-05
0.00128856
-0.00202058
-0.000575469
-0.000617194
0.000863008
0.00075662
-0.00121316
0.00196978
0.00089123
0.00224021
0.00140606
0.000834144
0.0024511
0.00298129
-0.000632481
0.0020593
-0.00142682
0.00311575
-0.000134459
-0.000344734
0.000565041
-0.00114051
-9.40125e-05
-0.000250721
-0.000538406
-0.000119134
-0.000419272
-0.0010207
-0.000455662
0.00182451
0.000234798
-0.0017292
-0.000291381
-0.000733448
0.000968246
-0.000977302
-0.000163208
0.000648003
-0.000939384
-0.000329298
-0.00117903
0.000445582
-0.000325388
0.000537259
0.000537621
2.80691e-05
-0.000605868
0.000577799
-0.00115096
-0.000122757
0.00034928
-0.000226522
-0.000728626
-0.000703146
0.00124077
0.00126663
0.00210078
-0.000341405
-0.000809556
-0.00176823
0.00121701
0.000883769
0.00108255
-0.000685677
-0.000286477
0.000394877
-0.000558085
-0.000676777
0.000221115
-0.0002819
-0.000125807
-0.00016067
-0.000545079
-0.000323964
-0.00126106
0.000321673
-0.000292812
-0.000608685
0.000315873
-0.000163103
-0.000503041
-5.50438e-05
0.00083234
-0.000510667
-0.000676764
0.000513661
-9.89649e-05
0.000369132
-1.98526e-05
0.000270167
-0.000219655
0.000199802
1.7222e-05
0.000144689
-0.000161912
-0.000202433
-0.000428955
-0.000259315
-0.00016964
-0.00011303
0.000262334
0.000424229
-0.000149319
0.000573548
0.00109145
0.000317409
-0.000576723
-0.000411217
-0.00122077
0.000468741
0.000622708
-0.000666833
-0.00055394
0.00135251
-2.1566e-05
0.000109886
0.000240768
0.000113872
-0.000274542
-1.08462e-05
-0.000466345
0.000184445
-0.000521389
-0.000100945
-0.000173597
-0.000424909
-0.000240463
0.000483838
2.98227e-05
-0.000799712
0.000289045
-0.000532027
1.06379e-05
-0.000242982
-0.000300946
0.000330769
-0.000346573
4.5627e-05
-7.64058e-05
-0.000238838
0.000162432
-3.90358e-05
-0.000132059
9.30231e-05
1.26306e-05
5.50584e-06
2.439e-05
-2.98959e-05
1.27628e-05
-2.40513e-05
4.84414e-05
6.98295e-05
-9.38809e-05
8.24601e-05
-4.69427e-05
-4.69382e-05
-0.000208854
-2.42639e-05
-5.632e-06
-7.12021e-05
-1.78862e-05
-0.000102311
-0.000106543
-0.000271951
-0.00010421
-0.000167741
-0.000680933
-9.43053e-05
0.000335073
0.000479243
0.00110195
-0.000443761
-0.000237172
0.000997701
0.000104249
1.87279e-05
2.6204e-05
0.000128614
4.66007e-05
8.20136e-05
0.000381674
5.4045e-05
-0.000227642
1.35558e-05
-7.32801e-05
-0.000154362
-0.000313743
-0.000303106
-0.000234945
-6.81607e-05
-0.000477927
-0.000147158
0.000192025
-2.95926e-05
-0.000237652
9.04934e-05
5.3493e-05
2.89672e-05
0.000146516
0.000116923
4.10034e-05
7.43796e-06
6.99706e-05
1.77098e-05
-4.9163e-05
-2.2039e-05
-0.000155706
-2.31056e-05
5.21944e-06
-4.51447e-05
-2.80835e-06
1.52504e-05
-1.51516e-07
4.14544e-05
-0.000103324
-5.23826e-05
-0.000271065
-0.000148749
-0.000122316
-0.000385921
0.000342326
3.93475e-05
0.000446575
6.0654e-05
9.45481e-06
3.19996e-05
9.14685e-05
0.000130816
9.71346e-05
-2.7164e-05
0.000214058
-0.000236391
8.20286e-05
-0.000304551
-1.85673e-05
-5.39863e-06
-8.07327e-06
7.92175e-06
-6.56293e-06
-4.08156e-05
-4.3291e-06
-9.31982e-05
-1.27297e-05
9.92136e-06
-1.70588e-05
6.26738e-06
1.14645e-05
-3.54274e-06
4.34641e-05
-7.53194e-05
-1.78788e-05
-0.000197635
-0.000136981
3.34932e-05
9.97092e-06
0.000164309
2.73281e-05
-8.42519e-06
4.88245e-06
5.09496e-06
-8.19953e-06
-1.46796e-06
-9.89315e-06
-7.68385e-07
-7.43115e-06
-3.47398e-06
-3.03853e-05
1.33265e-05
-4.8264e-05
-1.81646e-06
8.08384e-06
1.151e-05
8.08328e-06
1.31597e-05
-8.27726e-06
2.31306e-05
3.05211e-05
-7.39052e-06
-5.78492e-05
9.58521e-06
-4.51057e-07
-9.4421e-06
-8.72832e-06
-2.52317e-06
-4.90798e-06
-1.19653e-05
-2.04735e-06
-6.95533e-06
2.83202e-06
8.67798e-06
1.24172e-05
-4.25854e-06
7.67814e-06
3.82474e-06
1.25027e-05
-2.58165e-06
-6.14666e-06
-9.97217e-06
-1.12817e-05
1.30957e-06
1.13548e-06
8.31301e-07
6.84683e-06
4.07352e-06
-8.19662e-06
-3.76865e-06
-1.43433e-05
-4.77284e-06
-8.54149e-06
4.98605e-07
6.34823e-06
1.30013e-05
1.41368e-05
-1.30106e-05
-1.3327e-06
1.1701e-05
2.43579e-06
2.14139e-06
8.48962e-06
-7.32255e-06
-8.65525e-06
-8.94841e-06
6.51263e-06
)
;

boundaryField
{
    movingWall
    {
        type            calculated;
        value           uniform 0;
    }
    fixedWalls
    {
        type            calculated;
        value           uniform 0;
    }
    frontAndBack
    {
        type            empty;
        value           nonuniform List<scalar> 0();
    }
    defaultFaces
    {
        type            empty;
        value           nonuniform List<scalar> 0();
    }
}


// ************************************************************************* //
