/*--------------------------------*- C++ -*----------------------------------*\
  =========                 |
  \\      /  F ield         | OpenFOAM: The Open Source CFD Toolbox
   \\    /   O peration     | Website:  https://openfoam.org
    \\  /    A nd           | Version:  8
     \\/     M anipulation  |
\*---------------------------------------------------------------------------*/
FoamFile
{
    version     2.0;
    format      ascii;
    class       surfaceScalarField;
    location    "0.044";
    object      phi;
}
// * * * * * * * * * * * * * * * * * * * * * * * * * * * * * * * * * * * * * //

dimensions      [0 3 -1 0 0 0 0];

internalField   nonuniform List<scalar> 
1107
(
0.000315988
-0.000643387
0.000633495
-0.000306095
0.000616968
-0.00030098
-2.96857e-05
0.000646654
0.000304964
0.000538556
-0.000106656
-0.000736865
-0.000968714
0.000630291
-9.76488e-05
0.000701458
0.000286064
-5.3603e-05
-1.49165e-05
-3.72683e-05
0.000683922
-3.30535e-05
1.43475e-05
-8.79501e-05
0.000180754
-0.000148833
-6.49749e-05
0.000300275
-0.000856386
-0.00126767
0.000599234
-0.000207443
0.000740086
0.000760945
-9.67556e-05
4.17007e-05
0.000814863
-9.56187e-05
3.58093e-06
-4.28364e-05
-1.13356e-05
0.000725623
0.000852987
2.99126e-05
-6.80364e-05
6.4474e-05
-0.000126753
-8.65539e-05
2.51492e-05
-4.86253e-05
0.00022739
-0.000140753
-0.000213391
0.000277849
-0.000115433
0.000296555
-0.000875092
-0.00151058
0.000539461
-0.000366446
0.000758238
0.000828716
-0.000185386
0.000899124
-0.000166026
5.21565e-06
-2.29029e-05
-6.11991e-06
-2.22579e-05
0.000864941
1.0304e-05
0.000755535
0.000945999
-0.000114911
0.000963243
-3.95017e-05
0.000951607
-2.39087e-05
3.55441e-05
3.54013e-05
-7.27486e-05
-4.92066e-05
1.36209e-05
-2.6845e-05
-8.23994e-05
-0.000131102
0.000322153
-0.000215157
-0.000320386
0.000397167
-0.000190447
0.000306684
-0.00078461
0.00045984
-0.00166374
-0.000570254
0.000743269
0.00088077
-0.000307919
0.000968249
-0.000253505
2.99774e-06
-1.22797e-05
-3.12217e-06
8.812e-05
0.000916674
-5.31865e-05
0.000853354
-1.23215e-05
0.000765839
0.0010258
-0.000172457
0.00105006
-6.37683e-05
0.00103919
4.64135e-05
0.00099902
0.000128292
-0.000118411
0.000932515
0.000184916
5.74485e-05
-0.000104196
-3.5652e-05
2.76031e-05
-1.93612e-05
1.04136e-05
-9.65544e-06
-0.000129762
-0.000216497
-6.1919e-05
-0.000172039
0.000691087
-0.0008015
0.000902138
-0.000466788
0.00101057
-0.000361942
2.20814e-06
-4.07427e-06
-9.14028e-07
0.000865485
-6.72218e-05
0.000823834
-2.36671e-05
0.000753518
0.000822662
-0.000147294
0.000257147
0.00107907
-0.000240948
0.00111
-9.47076e-05
0.00110164
5.47822e-05
0.00105759
0.000172336
0.000973977
0.000268531
4.56511e-05
-3.06116e-05
-7.69585e-05
2.44421e-05
-1.44431e-05
1.14688e-05
-6.38788e-06
4.27985e-06
-2.46646e-06
0.000876963
-0.000652664
0.00100475
-0.000489729
8.8272e-07
-6.77134e-07
-3.1309e-08
0.000333968
0.000669913
-0.000181219
0.000790507
-7.23159e-05
0.000785539
-2.89267e-05
0.000729851
0.000826894
0.000404231
0.000622487
0.000538375
0.000388206
-0.00129495
0.00152923
0.00108366
-0.000319854
0.00112328
-0.000134334
0.00112201
5.60573e-05
0.00107668
0.000217659
0.000974377
0.000370839
-3.58694e-05
-5.57936e-05
6.10515e-05
-1.9269e-05
-3.10435e-05
-9.09357e-06
-1.65633e-05
-3.38064e-06
-8.17938e-06
-6.70794e-07
-3.38698e-06
-7.02106e-07
0.000988218
0.000345219
-0.00094523
0.00037147
-0.000996503
0.000687999
-7.87109e-05
0.000739057
-2.58337e-05
0.000700924
0.000792907
0.000585701
0.000547221
0.00078406
0.000411703
0.00166474
0.000483025
0.000916896
-5.7841e-05
-9.53824e-05
9.74297e-05
-3.13115e-05
-5.75729e-05
-1.47783e-05
-3.30966e-05
-5.47073e-06
-1.7487e-05
-1.09527e-06
-7.76244e-06
-1.79738e-06
0.000101797
0.000300316
-5.68948e-05
0.000227663
-0.000801424
0.000357792
-0.000666296
0.000680857
-2.05105e-05
0.00067509
0.00041534
0.000169483
-4.4535e-05
-0.000125226
7.4379e-05
-2.44812e-05
-7.76267e-05
-1.17804e-05
-4.57974e-05
-4.48176e-06
-2.47856e-05
-9.71762e-07
-1.12724e-05
-2.76914e-06
0.000246742
0.000202504
-0.00014893
0.000201131
-3.03624e-05
0.00013618
-0.000579812
0.00034299
-0.000328429
0.00065458
0.000296997
0.000365084
-1.46633e-05
-0.000134029
2.34657e-05
-8.31302e-06
-8.3977e-05
-4.11557e-06
-4.99948e-05
-1.65167e-06
-2.72495e-05
-4.03318e-07
-1.25208e-05
-3.17245e-06
0.000150058
0.000136018
-8.35727e-05
0.000128818
-7.66167e-05
0.00012088
-1.50624e-05
6.99861e-05
-0.000306808
0.000326151
0.000201187
0.000245868
1.40588e-05
-0.000122333
-2.57548e-05
7.14653e-06
-7.70647e-05
3.1857e-06
-4.6034e-05
1.12435e-06
-2.51882e-05
1.80986e-07
-1.15774e-05
-2.99147e-06
0.000129699
7.85508e-05
-7.22317e-05
8.57035e-05
-4.04581e-05
7.40456e-05
-2.97822e-05
5.93017e-05
-4.37797e-06
1.93428e-05
0.000119428
0.000211459
-8.89036e-05
5.96953e-05
0.000148636
1.62674e-05
-3.58221e-05
-0.000102778
7.60387e-06
-6.84011e-05
3.25183e-06
-4.1682e-05
1.17333e-06
-2.31097e-05
2.25963e-07
-1.06301e-05
-2.7655e-06
3.83182e-05
-4.86709e-05
4.84155e-05
-3.49438e-05
4.89004e-05
-1.53128e-05
3.53594e-05
-5.8399e-06
1.49648e-05
-5.19683e-05
2.3937e-05
8.77266e-05
-3.17731e-05
5.7496e-05
-6.74048e-05
-1.25154e-05
-4.23674e-05
-2.80613e-06
-2.03393e-05
-5.57162e-06
1.44852e-05
-2.81353e-05
2.30224e-05
-2.32778e-05
2.71264e-05
-1.31699e-05
2.31295e-05
-3.08293e-06
9.12493e-06
5.01214e-06
-2.56378e-05
4.45627e-05
-2.08573e-06
6.99864e-06
7.21429e-06
-1.21272e-05
-1.29315e-05
5.58263e-05
-6.32341e-05
-1.85032e-05
-1.80514e-06
-8.17926e-06
1.49965e-05
2.39363e-06
-1.35463e-05
8.20346e-06
-1.33164e-05
1.25957e-05
-8.74705e-06
1.26711e-05
-2.7116e-06
6.042e-06
1.50584e-06
4.31696e-06
-7.90853e-06
-5.1118e-07
3.43291e-06
4.07691e-06
-1.87945e-06
8.4214e-06
-1.67455e-05
1.02035e-05
-2.99484e-06
-3.77121e-07
1.56682e-06
-1.70692e-06
-4.07874e-06
9.40035e-07
-6.28291e-06
4.23929e-06
-4.95994e-06
5.7673e-06
-1.84321e-06
3.3304e-06
3.41729e-06
1.67072e-06
-3.58216e-06
1.63346e-06
2.17231e-06
1.07203e-07
1.44626e-06
-7.49686e-07
3.02694e-06
6.14414e-06
-2.66574e-06
4.78525e-06
-2.3754e-05
2.16345e-05
-2.10808e-06
2.09909e-06
-2.98585e-06
-2.16713e-06
8.30955e-08
-1.36134e-06
-1.77737e-06
2.62604e-07
-2.30622e-06
1.84337e-06
-1.03601e-06
1.48718e-06
3.75074e-06
-3.35431e-07
1.98326e-09
2.60054e-06
7.03648e-07
1.30969e-06
9.69822e-07
2.35231e-07
4.61339e-07
-2.00102e-07
5.61302e-07
-5.78919e-07
5.36418e-06
-1.18003e-06
1.69103e-06
-2.61908e-06
-1.36554e-06
1.29748e-06
-1.43764e-06
1.59389e-07
-9.07803e-07
-6.06967e-07
1.52545e-08
-4.78107e-07
4.51168e-07
2.64056e-06
-2.22405e-06
3.33424e-06
2.59468e-06
-3.29579e-07
1.76153e-06
2.51811e-07
8.66146e-07
3.38901e-07
1.78989e-07
8.22457e-08
-1.76176e-08
-1.637e-06
-9.22258e-07
1.37923e-06
-6.43956e-07
9.69446e-07
-8.19465e-07
6.79307e-07
-8.49103e-07
1.00687e-07
-4.81007e-07
-1.10707e-07
-2.69402e-08
1.46711e-06
-1.98686e-06
3.16031e-06
1.68622e-06
-1.31559e-06
1.64619e-06
-2.14244e-07
1.053e-06
6.49563e-08
4.5397e-07
6.39154e-08
6.46275e-08
-2.39422e-06
-1.35205e-06
2.10928e-06
-1.01683e-06
-5.49391e-07
-3.28886e-07
4.78866e-07
-4.4353e-07
2.73732e-07
-4.12121e-07
3.17979e-08
-1.37648e-07
2.0995e-06
1.24149e-06
-1.87388e-06
8.17474e-07
-1.1181e-06
9.94649e-07
-6.64051e-07
9.37804e-07
-9.90577e-08
5.13703e-07
5.22007e-09
1.28541e-07
-2.84555e-06
-7.31806e-07
1.18313e-06
-1.58491e-06
-7.83981e-07
-5.93596e-07
-2.84683e-07
-1.49308e-07
1.84643e-07
-1.98995e-07
6.06031e-08
-1.05852e-07
-2.75244e-06
1.78067e-07
-2.71171e-07
1.25206e-06
-1.905e-06
1.31813e-06
7.40858e-07
4.23094e-07
-5.46542e-07
5.32398e-07
-2.58649e-07
4.40706e-07
-2.60655e-08
1.33759e-07
-1.90118e-06
-4.15519e-07
-9.84187e-07
-3.9339e-07
-3.17011e-07
-1.16983e-07
-5.255e-08
3.81944e-08
-4.52494e-08
-1.83131e-06
1.08223e-07
7.38886e-07
7.79546e-07
3.84406e-07
1.9528e-07
-2.0942e-07
2.36937e-07
-5.48828e-08
1.07692e-07
-1.19308e-06
-2.0663e-07
-5.55537e-07
-1.54865e-07
-1.42427e-07
-2.71089e-08
-7.05566e-09
-1.14237e-06
5.7516e-08
3.76069e-07
4.21711e-07
1.57979e-07
7.03874e-08
-4.28668e-08
5.28094e-08
-6.80079e-07
-8.20868e-08
-2.62543e-07
-3.47496e-08
-3.4165e-08
-6.47615e-07
2.50546e-08
1.50168e-07
1.91634e-07
3.67368e-08
9.94551e-09
-3.25417e-07
-1.92128e-08
-6.89149e-08
-3.07333e-07
6.97297e-09
3.44693e-08
4.66839e-08
-8.81276e-08
-8.11533e-08
0.000597155
-0.00138176
-0.00106658
0.00032332
-0.000539817
0.000860586
-0.000537266
0.000540199
0.00130418
-0.000763978
0.00111373
-0.000268033
0.00156991
-0.00183794
0.000503324
-0.000298176
-0.00139459
0.000630608
0.000139403
-0.000311442
-0.000400415
4.44324e-05
-0.000121391
-0.000267009
0.000331601
-0.000732016
0.00117678
-0.000845175
0.00063951
-0.000755076
0.00207355
-0.00144294
0.000235608
0.00130917
-0.00107356
0.00101099
0.000358327
0.00101856
-0.00177363
-0.000424383
-6.03395e-05
0.000230264
-0.000290604
-3.6745e-05
-0.000768761
-6.75575e-05
-0.000701203
0.00137283
-0.00144038
0.000527651
-0.00124598
0.00142677
-0.00185115
0.000353206
0.000886154
-0.000532948
-0.00124448
0.000754752
-0.00137745
0.00105759
-0.000622694
0.000987802
-0.00223378
-0.000863346
0.000860807
0.000803938
0.0017777
-0.000412146
0.000997846
-0.00149122
0.00135688
-0.000433626
-0.00116027
0.000748129
-0.000789436
-0.00132234
0.0013784
3.45428e-05
-0.00129104
0.0005016
-0.00107338
0.000305022
-0.000193174
0.000132612
-0.000325786
-0.000568592
0.000280503
-0.000849095
-0.00115988
0.000200909
-0.00136079
-0.00203287
0.00114037
-0.00200372
-0.000607421
-1.52732e-05
-0.000663554
0.000229928
-0.000678827
-2.7665e-05
-0.00200521
-0.00203138
-0.000900042
0.00170398
-0.000115982
0.000881864
0.000282909
0.00149479
0.00198689
0.00166428
-2.38894e-05
0.000905753
-0.00101247
0.00098858
-0.00026434
-0.000580946
0.000615489
-0.000351019
-0.000966327
0.000701987
-0.000464727
-0.00079342
0.000328694
-0.000488398
0.000127091
-0.000251407
8.08851e-05
-0.000332292
-0.00076821
3.42567e-05
-0.000802466
-0.00132653
-0.000351986
-0.000974546
-0.0023572
0.000888608
-0.00123963
0.000209781
-0.0018216
-0.00142968
0.000190052
0.000921977
-0.00274358
-0.00143522
0.000541608
0.00144528
0.00144736
-0.00100713
0.00137221
0.000657148
0.00210243
0.000102786
0.00134458
0.00109137
4.9228e-05
0.00104214
0.000751215
0.000225067
0.000526148
0.00055376
0.000680851
-0.000748827
-0.000308826
9.70542e-06
-0.000318531
-0.000792761
-0.000349562
-0.0004432
-0.00132411
-0.000425169
-0.000898939
-0.00186039
0.00201566
-0.00182561
-0.000727913
0.00173357
-0.0024824
-9.2041e-05
0.00128769
-0.0020156
-0.000572696
-0.000614947
0.000860815
0.000757265
-0.00120841
0.00196568
0.000894016
0.00223859
0.00141082
0.000827767
0.00245296
0.00297911
-0.000633422
0.00205562
-0.0014222
0.00311582
-0.00013671
-0.000344286
0.000564325
-0.00113702
-9.41786e-05
-0.000250108
-0.000537378
-0.000119358
-0.00041802
-0.0010183
-0.000453972
0.00181936
0.00023626
-0.00172732
-0.000288281
-0.000729723
0.000965983
-0.000974869
-0.000162152
0.000647309
-0.000935589
-0.000327561
-0.00117415
0.000444426
-0.000323564
0.000535023
0.000537251
2.70462e-05
-0.000602478
0.000575432
-0.0011471
-0.000122472
0.000347479
-0.000225007
-0.00072495
-0.000698568
0.00123582
0.00126711
0.00209488
-0.000341579
-0.000805524
-0.00176378
0.00121591
0.000878962
0.00107921
-0.000684576
-0.00028593
0.000394095
-0.000556248
-0.000674877
0.000220905
-0.000280781
-0.000125753
-0.000160177
-0.000543773
-0.000322868
-0.00125689
0.0003213
-0.000290906
-0.00060612
0.000315214
-0.000161694
-0.000501915
-5.43328e-05
0.000829475
-0.000508175
-0.000673385
0.00051169
-9.79528e-05
0.000367024
-1.95447e-05
0.000269071
-0.000218328
0.000198783
1.7024e-05
0.00014384
-0.000160864
-0.000201304
-0.000426311
-0.000257764
-0.000168546
-0.000112199
0.000260835
0.000422824
-0.000147627
0.000570451
0.00108819
0.000315313
-0.000573077
-0.000409638
-0.00121516
0.000469335
0.000618857
-0.000663721
-0.000551441
0.0013483
-2.15492e-05
0.000109276
0.000239286
0.000113683
-0.00027386
-1.09051e-05
-0.000464957
0.000184176
-0.00051929
-0.000100844
-0.000173016
-0.000423712
-0.000239536
0.000481454
3.02359e-05
-0.000796669
0.000288494
-0.00053018
1.08902e-05
-0.000241687
-0.000299264
0.0003295
-0.000344874
4.56092e-05
-7.58028e-05
-0.000237478
0.000161675
-3.86948e-05
-0.000131245
9.25506e-05
1.25945e-05
5.45431e-06
2.42362e-05
-2.96905e-05
1.26686e-05
-2.38998e-05
4.8136e-05
6.9374e-05
-9.32738e-05
8.19684e-05
-4.66099e-05
-4.66639e-05
-0.000207474
-2.40404e-05
-5.6501e-06
-7.07043e-05
-1.77773e-05
-0.000101561
-0.000105913
-0.000270107
-0.000103422
-0.000166685
-0.000676499
-9.35887e-05
0.000332875
0.000476862
0.00109572
-0.000440833
-0.000235667
0.000992273
0.000103446
1.83216e-05
2.62412e-05
0.000127597
4.59616e-05
8.16358e-05
0.000378837
5.39459e-05
-0.000226962
1.3459e-05
-7.32059e-05
-0.000153756
-0.000312742
-0.000301852
-0.000234133
-6.77181e-05
-0.00047582
-0.00014632
0.000190969
-2.92939e-05
-0.000236578
9.02582e-05
5.31272e-05
2.88413e-05
0.000145678
0.000116384
4.07297e-05
7.40631e-06
6.9571e-05
1.76099e-05
-4.86988e-05
-2.20055e-05
-0.000154612
-2.2791e-05
5.01368e-06
-4.47965e-05
-2.89483e-06
1.48787e-05
1.17777e-07
4.11199e-05
-0.000102293
-5.23188e-05
-0.000268978
-0.000147311
-0.000121667
-0.000382978
0.000339468
3.93687e-05
0.000442914
5.99367e-05
8.92136e-06
3.21986e-05
9.05572e-05
0.000129926
9.65696e-05
-2.69987e-05
0.000212954
-0.000235494
8.17373e-05
-0.000303212
-1.85032e-05
-5.36418e-06
-7.85153e-06
7.96931e-06
-6.28476e-06
-4.01444e-05
-4.6521e-06
-9.24633e-05
-1.25201e-05
9.62531e-06
-1.71722e-05
6.04315e-06
1.09965e-05
-3.02722e-06
4.31951e-05
-7.41117e-05
-1.83515e-05
-0.000195778
-0.000135842
3.28228e-05
1.03723e-05
0.000162749
2.6907e-05
-8.05133e-06
5.02412e-06
4.9245e-06
-7.91037e-06
-1.36025e-06
-9.41158e-06
-7.44898e-07
-7.16546e-06
-3.36398e-06
-2.99396e-05
1.27673e-05
-4.82911e-05
-1.80268e-06
7.84583e-06
1.09647e-05
7.8478e-06
1.28385e-05
-7.81436e-06
2.32108e-05
3.05011e-05
-7.29035e-06
-5.74081e-05
9.11699e-06
-3.62265e-07
-9.04931e-06
-8.17664e-06
-2.43473e-06
-4.73073e-06
-1.1484e-05
-1.98475e-06
-6.71549e-06
2.60866e-06
8.35602e-06
1.17257e-05
-4.12792e-06
7.46214e-06
3.71988e-06
1.20759e-05
-2.22448e-06
-5.95216e-06
-9.51481e-06
-1.07018e-05
1.18703e-06
1.02382e-06
8.0513e-07
6.65702e-06
3.96547e-06
-7.84447e-06
-3.63958e-06
-1.37966e-05
-4.60623e-06
-8.24579e-06
5.09825e-07
6.1472e-06
1.25857e-05
1.36096e-05
-1.24841e-05
-1.31249e-06
1.12971e-05
2.31247e-06
2.09161e-06
8.23882e-06
-7.06265e-06
-8.37515e-06
-8.6463e-06
6.33383e-06
)
;

boundaryField
{
    movingWall
    {
        type            calculated;
        value           uniform 0;
    }
    fixedWalls
    {
        type            calculated;
        value           uniform 0;
    }
    frontAndBack
    {
        type            empty;
        value           nonuniform List<scalar> 0();
    }
    defaultFaces
    {
        type            empty;
        value           nonuniform List<scalar> 0();
    }
}


// ************************************************************************* //
