/*--------------------------------*- C++ -*----------------------------------*\
  =========                 |
  \\      /  F ield         | OpenFOAM: The Open Source CFD Toolbox
   \\    /   O peration     | Website:  https://openfoam.org
    \\  /    A nd           | Version:  8
     \\/     M anipulation  |
\*---------------------------------------------------------------------------*/
FoamFile
{
    version     2.0;
    format      ascii;
    class       volVectorField;
    location    "0.044";
    object      U;
}
// * * * * * * * * * * * * * * * * * * * * * * * * * * * * * * * * * * * * * //

dimensions      [0 1 -1 0 0 0 0];

internalField   nonuniform List<vector> 
424
(
(-0.0029344 -0.000189264 6.81072e-26)
(-0.014635 0.000960971 0)
(-0.0130896 0.00276523 2.04651e-23)
(0.000178802 0.00314885 -1.16536e-24)
(-0.0472933 0.00514148 -2.47717e-23)
(-0.023018 0.000843937 -3.38768e-23)
(-0.00299152 0.0138161 3.22961e-24)
(-0.000994692 0.0154872 -7.89092e-25)
(-0.0686473 0.00259225 -3.61291e-23)
(-0.0257363 0.000296712 3.10964e-23)
(-0.0702414 0.00227958 9.63324e-23)
(-0.0240124 0.000465206 0)
(-0.00519165 0.050258 1.16993e-24)
(-0.000962867 0.024458 0)
(-0.0743473 0.000564658 3.30242e-23)
(-0.0255528 -4.08126e-05 1.75101e-23)
(-0.0589804 0.000688467 0)
(-0.0196277 7.80297e-05 0)
(-0.000341323 0.027082 0)
(-0.0026744 0.0731646 -2.78521e-23)
(-0.0733116 4.77727e-05 3.49527e-23)
(-0.0257906 -0.000338546 -1.87536e-23)
(-0.0572527 0.000236396 0)
(-0.0196165 5.59963e-05 0)
(1.31824e-05 0.0260145 1.30706e-23)
(-0.000173501 0.0780328 2.51341e-23)
(-0.00233047 0.0683752 -3.74505e-23)
(-0.000417537 0.0232873 -3.88878e-23)
(-0.0749876 -0.000327726 5.88691e-23)
(-0.0232128 -0.000847309 0)
(-0.015016 -0.000968718 -1.31681e-22)
(-0.00303722 0.000214912 0)
(-0.05299 -1.91045e-05 -1.05685e-22)
(-0.0180359 3.82617e-05 9.88267e-23)
(-0.022283 0.0479296 6.83828e-23)
(0.000239795 0.0267689 0)
(0.000145248 0.0295587 -2.27058e-22)
(0.00335121 0.0631283 2.3391e-22)
(8.23951e-05 0.0745708 2.79515e-23)
(-0.000419201 0.0600453 3.92268e-24)
(-6.85379e-06 0.019978 -3.85033e-24)
(-0.0699022 -0.00256582 -1.05438e-22)
(-0.0489286 -0.00548715 1.335e-22)
(-0.0140896 -0.00309852 0)
(0.000223046 -0.00336218 -2.95529e-22)
(-0.0494174 -0.000265297 3.47004e-22)
(-0.0162056 -3.3709e-05 0)
(-0.106052 0.152667 -1.89067e-22)
(0.809202 0.0278426 -5.01897e-23)
(-0.000695803 0.0780764 -1.62212e-23)
(-0.00573412 0.0865617 0)
(-0.00507803 0.166787 -3.61586e-24)
(-0.000244274 0.057877 0)
(-4.43712e-05 0.0198968 0)
(-0.00399661 -0.015183 5.94391e-23)
(-0.00125553 -0.0170493 2.58437e-22)
(-0.0530574 -0.000628511 0)
(-0.0174583 -0.000154966 0)
(0.405627 0.118726 1.41495e-22)
(0.861359 -0.00378856 -1.19195e-23)
(0.000144564 0.0544016 -9.27389e-23)
(-8.90541e-06 0.0187037 8.79063e-23)
(-0.00670436 -0.054356 0)
(-0.00104085 -0.0267773 0)
(0.551374 0.0129147 1.5647e-22)
(0.882699 -0.0021398 0)
(0.00040736 0.0515517 -7.97598e-23)
(9.86632e-05 0.0174579 7.33979e-23)
(-0.000334979 -0.0292627 6.02635e-23)
(-0.00298008 -0.078923 -1.85947e-23)
(0.880686 -0.00128601 -1.38242e-23)
(0.626275 0.00205936 -1.15934e-22)
(-0.00228725 0.0558141 0)
(-0.000205068 0.0209652 0)
(7.71921e-05 -0.0288532 4.72752e-23)
(-0.000366425 -0.0833783 1.91044e-23)
(-0.00189646 -0.0658227 -3.97166e-22)
(-0.000342966 -0.0224121 0)
(0.879066 -0.000317077 1.306e-23)
(0.6369 -0.000767423 -4.9139e-23)
(0.826675 -0.0267495 0)
(0.000338018 -0.0287902 -9.0994e-23)
(0.881741 0.00140743 0)
(0.886682 0.00204255 0)
(0.865821 0.00377283 0)
(-0.0195213 -0.0491219 0)
(0.00355531 -0.0682867 -4.80746e-22)
(0.000174092 -0.0308004 5.95635e-22)
(0.000290637 -0.0820696 4.36565e-23)
(-0.000559053 -0.0576583 0)
(-3.68585e-05 -0.019224 0)
(0.639059 -0.000726032 -2.08427e-23)
(-0.10481 0.00186763 -4.20464e-23)
(0.447566 -0.115193 9.64669e-22)
(-0.000517254 -0.0838474 -8.91248e-23)
(0.641538 0.00131744 -1.23717e-22)
(0.643068 -0.00139624 2.57364e-22)
(0.569978 -0.0108344 -1.24183e-21)
(-0.108405 -0.153999 -1.80898e-22)
(-0.00645228 -0.179322 7.01014e-22)
(-0.00653802 -0.0904042 -5.6917e-22)
(5.51997e-05 -0.0572612 -3.09725e-23)
(3.5157e-05 -0.0196717 3.0037e-23)
(-0.0932734 5.73439e-05 0)
(-0.0405302 -4.38591e-05 -4.09648e-23)
(0.000387325 -0.059356 -1.38399e-22)
(6.08458e-05 -0.0204688 -1.31587e-22)
(-0.0956763 -0.000318357 2.40197e-23)
(-0.0338845 6.12854e-06 0)
(-6.38982e-05 -0.0579144 9.95367e-23)
(8.55379e-05 -0.0199262 -9.48897e-23)
(-0.089405 -0.000141636 -2.48804e-22)
(-0.0352036 -0.000111296 -2.27433e-23)
(-0.00300029 -0.0605119 0)
(-0.000221028 -0.0234758 0)
(-0.0824634 0.000298438 1.35973e-22)
(-0.0327008 -6.71862e-05 0)
(-0.093611 -0.00161754 0)
(-0.0294685 -9.33003e-06 1.21629e-22)
(-0.0351094 -0.000114308 0)
(-0.0796186 0.0170782 2.51308e-24)
(-0.0236272 0.0118309 0)
(-0.0635895 0.0351843 0)
(-0.0121368 0.0248471 -1.84636e-24)
(-0.129788 0.10693 2.70252e-23)
(-0.157437 0.0740184 4.76968e-22)
(-0.0862996 0.135918 3.6027e-23)
(-0.107329 0.11643 -1.32815e-23)
(-0.154271 0.062425 -8.02626e-22)
(-0.159037 0.0372625 -2.63818e-23)
(-0.136317 0.0285006 -7.20345e-22)
(-0.122718 0.0287887 -1.92537e-22)
(-0.14622 0.0476679 -6.42521e-22)
(-0.16594 0.051103 8.38797e-22)
(-0.172811 0.0242882 -5.99986e-22)
(-0.180217 0.0267888 1.08082e-22)
(-0.111854 0.00668915 1.81288e-22)
(-0.164971 0.00738639 1.24452e-21)
(-0.10929 0.00548579 2.62545e-22)
(-0.135958 0.00295158 3.40045e-22)
(-0.0367386 0.0644144 2.98462e-23)
(-0.103537 0.113064 0)
(-0.0717126 0.0679812 -2.47058e-23)
(-0.101743 0.0914531 0)
(-0.0734596 0.138785 5.3041e-23)
(-0.0749796 0.147935 -1.36591e-22)
(-0.0193056 0.086261 -3.02736e-25)
(-0.0500487 0.164845 2.19485e-22)
(-0.0696655 0.133741 -4.78573e-23)
(-0.0471743 0.157313 2.86891e-22)
(-0.0615105 0.103732 -5.78012e-23)
(-0.0974008 0.0921429 -2.77267e-23)
(-0.108628 0.0661292 0)
(-0.0949716 0.0359344 1.22399e-22)
(-0.023261 0.00244395 -2.9917e-22)
(-0.0653732 0.0141332 3.45154e-22)
(-0.160447 0.00869901 0)
(-0.179431 0.00903462 0)
(-0.18788 0.00221054 -8.63415e-22)
(-0.124609 0.000722208 -1.5463e-21)
(-0.181541 0.00213172 2.80016e-21)
(-0.102114 0.0015363 7.0868e-22)
(-0.144313 -0.000259459 7.39546e-22)
(-0.0348688 0.131404 -2.12301e-23)
(-0.0442547 0.153315 2.068e-23)
(-0.0338831 0.177794 -2.34695e-22)
(-0.00639264 0.118242 7.74909e-22)
(-0.0204491 0.182555 1.15952e-22)
(-0.0260025 0.150555 4.82356e-23)
(-0.0147657 0.167888 -3.00162e-22)
(-0.0335339 0.0889403 1.67502e-22)
(-0.0206009 0.131405 -1.17226e-21)
(-0.0144079 0.0641532 0)
(-0.00246631 0.0228639 0)
(-0.17032 -0.000966608 8.75336e-22)
(-0.187416 -0.000294835 -2.61155e-21)
(-0.127324 0.000710233 -9.19938e-22)
(-0.178712 0.000118164 2.91431e-21)
(-0.0999652 -4.6169e-05 -1.15714e-21)
(-0.145168 -0.000447299 1.43853e-21)
(-0.00532785 0.164617 -6.9301e-22)
(-0.00649508 0.183037 5.23078e-22)
(0.00121128 0.128439 0)
(-0.00489643 0.159849 0)
(-0.0016791 0.187482 -1.05474e-21)
(-0.00396349 0.103188 8.01656e-22)
(-0.000375972 0.133146 0)
(-0.170123 0.00217225 8.74367e-22)
(-0.185382 0.00137583 1.9717e-22)
(-0.131364 0.00071523 1.26094e-21)
(-0.177842 -0.00155795 -1.91411e-21)
(-0.183478 -0.00331856 -2.01381e-21)
(-0.0961921 -0.000686647 -2.26903e-21)
(-0.136251 -0.000603201 9.84801e-22)
(0.00380485 0.168602 7.6689e-22)
(0.00086404 0.122647 -8.12057e-22)
(-0.000317091 0.181635 2.55933e-21)
(0.00247167 0.187653 -1.97772e-21)
(-0.000652275 0.104935 0)
(0.000627387 0.145748 0)
(-0.162018 -0.00624438 -1.45064e-21)
(-0.181548 -0.00877062 0)
(-0.180089 -0.0273678 1.76528e-21)
(-0.1141 -0.0065195 1.05918e-21)
(-0.170022 -0.0354644 -1.96637e-21)
(-0.170907 -0.0327993 -3.24544e-21)
(-0.154514 -0.00739744 1.95862e-21)
(-0.160895 -0.0241607 1.79042e-21)
(-0.0953262 -0.000731076 -2.94388e-22)
(-0.122512 0.000426238 0)
(-0.000566485 0.168615 -4.2746e-22)
(-0.00393537 0.132507 0)
(0.00113005 0.180302 0)
(-0.000379395 0.186008 3.27014e-22)
(-6.49981e-05 0.0989745 0)
(0.00166948 0.144182 0)
(-0.148358 -0.0652517 0)
(-0.16143 -0.0579575 -2.16166e-21)
(-0.161773 -0.062061 2.91985e-21)
(-0.134223 -0.0870371 0)
(-0.0785334 -0.0163173 0)
(-0.127376 -0.0277059 -1.22199e-21)
(-0.146461 -0.0351744 -2.28623e-21)
(-0.133996 -0.0690416 2.80812e-21)
(-0.145927 -0.0819107 -1.47926e-22)
(-0.0646524 -0.0338902 -7.03386e-22)
(-0.0248415 -0.0119457 0)
(-0.0137744 -0.0256997 2.1484e-21)
(-0.13629 -0.0333779 7.37954e-22)
(-0.140568 -0.0565869 -1.83386e-21)
(-0.0867026 -0.00147633 -1.29973e-21)
(-0.118029 -0.0266562 1.8573e-21)
(-0.117228 -0.0718336 8.61252e-22)
(-0.120852 -0.088149 0)
(-0.104206 -0.101934 1.57276e-21)
(-0.0302355 0.234752 3.1909e-24)
(-0.128264 0.299387 -2.98936e-21)
(-0.141217 0.223773 3.13435e-21)
(0.118531 0.186733 -2.52018e-21)
(-0.0154569 0.171701 1.44032e-21)
(-0.0178024 0.139008 -1.74398e-21)
(-0.0481956 0.207717 -8.93421e-22)
(-0.016856 0.18366 -3.07514e-21)
(0.000771112 0.176539 -7.87862e-22)
(-0.00789506 0.180892 3.18252e-21)
(0.00109373 0.094005 0)
(0.00223648 0.134144 2.89847e-22)
(-0.0627125 0.199538 4.23171e-21)
(-0.0998454 0.192448 -1.3194e-21)
(-0.107372 -0.118984 4.15212e-21)
(-0.128524 -0.10469 2.47833e-21)
(-0.125774 -0.106556 -3.33246e-21)
(-0.0772227 -0.062019 5.33878e-22)
(-0.0963517 -0.120608 0)
(-0.102104 -0.0865415 2.48057e-22)
(-0.0381755 -0.0628285 -3.00289e-21)
(-0.0846048 -0.141134 -5.84346e-21)
(-0.022653 -0.0887312 0)
(-0.0697292 -0.141973 2.05126e-21)
(-0.0496335 -0.159659 0)
(-0.0787978 -0.0274214 3.18118e-21)
(-0.0956251 -0.0619663 0)
(-0.060153 -0.105897 -4.67074e-21)
(-0.0860486 -0.0944957 1.1391e-21)
(-0.0172623 -0.00145011 1.35906e-21)
(-0.0506607 -0.00947664 -5.47242e-21)
(-0.105588 0.238325 -5.34562e-22)
(-0.12793 0.202465 0)
(0.00987911 0.194856 1.96869e-21)
(-0.135624 0.108983 -1.29745e-21)
(0.264631 0.0573383 9.58101e-22)
(-0.0273667 0.179973 2.01698e-21)
(-0.0486408 0.178202 -2.27152e-21)
(-0.00851004 0.150126 -1.66505e-21)
(-0.018726 0.153056 2.87522e-21)
(0.000852957 0.0912544 1.3432e-21)
(-0.00633086 0.118089 -8.88898e-22)
(-0.155363 0.0188619 0)
(-0.108279 0.125879 -1.91591e-21)
(-0.139687 0.0882775 1.08958e-22)
(-0.146572 0.0484421 3.14573e-21)
(-0.0531332 0.137734 -1.22844e-21)
(-0.0851439 0.113692 1.19679e-21)
(-0.0633148 -0.147367 2.24965e-22)
(-0.0628244 -0.162347 5.0555e-22)
(-0.0471104 -0.172716 0)
(-0.0376702 -0.127682 -2.84041e-22)
(-0.00863744 -0.129455 1.90399e-23)
(-0.0279586 -0.178395 -3.58776e-21)
(-0.0306772 -0.154571 1.83864e-21)
(-0.0211751 -0.167298 -2.03155e-21)
(-0.0331649 -0.0924896 3.19143e-21)
(-0.0243919 -0.131892 -2.66081e-21)
(-0.0125912 -0.0609088 0)
(-0.0021991 -0.0213708 0)
(-0.0532512 0.0572769 -4.54611e-22)
(-0.114109 0.0268904 1.63275e-21)
(0.105058 0.0606855 -6.68171e-22)
(0.375269 0.0176431 1.67383e-21)
(-0.123298 0.0162383 0)
(-0.172827 0.0106199 0)
(-0.0163553 0.118942 -2.08507e-21)
(-0.0332072 0.11425 0)
(-0.163804 -0.00427873 0)
(-0.161066 0.00208957 0)
(-0.00694715 0.0858249 0)
(-0.0061851 0.0970434 -9.49341e-22)
(-0.123259 0.00529078 0)
(-0.121657 0.0336909 -3.18321e-21)
(-0.0435826 0.0640696 0)
(-0.0822491 0.0682119 0)
(-0.0967222 0.0405172 2.69374e-21)
(-0.150346 -0.0106413 5.67801e-22)
(-0.0119489 -0.182112 2.51292e-21)
(-0.0113552 -0.167363 0)
(0.000252155 -0.134984 -4.01931e-23)
(-0.00727612 -0.159063 0)
(-0.00350644 -0.185859 0)
(-0.00452767 -0.101969 -3.52096e-21)
(-0.00281379 -0.131961 3.21268e-21)
(-0.0444043 0.0167132 0)
(0.124581 0.0123364 -1.38831e-21)
(0.375505 0.00255186 0)
(-0.182957 0.00431515 -4.68498e-22)
(-0.153403 0.00878692 1.18636e-23)
(-0.142773 0.00536798 -2.5054e-22)
(-0.172776 0.0059968 1.30666e-22)
(-0.00429297 0.0313616 5.48617e-21)
(-0.0321486 0.0258126 -1.03251e-21)
(-0.0694757 0.0122233 -2.11811e-21)
(-0.0824777 -0.0142677 0)
(-0.0827148 -0.00367349 0)
(0.000295899 0.00909649 1.72058e-21)
(-3.57535e-05 0.0229275 -6.50368e-21)
(-0.0635675 -0.00553882 0)
(0.00202023 -0.174785 -5.44275e-22)
(0.000380892 -0.134774 3.98476e-23)
(-0.00164504 -0.179364 -4.63186e-21)
(0.00124874 -0.187233 4.30812e-21)
(-0.00146608 -0.0996598 0)
(0.000230104 -0.142951 -5.35937e-22)
(0.098836 -0.00268049 0)
(0.363134 -0.0015426 0)
(-0.167073 -0.00192633 4.27357e-22)
(-0.0930836 -0.00223543 -3.64811e-22)
(-0.148526 0.00022562 3.31531e-22)
(-0.182213 0.00674339 -5.56486e-22)
(-0.0245095 -0.000851747 0)
(0.131186 -0.186382 -5.7651e-21)
(-0.150158 -0.226922 9.82718e-21)
(-0.00061548 -0.172739 1.6724e-22)
(-0.00342648 -0.137278 0)
(0.00095516 -0.178951 3.94839e-21)
(-0.000660773 -0.186056 -2.87806e-21)
(0.000624739 -0.096909 0)
(0.00241239 -0.148111 -1.02842e-21)
(0.0907249 -0.000126292 -3.84557e-23)
(0.357652 -0.00326587 -2.09541e-21)
(-0.189291 -0.00314813 -2.14073e-21)
(-0.102177 -0.000183613 -6.2569e-22)
(-0.151766 0.00168084 5.32773e-22)
(-0.189964 -0.00175642 0)
(0.267519 -0.0532981 -6.9616e-21)
(0.0262743 -0.166556 -6.4056e-21)
(-0.0150232 -0.173062 0)
(-0.0192492 -0.143622 0)
(0.131122 -0.0083569 -3.06322e-21)
(0.382995 -0.0157257 2.61076e-21)
(0.128745 -0.0593788 1.15829e-20)
(-0.0541058 -0.212598 0)
(-0.112314 -0.219704 9.1943e-21)
(-0.0350792 -0.250611 1.60219e-21)
(-0.147635 -0.305994 -2.59633e-21)
(-0.0666033 -0.195294 -1.79153e-23)
(-0.0153926 -0.183245 -3.83782e-21)
(0.000211904 -0.17775 1.65007e-21)
(-0.00636565 -0.180542 6.07305e-21)
(0.00117386 -0.106574 -3.64507e-21)
(0.000159607 -0.14505 2.36681e-21)
(-0.0481875 -0.0138235 2.45563e-21)
(-0.169643 0.00265961 3.73753e-21)
(-0.16508 -0.00566074 -3.37326e-21)
(-0.144 7.10894e-05 2.48766e-22)
(-0.174455 -0.000248444 0)
(-0.0618847 -0.0657844 -3.8453e-21)
(-0.147842 -0.173515 -2.63103e-21)
(-0.0447212 -0.175601 -6.38855e-21)
(-0.0271061 -0.176888 7.5501e-22)
(-0.126625 -0.0150325 0)
(-0.115133 -0.0285502 -9.97023e-22)
(-0.130445 -0.173333 -6.74492e-21)
(-0.0890228 -0.178069 8.70766e-21)
(-0.0735726 -0.130871 6.39486e-21)
(-0.0511393 -0.140063 0)
(-0.00745657 -0.143451 0)
(-0.017592 -0.147746 -2.51028e-21)
(-0.00140108 -0.0991507 0)
(-0.00756046 -0.121705 0)
(-0.186711 0.000129542 2.82163e-21)
(-0.17727 -0.00528021 -5.44308e-21)
(-0.13672 0.00215022 -2.61879e-22)
(-0.168573 -0.00295396 -1.5964e-21)
(-0.155427 -0.0197144 5.16615e-21)
(-0.147796 -0.0741363 -4.46178e-21)
(-0.018403 -0.117447 1.50503e-21)
(-0.0342252 -0.116259 3.62297e-21)
(-0.173618 0.00446693 4.46125e-21)
(-0.155691 0.00202223 -1.7885e-22)
(-0.0430181 -0.0652525 -8.00943e-21)
(-0.077016 -0.0784591 3.85592e-22)
(-0.109647 -0.0625312 1.41766e-21)
(-0.00736072 -0.0839719 0)
(-0.00806542 -0.0945028 -2.74657e-21)
(-0.137321 -0.00455462 -2.16283e-21)
(-0.158054 0.00808775 1.53787e-21)
(-0.0880528 0.0166836 1.4268e-21)
(-0.00662298 -0.0283983 0)
(-0.0340788 -0.0214945 3.56585e-21)
(-0.102469 0.0108296 1.60371e-22)
(-0.0932872 -0.0092577 0)
(0.0001521 -0.00960235 0)
(-0.0011107 -0.0230584 0)
(-0.0612625 0.00666485 -3.74734e-21)
(-0.0225949 0.00112079 2.9493e-21)
)
;

boundaryField
{
    movingWall
    {
        type            fixedValue;
        value           uniform (1 0 0);
    }
    fixedWalls
    {
        type            noSlip;
    }
    frontAndBack
    {
        type            empty;
    }
    defaultFaces
    {
        type            empty;
    }
}


// ************************************************************************* //
