/*--------------------------------*- C++ -*----------------------------------*\
  =========                 |
  \\      /  F ield         | OpenFOAM: The Open Source CFD Toolbox
   \\    /   O peration     | Website:  https://openfoam.org
    \\  /    A nd           | Version:  8
     \\/     M anipulation  |
\*---------------------------------------------------------------------------*/
FoamFile
{
    version     2.0;
    format      ascii;
    class       volVectorField;
    location    "0.061";
    object      U;
}
// * * * * * * * * * * * * * * * * * * * * * * * * * * * * * * * * * * * * * //

dimensions      [0 1 -1 0 0 0 0];

internalField   nonuniform List<vector> 
424
(
(-0.00293605 -0.000189916 6.80838e-26)
(-0.0146505 0.000961523 0)
(-0.0131012 0.00276762 2.04589e-23)
(0.000179532 0.00315088 -1.16691e-24)
(-0.0473497 0.00514693 -2.47648e-23)
(-0.0230432 0.000844487 -3.3878e-23)
(-0.00299417 0.013829 3.23412e-24)
(-0.000995302 0.0155044 -7.93325e-25)
(-0.0687304 0.00259452 -3.61309e-23)
(-0.0257634 0.000296795 3.10975e-23)
(-0.0703184 0.00228259 9.63739e-23)
(-0.0240365 0.000465917 0)
(-0.00519723 0.0503198 1.16783e-24)
(-0.000963583 0.024486 0)
(-0.0744343 0.000564801 3.30258e-23)
(-0.0255794 -4.07942e-05 1.75109e-23)
(-0.0590448 0.000689155 0)
(-0.0196469 7.80956e-05 0)
(-0.000341377 0.0271114 0)
(-0.00267671 0.0732561 -2.78445e-23)
(-0.0733968 4.80938e-05 3.49544e-23)
(-0.0258189 -0.000338607 -1.87545e-23)
(-0.0573157 0.000236493 0)
(-0.0196361 5.60097e-05 0)
(1.31919e-05 0.0260417 1.30697e-23)
(-0.000172677 0.0781264 2.51273e-23)
(-0.00233342 0.0684464 -3.74637e-23)
(-0.000418164 0.0233088 -3.89028e-23)
(-0.0750778 -0.00032723 5.88738e-23)
(-0.0232392 -0.00084795 0)
(-0.0150321 -0.000969357 -1.31697e-22)
(-0.0030387 0.000215644 0)
(-0.053048 -1.92012e-05 -1.05688e-22)
(-0.0180539 3.82503e-05 9.88295e-23)
(-0.0222841 0.0479302 6.83823e-23)
(0.000239864 0.0267981 0)
(0.000145827 0.0295859 -2.27068e-22)
(0.00335079 0.063144 2.33921e-22)
(8.24615e-05 0.0746578 2.79498e-23)
(-0.000419343 0.0601097 3.9227e-24)
(-6.7829e-06 0.0199971 -3.85036e-24)
(-0.0699887 -0.00256837 -1.05445e-22)
(-0.0489871 -0.00549354 1.33516e-22)
(-0.0141018 -0.00310129 0)
(0.000223978 -0.00336401 -2.9552e-22)
(-0.0494702 -0.000265422 3.47e-22)
(-0.0162214 -3.37401e-05 0)
(-0.106049 0.152677 -1.89065e-22)
(0.809203 0.0278417 -5.0186e-23)
(-0.000696162 0.0781696 -1.62203e-23)
(-0.0057311 0.08665 0)
(-0.00507393 0.166844 -3.61594e-24)
(-0.000244481 0.0579396 0)
(-4.43897e-05 0.0199163 0)
(-0.00400016 -0.0151968 5.94384e-23)
(-0.00125636 -0.0170675 2.58428e-22)
(-0.0531115 -0.000629245 0)
(-0.0174744 -0.000155179 0)
(0.405638 0.118729 1.41484e-22)
(0.861376 -0.0037885 -1.1917e-23)
(0.000144665 0.054459 -9.27315e-23)
(-8.89794e-06 0.0187215 8.78993e-23)
(-0.00671172 -0.0544214 0)
(-0.00104162 -0.0268071 0)
(0.551433 0.0129203 1.56438e-22)
(0.882728 -0.00213945 0)
(0.000408038 0.051605 -7.97514e-23)
(9.87573e-05 0.0174739 7.33901e-23)
(-0.000335105 -0.0292939 6.02644e-23)
(-0.00298258 -0.0790205 -1.8595e-23)
(0.880715 -0.00128593 -1.38272e-23)
(0.626368 0.00206117 -1.15918e-22)
(-0.00228613 0.0558743 0)
(-0.000204707 0.0209835 0)
(7.71669e-05 -0.0288841 4.72763e-23)
(-0.000366277 -0.0834778 1.91047e-23)
(-0.00189915 -0.0658948 -3.97205e-22)
(-0.000343487 -0.0224346 0)
(0.879094 -0.000317037 1.30628e-23)
(0.636996 -0.000767979 -4.91229e-23)
(0.826678 -0.0267488 0)
(0.000338152 -0.0288223 -9.09957e-23)
(0.881771 0.0014074 0)
(0.886709 0.00204227 0)
(0.865838 0.00377292 0)
(-0.019522 -0.0491253 0)
(0.00355486 -0.0683064 -4.80774e-22)
(0.000174734 -0.0308309 5.95668e-22)
(0.000290601 -0.0821678 4.36574e-23)
(-0.00055978 -0.0577213 0)
(-3.69071e-05 -0.019243 0)
(0.639148 -0.000725842 -2.08441e-23)
(-0.104742 0.00186886 -4.20516e-23)
(0.447583 -0.115196 9.64674e-22)
(-0.000517946 -0.0839492 -8.91266e-23)
(0.641632 0.00131797 -1.2372e-22)
(0.643156 -0.00139825 2.5737e-22)
(0.57004 -0.0108386 -1.24184e-21)
(-0.108401 -0.154017 -1.80904e-22)
(-0.00644876 -0.179391 7.01046e-22)
(-0.00653548 -0.0905034 -5.69198e-22)
(5.52877e-05 -0.0573235 -3.09733e-23)
(3.5189e-05 -0.0196912 3.00377e-23)
(-0.0932112 5.79125e-05 0)
(-0.0405094 -4.34567e-05 -4.09733e-23)
(0.000387556 -0.0594205 -1.38401e-22)
(6.08827e-05 -0.020489 -1.31588e-22)
(-0.0956165 -0.000318164 2.40229e-23)
(-0.0338656 6.26664e-06 0)
(-6.39981e-05 -0.0579747 9.95369e-23)
(8.55302e-05 -0.0199444 -9.48899e-23)
(-0.0893506 -0.000141649 -2.48826e-22)
(-0.0351849 -0.000111246 -2.27464e-23)
(-0.0029986 -0.0605775 0)
(-0.000220483 -0.0234961 0)
(-0.0824121 0.000297777 1.35985e-22)
(-0.0326839 -6.71751e-05 0)
(-0.093553 -0.00161878 0)
(-0.0294531 -9.45482e-06 1.21639e-22)
(-0.0350917 -0.000114669 0)
(-0.0797222 0.0171017 2.51289e-24)
(-0.0236536 0.0118466 0)
(-0.0636728 0.0352321 0)
(-0.0121532 0.0248758 -1.849e-24)
(-0.12996 0.107069 2.70448e-23)
(-0.157647 0.0741135 4.77114e-22)
(-0.0864086 0.13609 3.60188e-23)
(-0.107464 0.116576 -1.33035e-23)
(-0.154469 0.062503 -8.0287e-22)
(-0.159241 0.0373087 -2.63909e-23)
(-0.136484 0.0285354 -7.20574e-22)
(-0.122885 0.0288273 -1.92549e-22)
(-0.146426 0.0477333 -6.42734e-22)
(-0.16617 0.0511713 8.39069e-22)
(-0.173042 0.0243174 -6.00122e-22)
(-0.180466 0.026819 1.08104e-22)
(-0.112 0.00669782 1.813e-22)
(-0.16519 0.00739586 1.24481e-21)
(-0.109419 0.00549248 2.62634e-22)
(-0.136129 0.00295598 3.40118e-22)
(-0.0367902 0.0644988 2.98943e-23)
(-0.103683 0.113221 0)
(-0.0718146 0.0680779 -2.47457e-23)
(-0.101889 0.0915822 0)
(-0.0735596 0.138977 5.30057e-23)
(-0.0750766 0.148128 -1.365e-22)
(-0.0193338 0.0863758 -2.97373e-25)
(-0.0501126 0.16506 2.19497e-22)
(-0.069751 0.133904 -4.78464e-23)
(-0.047234 0.15751 2.86956e-22)
(-0.0615837 0.103849 -5.76698e-23)
(-0.0975133 0.0922484 -2.77341e-23)
(-0.108753 0.0662057 0)
(-0.0950792 0.0359767 1.22419e-22)
(-0.0232863 0.00244715 -2.99269e-22)
(-0.0654459 0.0141505 3.45268e-22)
(-0.160669 0.0087076 0)
(-0.179684 0.00904231 0)
(-0.188138 0.0022118 -8.63612e-22)
(-0.124768 0.000722791 -1.54642e-21)
(-0.181791 0.00212999 2.80044e-21)
(-0.102236 0.00153787 7.08774e-22)
(-0.1445 -0.000259765 7.39594e-22)
(-0.0349178 0.131588 -2.11369e-23)
(-0.0443152 0.153532 2.05892e-23)
(-0.0339262 0.178036 -2.3469e-22)
(-0.00640071 0.1184 7.74685e-22)
(-0.0204722 0.182805 1.15943e-22)
(-0.0260353 0.150742 4.82145e-23)
(-0.0147832 0.168107 -3.00196e-22)
(-0.0335737 0.0890385 1.67368e-22)
(-0.0206259 0.131562 -1.17258e-21)
(-0.0144257 0.0642225 0)
(-0.00246954 0.0228879 0)
(-0.170555 -0.000968378 8.75408e-22)
(-0.187681 -0.000297485 -2.61178e-21)
(-0.127486 0.000711244 -9.19974e-22)
(-0.178958 0.000117997 2.91443e-21)
(-0.100085 -4.6233e-05 -1.15725e-21)
(-0.145358 -0.000447465 1.43858e-21)
(-0.00533137 0.164846 -6.92809e-22)
(-0.00649937 0.183295 5.23063e-22)
(0.00121407 0.128606 0)
(-0.0049022 0.160058 0)
(-0.00167915 0.187738 -1.05472e-21)
(-0.00396811 0.103306 8.01905e-22)
(-0.000375947 0.133311 0)
(-0.170357 0.00217769 8.74401e-22)
(-0.185643 0.00138055 1.97122e-22)
(-0.131535 0.000716645 1.26099e-21)
(-0.178083 -0.00155627 -1.91413e-21)
(-0.183728 -0.00332087 -2.01379e-21)
(-0.0963068 -0.000686793 -2.26909e-21)
(-0.136424 -0.000602678 9.84809e-22)
(0.00381232 0.168833 7.66847e-22)
(0.000864395 0.122803 -8.12012e-22)
(-0.000313114 0.181884 2.5593e-21)
(0.00247944 0.187917 -1.9777e-21)
(-0.000652067 0.105059 0)
(0.000628192 0.145937 0)
(-0.162242 -0.00624995 -1.4507e-21)
(-0.181802 -0.00877837 0)
(-0.180336 -0.0274021 1.76531e-21)
(-0.114251 -0.006528 1.05928e-21)
(-0.170257 -0.0355125 -1.9664e-21)
(-0.171133 -0.0328419 -3.24544e-21)
(-0.154712 -0.00740646 1.9586e-21)
(-0.161101 -0.0241914 1.79042e-21)
(-0.0954376 -0.000730689 -2.94384e-22)
(-0.122661 0.000427445 0)
(-0.000570885 0.168851 -4.27423e-22)
(-0.00393647 0.132679 0)
(0.00113329 0.18055 0)
(-0.000381071 0.186272 3.26986e-22)
(-6.5376e-05 0.0990919 0)
(0.00167028 0.14437 0)
(-0.148545 -0.0653328 0)
(-0.161643 -0.0580316 -2.16169e-21)
(-0.161992 -0.0621436 2.91988e-21)
(-0.134391 -0.087146 0)
(-0.078635 -0.0163404 0)
(-0.127552 -0.0277438 -1.2221e-21)
(-0.146668 -0.0352223 -2.28636e-21)
(-0.134184 -0.0691381 2.8083e-21)
(-0.146126 -0.0820208 -1.47929e-22)
(-0.064737 -0.0339371 -7.03435e-22)
(-0.0248687 -0.0119619 0)
(-0.0137925 -0.025729 2.1484e-21)
(-0.136454 -0.0334189 7.37919e-22)
(-0.140739 -0.0566562 -1.83379e-21)
(-0.0867989 -0.00147788 -1.29962e-21)
(-0.118167 -0.0266878 1.85714e-21)
(-0.117365 -0.0719195 8.61229e-22)
(-0.120998 -0.088256 0)
(-0.10433 -0.102057 1.57276e-21)
(-0.0302079 0.234861 3.19097e-24)
(-0.128209 0.299471 -2.98934e-21)
(-0.141199 0.223798 3.13432e-21)
(0.118557 0.186749 -2.51995e-21)
(-0.0154488 0.171928 1.44027e-21)
(-0.0177918 0.13916 -1.74393e-21)
(-0.0481502 0.207893 -8.93423e-22)
(-0.0168491 0.183914 -3.07495e-21)
(0.000772155 0.176778 -7.87763e-22)
(-0.00789496 0.181141 3.1822e-21)
(0.00109405 0.0941143 0)
(0.00223905 0.134312 2.89815e-22)
(-0.0626471 0.19975 4.23155e-21)
(-0.0997198 0.192627 -1.31936e-21)
(-0.107506 -0.119134 4.15215e-21)
(-0.128697 -0.10483 2.47839e-21)
(-0.125938 -0.106694 -3.33254e-21)
(-0.0773315 -0.0621079 5.33915e-22)
(-0.0964842 -0.120777 0)
(-0.102248 -0.0866665 2.48065e-22)
(-0.0382279 -0.0629094 -3.00289e-21)
(-0.0847089 -0.141316 -5.84349e-21)
(-0.0226854 -0.0888481 0)
(-0.0698136 -0.142152 2.05126e-21)
(-0.0496943 -0.159864 0)
(-0.0788835 -0.0274528 3.18106e-21)
(-0.0957306 -0.0620386 0)
(-0.0602226 -0.106018 -4.67065e-21)
(-0.0861453 -0.0946037 1.13909e-21)
(-0.0172802 -0.00145197 1.35888e-21)
(-0.0507145 -0.00948792 -5.47206e-21)
(-0.105479 0.238422 -5.34552e-22)
(-0.127779 0.202598 0)
(0.00996349 0.194907 1.96853e-21)
(-0.135443 0.10909 -1.29744e-21)
(0.264737 0.0573666 9.5799e-22)
(-0.0273397 0.180221 2.0169e-21)
(-0.0485829 0.178439 -2.27142e-21)
(-0.00850253 0.150332 -1.66485e-21)
(-0.0187039 0.153278 2.87489e-21)
(0.000855058 0.0913594 1.34304e-21)
(-0.00632784 0.11824 -8.88808e-22)
(-0.15515 0.0189331 0)
(-0.108135 0.126055 -1.91579e-21)
(-0.139507 0.0884146 1.08992e-22)
(-0.146386 0.0485569 3.14565e-21)
(-0.0530508 0.137941 -1.22837e-21)
(-0.0850219 0.113872 1.19672e-21)
(-0.0634019 -0.147574 2.24965e-22)
(-0.0629075 -0.16257 5.0555e-22)
(-0.0471698 -0.17295 0)
(-0.0377234 -0.127857 -2.84041e-22)
(-0.00864968 -0.129627 1.90401e-23)
(-0.0279904 -0.17864 -3.58783e-21)
(-0.0307152 -0.154768 1.83875e-21)
(-0.0212015 -0.167518 -2.03164e-21)
(-0.0332039 -0.0925945 3.19134e-21)
(-0.0244218 -0.132054 -2.66098e-21)
(-0.0126066 -0.0609766 0)
(-0.00220195 -0.0213942 0)
(-0.0530486 0.0573264 -4.54552e-22)
(-0.113862 0.0269327 1.63244e-21)
(0.10523 0.0607331 -6.68017e-22)
(0.375425 0.0176534 1.67357e-21)
(-0.123042 0.0162623 0)
(-0.172603 0.0106452 0)
(-0.0163171 0.119132 -2.08484e-21)
(-0.0331388 0.114442 0)
(-0.163616 -0.00423135 0)
(-0.160871 0.00215321 0)
(-0.00694416 0.0859341 0)
(-0.00615844 0.0971938 -9.49265e-22)
(-0.123105 0.00538245 0)
(-0.121498 0.0338091 -3.18306e-21)
(-0.0434938 0.0642186 0)
(-0.0821332 0.0683657 0)
(-0.0965926 0.0406474 2.6935e-21)
(-0.150195 -0.0106055 5.67795e-22)
(-0.0119616 -0.182369 2.51298e-21)
(-0.0113684 -0.167596 0)
(0.000252522 -0.13516 -4.01937e-23)
(-0.00728646 -0.159272 0)
(-0.00351113 -0.186112 0)
(-0.00453359 -0.102089 -3.52121e-21)
(-0.00281838 -0.132127 3.21292e-21)
(-0.0441497 0.016719 0)
(0.124807 0.0123435 -1.3881e-21)
(0.375672 0.00255088 0)
(-0.182751 0.00432276 -4.68454e-22)
(-0.153144 0.00878667 1.18229e-23)
(-0.142659 0.00537118 -2.50517e-22)
(-0.172608 0.00599809 1.30657e-22)
(-0.0042608 0.0314554 5.48592e-21)
(-0.0320822 0.0259211 -1.03255e-21)
(-0.0693758 0.0123198 -2.11793e-21)
(-0.082384 -0.0142316 0)
(-0.0826047 -0.00360129 0)
(0.000297982 0.00911585 1.72037e-21)
(-2.4022e-05 0.0229853 -6.50316e-21)
(-0.0635042 -0.00552436 0)
(0.00202301 -0.175029 -5.44288e-22)
(0.00038086 -0.134949 3.98483e-23)
(-0.00164386 -0.179609 -4.63201e-21)
(0.00125168 -0.187498 4.30826e-21)
(-0.00146778 -0.0997785 0)
(0.000229498 -0.143136 -5.35957e-22)
(0.0990705 -0.0026832 0)
(0.363297 -0.00154234 0)
(-0.166822 -0.0019302 4.27472e-22)
(-0.0928194 -0.00224056 -3.6489e-22)
(-0.148406 0.000225625 3.31497e-22)
(-0.182025 0.0067432 -5.56577e-22)
(-0.0244879 -0.000849257 0)
(0.131221 -0.1864 -5.76532e-21)
(-0.150138 -0.226959 9.82747e-21)
(-0.000618959 -0.172981 1.67242e-22)
(-0.00342842 -0.137457 0)
(0.000955005 -0.179196 3.94842e-21)
(-0.000663895 -0.186319 -2.87809e-21)
(0.000625296 -0.0970241 0)
(0.00241472 -0.148304 -1.02843e-21)
(0.0909596 -0.000122012 -3.84588e-23)
(0.357825 -0.00326464 -2.09549e-21)
(-0.189045 -0.00314935 -2.1409e-21)
(-0.101918 -0.000178398 -6.2579e-22)
(-0.151651 0.00168133 5.3286e-22)
(-0.189777 -0.00175637 0)
(0.267631 -0.0533232 -6.96172e-21)
(0.0263691 -0.166605 -6.40573e-21)
(-0.0150115 -0.173296 0)
(-0.0192401 -0.14379 0)
(0.131346 -0.00836322 -3.06326e-21)
(0.38315 -0.0157349 2.61086e-21)
(0.128921 -0.0594199 1.15831e-20)
(-0.054058 -0.212792 0)
(-0.112205 -0.219802 9.19457e-21)
(-0.035051 -0.250737 1.60224e-21)
(-0.14758 -0.306088 -2.59641e-21)
(-0.0665455 -0.195516 -1.80229e-23)
(-0.0153815 -0.1835 -3.83789e-21)
(0.000210895 -0.177993 1.65009e-21)
(-0.00636378 -0.180793 6.07316e-21)
(0.00117432 -0.106702 -3.64511e-21)
(0.000157532 -0.145235 2.36683e-21)
(-0.0479387 -0.0138276 2.45576e-21)
(-0.169401 0.00266181 3.73791e-21)
(-0.164832 -0.00565792 -3.37344e-21)
(-0.143894 7.09838e-05 2.48788e-22)
(-0.174291 -0.000250671 0)
(-0.0616712 -0.0658492 -3.8454e-21)
(-0.147697 -0.173645 -2.63115e-21)
(-0.044677 -0.175842 -6.38866e-21)
(-0.0270815 -0.177131 7.55008e-22)
(-0.126382 -0.0150659 0)
(-0.114897 -0.0286194 -9.97051e-22)
(-0.13031 -0.173495 -6.74509e-21)
(-0.0889275 -0.178267 8.70799e-21)
(-0.0734825 -0.13107 6.39503e-21)
(-0.0510726 -0.140281 0)
(-0.00744806 -0.143648 0)
(-0.0175705 -0.147958 -2.51028e-21)
(-0.00140206 -0.0992657 0)
(-0.00755879 -0.121862 0)
(-0.186511 0.000122861 2.82185e-21)
(-0.177058 -0.00530883 -5.44349e-21)
(-0.136617 0.0021489 -2.61901e-22)
(-0.168425 -0.00295491 -1.59654e-21)
(-0.155231 -0.0198117 5.16629e-21)
(-0.147643 -0.0742774 -4.46187e-21)
(-0.0183645 -0.117635 1.505e-21)
(-0.0341645 -0.116456 3.62302e-21)
(-0.173436 0.00442566 4.46158e-21)
(-0.155512 0.00194863 -1.78855e-22)
(-0.0429355 -0.0654103 -8.00967e-21)
(-0.0769172 -0.0786199 3.85606e-22)
(-0.109527 -0.0626691 1.41767e-21)
(-0.00735702 -0.0840779 0)
(-0.00803633 -0.0946514 -2.74651e-21)
(-0.137218 -0.00455751 -2.16305e-21)
(-0.157909 0.00805934 1.53811e-21)
(-0.0879605 0.0166516 1.42688e-21)
(-0.00658875 -0.0284937 0)
(-0.0340143 -0.0216065 3.566e-21)
(-0.102348 0.0107614 1.60376e-22)
(-0.0931795 -0.00935281 0)
(0.000154649 -0.00962415 0)
(-0.00109649 -0.0231223 0)
(-0.0612044 0.00665271 -3.74763e-21)
(-0.0225755 0.00111872 2.94953e-21)
)
;

boundaryField
{
    movingWall
    {
        type            fixedValue;
        value           uniform (1 0 0);
    }
    fixedWalls
    {
        type            noSlip;
    }
    frontAndBack
    {
        type            empty;
    }
    defaultFaces
    {
        type            empty;
    }
}


// ************************************************************************* //
