/*--------------------------------*- C++ -*----------------------------------*\
  =========                 |
  \\      /  F ield         | OpenFOAM: The Open Source CFD Toolbox
   \\    /   O peration     | Website:  https://openfoam.org
    \\  /    A nd           | Version:  8
     \\/     M anipulation  |
\*---------------------------------------------------------------------------*/
FoamFile
{
    version     2.0;
    format      ascii;
    class       surfaceScalarField;
    location    "0.024";
    object      phi;
}
// * * * * * * * * * * * * * * * * * * * * * * * * * * * * * * * * * * * * * //

dimensions      [0 3 -1 0 0 0 0];

internalField   nonuniform List<scalar> 
662
(
-1.99366e-05
1.5798e-05
4.13859e-06
2.03034e-05
-4.024e-05
-8.61802e-05
3.52845e-05
6.66938e-05
-1.69972e-05
2.11358e-05
-0.000148686
8.28092e-05
1.02167e-05
-5.04567e-05
9.16673e-05
-7.338e-05
-2.20729e-05
4.32087e-05
-0.000176928
3.8459e-05
1.71419e-06
-5.21709e-05
2.12489e-06
-0.000119335
-4.55087e-06
0.000121761
-3.35966e-05
3.57215e-05
0.000160539
-9.09442e-05
5.47945e-05
-1.15859e-05
-0.000179919
4.70491e-06
-7.69537e-07
-5.14014e-05
1.1339e-06
-0.000114571
-5.89848e-06
-3.24627e-05
5.6545e-05
-1.75043e-06
0.00019159
-4.26368e-05
-0.000177921
-2.76746e-06
-2.23183e-06
-4.91696e-05
3.59451e-06
-0.000101218
-1.69473e-05
-2.88682e-05
5.6273e-05
2.71931e-07
0.000194404
-4.56533e-06
-1.46773e-06
0.000120867
-0.000121069
1.66985e-06
3.39721e-05
-3.54398e-05
-0.000173443
-6.70956e-06
-4.01966e-05
-8.97292e-06
-2.15036e-05
-1.8693e-05
-1.67801e-05
-4.7236e-06
4.73659e-06
-8.63339e-05
-1.96207e-05
-2.41315e-05
-0.000141115
-0.000756914
0.000898029
5.95305e-05
-3.25744e-06
8.89473e-05
-2.94168e-05
-5.21674e-05
0.000195066
-3.89615e-07
-4.3647e-07
0.000118095
3.20791e-06
3.35356e-05
-0.000149694
-3.27224e-05
-9.42004e-05
-7.41865e-05
-4.32096e-05
-6.77709e-05
2.16778e-05
-2.64015e-05
3.37464e-06
-7.53036e-05
-1.44049e-05
-2.07569e-05
-0.000388625
0.000704802
-0.00107309
-0.000953456
0.00185148
0.000212455
-2.06465e-05
0.00029005
-0.000107011
-0.000150743
-3.52051e-06
0.000104762
1.68535e-05
3.00152e-05
-0.000113859
9.23273e-05
2.66389e-05
-5.30404e-05
-2.61678e-07
-3.79548e-07
-7.46624e-05
-2.10186e-05
0.00135276
-0.00160142
-0.000106842
0.00195833
-4.07273e-06
9.10303e-05
1.78047e-05
2.59425e-05
-0.000193327
0.000106107
-6.45714e-05
1.1531e-05
0.00161178
-0.000365862
0.00199167
-3.33448e-05
-2.80361e-06
7.84813e-05
1.53526e-05
2.31389e-05
-6.68735e-05
2.30211e-06
-0.000223511
4.1715e-05
0.00198981
1.86406e-06
0.00170645
-0.000128006
-5.45798e-06
2.97013e-05
5.42379e-05
1.7681e-05
-6.62789e-05
-5.9458e-07
-0.00022768
6.47149e-06
-4.54715e-08
-0.000110044
0.000106672
3.41762e-06
-3.09689e-05
3.09235e-05
0.00195992
2.98923e-05
0.00172682
-1.85113e-05
-0.00180528
0.000950081
0.000855203
-6.68403e-05
5.61382e-07
0.0019158
4.41184e-05
0.00187725
3.85446e-05
7.19681e-05
0.000156217
0.000793864
9.83217e-05
5.78957e-05
3.14813e-05
-0.000228313
3.8501e-08
-4.08979e-07
-0.000110775
1.13982e-06
-3.13778e-05
0.00170734
4.93766e-05
-0.000174183
-7.87271e-06
4.16632e-05
0.000140393
-0.00136171
0.000782663
0.00143425
-0.000239328
1.15757e-05
0.00166689
8.45638e-05
0.00158025
0.000125188
0.000290509
0.000413613
0.00116291
0.000317562
0.000153947
0.000109716
-8.36503e-08
-0.000109705
-9.86152e-07
-3.14614e-05
-0.000181678
-1.515e-06
9.00947e-06
-5.38492e-05
4.59764e-05
4.47973e-07
-0.000107695
-2.45795e-06
-3.10134e-05
-0.000166297
4.69807e-06
-2.00792e-05
-5.53642e-05
1.61272e-06
-9.76781e-05
-1.16299e-05
-2.94006e-05
-0.000144178
7.27101e-06
-2.93894e-05
-5.06661e-05
7.90112e-06
-4.25461e-05
-6.30332e-05
-2.14995e-05
-0.000129082
4.2638e-06
-1.93604e-05
-4.33951e-05
3.87413e-06
-2.00038e-05
-0.000112952
-3.91314e-05
-3.52572e-05
0.00048898
-0.000406171
-0.00013657
0.000203264
0.00035241
0.000129884
-0.000933339
0.000507757
0.000425582
-0.000524863
-0.000408476
-0.000651553
0.000362536
0.000289018
-0.000143797
-0.000731597
0.000206734
-0.000118729
-0.000612868
-0.000359314
0.000240585
0.000205388
-0.000611559
-0.000626106
0.000831494
-0.00103458
4.00948e-05
-0.000652963
-0.000994487
-0.0005731
-9.84761e-05
-0.000554487
-0.000363864
-0.000462341
-0.000404632
0.000534516
-0.000779272
0.00120485
-5.22219e-05
0.000112768
0.00109209
0.000475303
0.000443572
9.67557e-05
0.000378548
0.000413185
-0.000124167
0.000509941
-0.000461005
0.000336837
-0.000604802
-0.000398068
-0.000157483
3.57215e-05
0.000208765
-0.000781865
-0.000785722
-0.00134021
-0.00077716
-5.65917e-05
-0.00128362
-0.000468239
-0.000524831
-0.000235278
0.000678849
0.000856809
0.00123536
0.000636212
0.000235403
0.000999953
0.000395219
0.000114722
0.000630622
0.000180329
0.000156509
0.000295051
3.54398e-05
0.000118072
-0.000895232
-0.00116555
-0.000897999
2.89283e-05
-0.00119447
-0.000541778
-0.00051285
-0.000166075
0.000802287
0.000833878
0.000797722
0.000431028
0.000199594
0.00126491
0.00029672
0.000496314
1.28759e-05
-0.000910875
-0.0011816
-0.000917585
-0.00124145
5.9849e-05
-0.000809826
-0.000431621
-0.00053247
-0.000472621
0.000762387
3.53353e-05
0.000761997
0.00127753
-1.26222e-05
0.00131286
0.000499522
0.0004869
-0.00032213
-0.000595454
-0.00113196
-0.000922588
-0.000209368
-0.000628177
-0.000381637
-0.000540951
0.000387351
-0.000596719
-0.000683065
0.000251444
-0.000295713
-0.000487026
-0.000235582
0.000896398
-0.000134401
0.000875752
0.00138648
-7.36135e-05
0.00125208
0.000503754
0.00043014
0.000301478
-0.000449258
0.000147779
-0.000295241
-0.000676878
-0.000132336
-0.000316921
0.000343831
-0.000418017
-0.000284346
-0.000825297
5.93492e-05
-0.000884647
-0.000617529
-0.000124915
-0.000293102
-0.000192686
-0.000100359
-0.000383912
8.8199e-05
-0.000236133
-0.000235962
-0.000147763
-0.000157131
-7.90015e-05
-0.000289468
-0.000131277
-0.000158191
0.00142692
-0.00157766
0.00200344
-0.000576524
0.000930351
-0.000671067
0.000840386
3.53662e-05
0.000733374
-0.000844286
-0.000812186
0.000847553
0.00131746
-6.53813e-05
0.000505271
0.000447945
0.000382564
0.000532052
-0.00137634
0.0013719
-0.000839851
0.000483406
-0.000614684
-0.000166485
-0.000451044
9.80416e-05
-0.000391143
0.000786605
-0.00123765
-0.000491502
-0.00042784
-0.000186843
-0.000385396
-0.000519344
9.15039e-05
2.30335e-05
-0.000542378
-0.000243444
9.5681e-05
-0.000322446
0.000480636
-0.000389132
-2.10186e-05
-0.00224537
0.00166885
-0.000873469
0.000997781
-0.000734533
-0.000138936
0.000631918
0.00121494
-0.000367384
-0.000161402
0.000640133
-0.000134862
0.00027275
0.000397916
0.000263054
0.0005342
-2.86777e-05
-0.000505522
-0.000104268
-0.000735583
-0.000838801
-0.000304601
0.000290808
-0.000452209
-0.000444776
-0.000843496
-0.000394153
-0.00103034
-0.00100731
-0.000779549
-0.000737833
-8.29922e-05
-0.000924314
-0.000487292
-5.50854e-05
-0.000570284
-0.000251537
-0.000137596
-0.000306622
-3.09235e-05
-0.00074976
0.000610824
-0.000778438
0.00124274
0.00111474
-0.000294346
-0.000484092
0.000498271
-0.000792617
0.000477808
-0.000205058
2.55986e-05
0.000745655
-0.000247384
0.000240133
0.000292756
8.76973e-05
0.000346771
-0.000106639
4.21704e-05
0.000218936
-0.000193337
-0.00022584
-0.00018367
-0.000385044
0.00013766
-0.000119947
-0.000804366
-0.000857781
-0.000851309
-0.000432377
-0.000137907
-0.00123674
-0.000303204
-0.000441111
0.000180424
-0.000664516
0.00129516
0.00127665
-0.000450334
-0.000342282
-0.00111485
-0.000343381
-0.000685663
0.000159616
-7.19189e-05
-3.37211e-05
-0.000217391
0.000324029
-0.000186369
1.7681e-05
-4.59764e-05
-0.000905493
5.41835e-05
-0.000905455
-0.00119836
-3.83841e-05
-0.00114418
-0.000439972
-0.000478356
0.00126005
1.65978e-05
0.00130943
-0.00105146
-6.33855e-05
-0.00103487
-0.000676654
-0.000740039
0.00116655
0.000267694
0.00232947
-0.000892153
-1.33017e-05
-0.000880577
-0.00100048
-0.000143695
-0.00101378
-0.000479342
-0.000623037
0.00130307
6.36093e-06
0.00138763
-0.00116814
0.000133277
-0.00116178
-0.000760119
-0.000626842
0.00112465
-0.000834141
0.00139234
-0.000880644
6.68173e-08
-0.000770928
0.00124627
0.000141366
0.00137145
0.000537312
-0.00179756
0.00102663
-0.000685856
0.0020782
-0.00164361
0.0010865
-5.98713e-05
0.000844814
-0.000844747
-0.00121545
0.00020167
-0.000370638
-0.000625495
-0.000423825
0.000652612
-0.000511246
-0.00124029
7.85104e-05
-0.000587682
-0.000656231
-0.000577721
-0.000325108
0.00086242
0.00175309
0.00113841
-5.19062e-05
0.000293659
-0.00087189
0.000360644
-9.46955e-06
0.000751054
0.00100204
0.000691183
0.000429215
0.000261968
0.000377309
-0.000631017
0.000260379
-0.000337358
-0.000435455
-0.000175076
-0.000787794
0.000200112
-0.00042715
-0.000597081
-0.000396969
-0.00061163
0.00060216
0.000390408
-0.00047815
0.000140792
-0.000100841
-0.000646324
0.000219174
-4.41639e-05
-0.000301873
0.000201032
-3.99051e-05
0.000350503
-0.000217622
-7.68303e-05
-0.000416973
-0.000197799
-0.000346008
0.000148209
-0.000161363
8.45326e-05
3.96689e-05
-0.000390172
-2.14995e-05
3.52572e-05
)
;

boundaryField
{
    movingWall
    {
        type            calculated;
        value           uniform 0;
    }
    fixedWalls
    {
        type            calculated;
        value           uniform 0;
    }
    frontAndBack
    {
        type            empty;
        value           nonuniform List<scalar> 0();
    }
    defaultFaces
    {
        type            empty;
        value           nonuniform List<scalar> 0();
    }
}


// ************************************************************************* //
