/*--------------------------------*- C++ -*----------------------------------*\
  =========                 |
  \\      /  F ield         | OpenFOAM: The Open Source CFD Toolbox
   \\    /   O peration     | Website:  https://openfoam.org
    \\  /    A nd           | Version:  8
     \\/     M anipulation  |
\*---------------------------------------------------------------------------*/
FoamFile
{
    version     2.0;
    format      ascii;
    class       volVectorField;
    location    "0.024";
    object      U;
}
// * * * * * * * * * * * * * * * * * * * * * * * * * * * * * * * * * * * * * //

dimensions      [0 1 -1 0 0 0 0];

internalField   nonuniform List<vector> 
656
(
(0.743387 0.0565328 -9.65672e-25)
(0.927895 0.0140713 1.86635e-24)
(0.954757 -0.00127254 0)
(-0.0910769 0.119007 2.39675e-23)
(0.556753 0.0977164 1.12059e-23)
(0.841114 0.000932705 0)
(-0.0571779 0.067243 -4.94392e-23)
(-0.0145944 0.0188523 9.84188e-24)
(0.96811 -0.000152191 0)
(-0.000514884 0.138488 -2.38216e-24)
(-0.00307593 0.192932 -7.84932e-23)
(-0.117748 0.172045 0)
(0.375994 0.139803 1.00505e-23)
(0.714759 0.00926956 0)
(0.890577 0.00125752 -1.70424e-22)
(0.905748 0.0005581 4.77555e-23)
(0.00103792 0.0822898 9.7901e-24)
(0.00137466 0.0267083 0)
(0.971605 -8.05662e-05 -3.43059e-23)
(0.912402 0.000270702 -1.43683e-22)
(-0.0123977 0.092514 7.72514e-23)
(-0.00523788 0.0626496 0)
(-0.0239405 0.124577 1.33633e-24)
(-0.00795321 0.242219 1.54393e-22)
(-0.136138 0.223377 -1.68029e-22)
(0.21028 0.18034 -2.26523e-23)
(0.577239 0.0244868 0)
(0.799929 0.00631107 2.66093e-22)
(0.828001 0.00294774 -8.90576e-23)
(-0.00144327 0.0355477 0)
(-0.00015155 0.0114101 0)
(0.915326 0.000137409 5.14084e-23)
(0.972982 -5.25179e-05 -3.6666e-23)
(0.84069 0.0015281 1.9578e-22)
(0.846447 0.000742618 -5.18712e-23)
(0.85071 4.38284e-05 -1.09188e-22)
(-0.00675879 0.0605779 -1.05611e-22)
(-0.00279875 0.0407328 1.71042e-23)
(-0.0137494 0.0820366 -1.88744e-22)
(-0.0408811 0.157793 -1.57981e-22)
(-0.0168221 0.282318 1.66797e-22)
(-0.143795 0.26939 -4.86573e-24)
(0.0684974 0.217732 4.55025e-22)
(0.432521 0.0471947 0)
(0.695358 0.0160675 0)
(0.737111 0.00782293 -3.69573e-22)
(-0.000819526 0.0229286 -5.41293e-24)
(-0.000128712 0.0072939 0)
(0.851747 -0.000846425 1.20646e-22)
(0.917601 2.33976e-05 -2.79036e-23)
(0.973484 -2.43703e-05 4.93839e-24)
(0.756353 0.00414403 0)
(0.76529 0.00202401 0)
(0.771848 0.000101011 -1.06971e-22)
(0.773559 -0.00229243 4.61462e-22)
(0.759612 -0.00584657 0)
(-0.0103204 0.0363857 2.00665e-22)
(-0.00499679 0.0256138 2.9584e-22)
(-0.00201954 0.0164512 -2.88241e-22)
(-0.0249448 0.104116 -1.85687e-22)
(-0.0192314 0.0485789 5.86136e-22)
(0.285868 0.0792301 -1.32795e-22)
(0.576767 0.0316447 1.75009e-22)
(0.63206 0.0161647 -5.20605e-22)
(-0.000552384 0.00881903 4.55089e-23)
(-6.77765e-05 0.00255568 6.10614e-23)
(0.84223 -0.00215805 -2.5573e-22)
(0.918227 -0.000133251 8.57737e-23)
(0.974101 1.24031e-05 5.50408e-24)
(0.724118 -0.0149668 -1.14885e-23)
(0.658016 0.00869225 0)
(0.670337 0.00433812 1.93649e-22)
(0.67955 0.000276085 2.04704e-22)
(0.682328 -0.00466488 -8.85676e-22)
(0.664132 -0.0121559 2.28236e-22)
(-0.00834893 0.0138864 8.90959e-22)
(-0.00403247 0.00913601 -6.62482e-24)
(-0.00181863 0.00552356 0)
(-0.000641197 0.00297552 1.06059e-22)
(0.445523 0.0551863 0)
(0.512888 0.0296133 6.65852e-22)
(-8.97422e-05 0.00129013 -1.00408e-22)
(5.46059e-05 0.000247165 -3.09471e-23)
(0.603271 -0.0239035 4.73215e-22)
(0.818563 -0.00583353 1.50101e-22)
(0.913043 -0.000348959 0)
(0.974476 4.53025e-05 -5.30403e-23)
(0.616208 -0.0297545 -2.89808e-22)
(0.466002 -0.0468436 7.27761e-22)
(0.250769 -0.190516 -8.80955e-22)
(0.544849 0.0162947 0)
(0.560322 0.00814516 4.6779e-23)
(0.572486 0.000783413 -1.45634e-22)
(0.576984 -0.0084614 5.13768e-22)
(0.555314 -0.0224859 -8.7324e-22)
(-0.0147494 0.00621072 3.75109e-22)
(-0.00925882 0.00304975 -4.0014e-22)
(-0.00540559 0.00139336 -1.9833e-22)
(-0.00283138 0.000480408 3.92714e-22)
(-0.00119048 4.5395e-05 4.72905e-23)
(-0.000211144 -6.07731e-05 -2.85946e-23)
(-0.136951 -0.249609 5.90488e-23)
(0.411507 -0.147858 -6.1492e-23)
(0.731833 -0.00894648 -7.97894e-22)
(0.900282 -0.00110126 0)
(0.973308 0.000114211 0)
(0.494719 -0.0530659 5.53763e-22)
(0.322504 -0.080229 -2.78393e-22)
(0.105222 -0.229532 1.02781e-22)
(-0.141867 -0.297207 1.38579e-21)
(-0.0461475 0.0110624 0)
(-0.0337626 0.00575425 1.8769e-22)
(-0.0234504 0.00282232 -6.62921e-22)
(-0.0149205 0.00113474 1.84854e-22)
(-0.00790239 0.000288183 -4.40463e-23)
(-0.00212468 2.40235e-05 -2.73468e-23)
(-0.00784776 -0.286846 0)
(-0.12077 -0.194552 0)
(0.582674 -0.103367 4.89151e-22)
(0.849898 -0.00086501 -4.00594e-23)
(0.970347 0.000204347 -1.03389e-22)
(-0.0161638 -0.33 -1.6484e-21)
(-0.0747786 0.00970729 0)
(-0.0560183 0.00537446 1.94213e-22)
(-0.0398183 0.00269418 -1.51454e-24)
(-0.0259359 0.00114668 9.60678e-23)
(-0.014105 0.000355621 -4.51487e-23)
(-0.00407279 7.27198e-05 0)
(-0.0278073 -0.160904 -5.52008e-22)
(-0.00309831 -0.23169 0)
(-0.0950332 -0.13601 5.08662e-22)
(0.757784 -0.0597727 0)
(0.956426 0.00135068 7.66923e-23)
(-0.0470101 -0.200644 0)
(-0.0959307 0.00791716 0)
(-0.072621 0.00441406 1.20839e-22)
(-0.0521228 0.0022517 -3.50393e-22)
(-0.0342831 0.000991783 1.13401e-22)
(-0.0188935 0.000336697 5.06573e-23)
(-0.00568554 8.89939e-05 -1.69904e-23)
(-0.0155542 -0.115279 2.82921e-22)
(-0.0146365 -0.120944 0)
(-0.000306862 -0.168231 -4.45825e-22)
(-0.0605261 -0.0775292 4.30716e-22)
(0.931374 -0.0147268 0)
(-0.0282198 -0.14368 0)
(-0.104109 0.00681152 1.54123e-22)
(-0.0788883 0.00386012 -1.48799e-22)
(-0.0567024 0.0019689 1.44007e-22)
(-0.0373616 0.000862694 -2.75783e-22)
(-0.0206584 0.000293438 3.79277e-22)
(-0.00635707 7.76802e-05 -5.05729e-23)
(-0.0129837 -0.0648171 2.44274e-22)
(-0.00767856 -0.0864011 -5.23075e-22)
(-0.00600764 -0.0824939 1.52245e-22)
(0.0017892 -0.100247 -4.62292e-22)
(-0.0141839 -0.0213879 1.31063e-23)
(-0.023407 -0.082842 0)
(-0.0146355 -0.0431267 -5.51119e-23)
(-0.104505 0.00729289 -1.89775e-22)
(-0.0790804 0.00463366 7.65165e-22)
(-0.056906 0.00249713 -7.3058e-22)
(-0.037619 0.00108073 0)
(-0.0208852 0.000335778 0)
(-0.00652087 7.08646e-05 -5.54997e-24)
(-0.00804863 -0.0335317 1.17536e-22)
(-0.00648842 -0.0476118 3.36107e-24)
(-0.00301745 -0.0587684 3.98751e-22)
(-0.00127134 -0.0467112 -1.4971e-22)
(0.00233453 -0.0308849 0)
(-0.00812627 -0.0192036 8.92826e-22)
(-0.0610657 0.0037934 8.343e-22)
(-0.0400368 0.0024134 -8.62816e-22)
(-0.0220238 0.000859458 0)
(-0.00678551 0.000151369 -7.82216e-24)
(-0.00447493 -0.014384 -2.36734e-22)
(-0.00396948 -0.0244 -9.19015e-23)
(-0.00265848 -0.0318611 1.8953e-22)
(-0.000642234 -0.0332732 -1.29621e-22)
(0.000179742 -0.014117 4.95004e-23)
(-0.00414685 -0.00594658 0)
(-0.0024869 0.00356409 -1.02134e-21)
(-0.0484467 0.00104901 0)
(-0.0169772 0.000365486 -2.73428e-23)
(-0.00148152 -0.000252888 0)
(-0.00221017 -0.00419244 -2.40808e-22)
(-0.00218357 -0.0101096 -4.60249e-22)
(-0.00163139 -0.0161671 -6.26542e-23)
(-0.000705646 -0.0178377 1.27445e-22)
(7.47981e-05 -0.010357 -4.9691e-23)
(-0.000996593 -0.000105546 2.08448e-21)
(-0.00120325 0.00189265 2.17314e-21)
(-0.00288139 0.00370237 6.99858e-23)
(-0.000249788 0.00113372 -4.81515e-22)
(-0.00073687 0.000172455 -8.2969e-25)
(-0.00103938 -0.00273973 1.2472e-22)
(-0.000892416 -0.00648536 3.72817e-22)
(-0.000458336 -0.00897569 7.64398e-24)
(-6.40239e-05 -0.00559498 -2.28568e-23)
(-0.000180846 -0.00161198 -1.64308e-24)
(-0.000417774 -0.000742684 -1.74372e-21)
(-0.000505086 0.000960839 -5.25474e-22)
(-0.00126393 0.00164238 0)
(-0.00299541 0.00864765 1.50804e-21)
(0.000227123 0.00101037 -2.58767e-22)
(-7.32278e-05 0.00107756 2.5661e-22)
(-0.000314457 0.000385242 1.28396e-22)
(-0.000410148 -0.00161868 0)
(-0.000253526 -0.0034927 -1.22201e-22)
(-6.10053e-05 -0.00281919 1.7176e-23)
(0.000132883 -0.00196865 8.2708e-22)
(-1.39789e-05 -0.00164121 3.33517e-22)
(-0.000150628 -0.000943188 1.96417e-22)
(-0.000160365 0.000398883 5.34514e-23)
(-0.000310944 0.000603614 -6.12081e-23)
(-0.000430143 0.00200117 1.08565e-21)
(0.000213066 0.000380396 1.08146e-21)
(0.000158574 0.000882538 -4.04744e-22)
(-9.7343e-06 0.000919012 -2.64073e-22)
(-0.000109243 0.000416756 -1.28533e-22)
(-0.000108729 -0.000794596 0)
(-3.7052e-05 -0.001063 -1.12969e-23)
(0.00037652 -0.00150622 0)
(0.00011969 -0.00173283 -2.86103e-22)
(2.9089e-05 -0.00142496 -9.85603e-22)
(-3.59151e-05 -0.000851657 3.20942e-22)
(-2.06138e-05 9.56523e-05 -3.57175e-22)
(-1.13643e-05 4.04001e-05 9.62207e-24)
(0.000380799 0.000134991 -4.69784e-22)
(0.000123529 0.000294753 7.16175e-22)
(9.4291e-05 0.000702446 -6.92952e-22)
(6.65082e-06 0.000688938 1.32395e-22)
(-1.91624e-05 0.000314804 0)
(-1.08331e-05 -0.000212781 1.11699e-23)
(0.000293181 -0.000537052 0)
(0.000232261 -0.00126774 5.50297e-22)
(8.08583e-05 -0.00138173 7.16125e-22)
(2.82295e-05 -0.00106884 9.38892e-22)
(6.82852e-06 -0.000580869 -3.332e-22)
(8.86301e-06 -1.31231e-05 -2.19857e-23)
(0.000823172 0.000191613 -5.60907e-22)
(0.000281132 7.48253e-05 0)
(6.18784e-05 0.000208649 5.14303e-22)
(4.58408e-05 0.000496995 0)
(1.02149e-05 0.000420046 0)
(4.88032e-06 0.0001253 0)
(0.000552082 -0.000171292 6.27002e-22)
(0.0001621 -0.000415506 -5.69144e-22)
(0.000126437 -0.000977644 -5.59958e-22)
(4.35643e-05 -0.00097948 -4.17894e-22)
(1.96055e-05 -0.000648099 -4.34412e-22)
(1.17617e-05 -0.000212011 1.30901e-23)
(0.00114688 0.000106278 0)
(0.000673889 0.000111933 1.40571e-22)
(0.000191789 3.73415e-05 0)
(2.45055e-05 0.00013156 2.07609e-27)
(1.65285e-05 0.000287265 0)
(7.23866e-06 0.000137911 -8.97985e-23)
(0.00127076 -3.97991e-06 0)
(0.00113739 -0.000171984 -5.65893e-22)
(0.000411628 -9.85547e-05 -1.57872e-22)
(7.77028e-05 -0.000292682 2.91839e-22)
(5.79829e-05 -0.000674282 -4.1492e-22)
(1.98445e-05 -0.000568266 -1.31424e-22)
(1.06372e-05 -0.00021196 9.14978e-23)
(0.000941494 6.05576e-05 -1.88773e-23)
(0.000511541 5.86498e-05 -2.10228e-22)
(0.000118188 1.48851e-05 0)
(5.21805e-06 6.72098e-05 -1.08202e-22)
(4.77208e-06 8.55692e-05 9.05875e-23)
(0.00103957 -4.59925e-06 2.09882e-24)
(0.000924766 -0.000104234 6.35511e-22)
(0.000284299 -4.99676e-05 -5.27056e-27)
(3.0056e-05 -0.000184045 1.3082e-25)
(1.96603e-05 -0.00038067 -2.65269e-22)
(8.26542e-06 -0.000173839 8.36087e-23)
(0.000720029 3.1464e-05 1.48585e-22)
(0.000350751 2.63563e-05 1.02559e-22)
(5.98997e-05 3.16162e-06 -1.26168e-22)
(-5.76182e-07 1.60895e-05 2.30035e-23)
(0.000793811 -3.60605e-06 2.09431e-24)
(0.000700985 -5.69125e-05 -1.40569e-22)
(0.000177779 -2.0195e-05 4.54012e-22)
(6.21886e-06 -9.40165e-05 -2.12713e-22)
(5.29387e-06 -0.000109018 3.45263e-26)
(0.000499003 1.41687e-05 0)
(0.00019948 8.99358e-06 1.13831e-22)
(1.47204e-05 -5.68503e-07 7.9683e-23)
(0.000549939 -2.53532e-06 0)
(0.000481157 -2.6676e-05 -2.05629e-22)
(9.15646e-05 -4.45375e-06 3.95815e-22)
(-7.68719e-07 -2.24672e-05 4.39733e-23)
(0.000288617 4.95523e-06 -9.70936e-25)
(6.15283e-05 2.3261e-06 -1.43036e-22)
(0.000318213 -1.69722e-06 9.69674e-25)
(0.00027438 -9.73959e-06 -1.13994e-22)
(2.3044e-05 6.5955e-07 1.12907e-22)
(9.44205e-05 1.32726e-06 4.3386e-23)
(0.000104241 -9.87458e-07 0)
(8.5119e-05 -2.97576e-06 -1.09932e-23)
(-0.142958 0.30372 2.22665e-21)
(-0.0272199 0.258595 5.08743e-22)
(-0.0417605 0.127292 0)
(-0.0752607 0.187946 2.79163e-21)
(-0.0629754 0.193102 -2.95006e-21)
(-0.0733761 0.266828 0)
(-0.0376073 0.310296 0)
(-0.0984363 0.352452 -1.02748e-21)
(-0.0857358 0.313113 0)
(-0.0395707 0.265833 -1.88511e-21)
(0.15091 0.125943 4.23611e-21)
(-0.0959687 0.276957 0)
(-0.0335546 0.0631083 -3.66639e-22)
(-0.0556777 0.104087 0)
(-0.0160769 0.0191397 -3.8291e-21)
(-0.038229 0.0465106 3.91844e-21)
(-0.082478 0.120057 -2.27661e-21)
(-0.11406 0.157105 0)
(-0.0952019 0.201409 0)
(-0.11916 0.237722 6.19359e-22)
(-0.109823 0.293512 0)
(-0.0987597 0.287915 1.95958e-21)
(-0.0175343 0.192731 2.37127e-21)
(0.0926395 0.154257 -5.71602e-21)
(0.299949 0.0901596 1.12284e-21)
(-0.150159 0.23215 -5.90971e-22)
(-0.141749 0.24953 0)
(-0.0214384 0.0119358 -3.1702e-21)
(-0.0487282 0.0282728 8.68217e-22)
(-0.0601073 0.0514777 7.22837e-22)
(-0.0902986 0.0805967 2.31481e-21)
(-0.119918 0.0791286 -4.46139e-21)
(-0.165391 0.112856 -3.94489e-21)
(-0.158179 0.153876 -3.0146e-21)
(-0.183826 0.181856 5.64718e-21)
(-0.132966 0.20547 -1.64331e-21)
(-0.0629169 0.181405 -1.71437e-21)
(0.0388294 0.126045 0)
(0.382556 0.0492606 -5.74718e-21)
(0.186265 0.10479 0)
(0.416765 0.0285323 0)
(0.237109 0.0575564 4.83639e-21)
(-0.20624 0.168462 0)
(-0.180251 0.175556 0)
(-0.0122258 -0.276388 6.0491e-21)
(-0.146974 -0.328988 0)
(0.38046 -0.0821434 0)
(0.427076 0.0137826 -1.97406e-22)
(0.263972 0.0322259 0)
(0.260965 -0.092394 0)
(0.447788 -0.0365808 1.18798e-21)
(0.447842 0.0014631 3.70847e-21)
(0.284676 0.00766818 0)
(0.308863 -0.0429898 0)
(0.463561 -0.0148682 0)
(0.312729 -0.014706 -3.76549e-21)
(-0.0632413 0.0221114 1.15397e-21)
(-0.0960254 0.0352339 -1.4525e-21)
(-0.118704 0.0474647 4.77222e-21)
(-0.170401 0.0529666 0)
(-0.199051 0.0823022 0)
(-0.227764 0.0918426 -3.11652e-21)
(-0.246607 0.115533 -2.36956e-21)
(-0.155289 0.134491 0)
(0.0606014 0.0775269 3.35224e-21)
(-0.0405831 0.114204 0)
(0.141959 0.0411515 0)
(-0.0029635 0.0648251 -3.62542e-21)
(-0.264137 0.101089 7.87307e-21)
(-0.229328 0.107819 -2.32568e-21)
(-0.0143521 -0.262085 -3.41329e-21)
(0.168419 -0.136155 7.68751e-21)
(0.141788 -0.154854 -6.01818e-21)
(-0.116514 -0.384204 1.70771e-21)
(-0.08037 -0.32582 -3.71809e-21)
(-0.0374094 -0.356663 2.44157e-22)
(0.0415784 -0.180267 -6.37705e-21)
(0.0431549 -0.150088 2.09144e-21)
(0.140184 -0.107355 3.23883e-21)
(0.121255 0.00859701 0)
(0.0149347 0.0351483 0)
(0.0752352 -0.0913502 -3.56943e-21)
(0.177269 -0.0556058 0)
(0.088058 -0.0449452 -3.32851e-21)
(0.187256 -0.0208939 3.03531e-21)
(0.0485721 -0.0105021 4.6261e-21)
(-0.0956148 0.0156307 1.66114e-21)
(-0.138273 0.0239499 0)
(-0.16474 0.0330044 0)
(-0.208516 0.0381084 3.30042e-21)
(-0.239537 0.0558466 0)
(-0.267586 0.0562083 8.29782e-21)
(-0.288425 0.071159 -7.0878e-21)
(-0.116129 0.0502474 0)
(-0.137684 0.0645204 -5.69282e-21)
(-0.224249 0.081697 1.15962e-20)
(-0.199688 0.0362516 0)
(-0.289177 0.0694233 -7.4961e-21)
(-0.299688 0.0638134 -4.00086e-21)
(-0.0900674 -0.310228 0)
(-0.0762744 -0.243374 7.74324e-21)
(-0.0725834 -0.238109 0)
(-0.0657736 -0.317715 -5.28424e-22)
(-0.0927728 -0.319733 4.15022e-22)
(-0.108157 -0.236073 -7.95252e-21)
(-0.0681597 -0.183518 -7.31196e-21)
(-0.0984864 -0.157377 9.72386e-21)
(-0.047253 -0.112076 3.00349e-21)
(-0.113299 -0.0796828 -3.93221e-21)
(-0.061731 -0.0508854 0)
(-0.0879049 -0.0186375 -3.19779e-21)
(-0.178441 0.00843013 0)
(-0.120625 0.0125618 0)
(-0.163456 0.0187511 -1.28872e-21)
(-0.1929 0.0241958 -5.04611e-21)
(-0.225632 0.0299167 4.32846e-21)
(-0.253527 0.0398079 -1.53905e-21)
(-0.270881 0.0413802 -1.9757e-21)
(-0.298646 0.0520878 6.25038e-21)
(-0.275987 0.0419236 -6.97534e-21)
(-0.297013 0.0560274 8.5037e-21)
(-0.263577 0.0132165 0)
(-0.294182 0.0353141 -1.19376e-21)
(-0.312167 0.0560977 0)
(-0.304594 0.0514453 0)
(-0.0464996 -0.168147 -1.23936e-20)
(-0.0900565 -0.241676 4.27474e-21)
(-0.110894 -0.250479 5.16483e-21)
(-0.124622 -0.280662 -7.12082e-22)
(-0.14198 -0.251355 6.56945e-22)
(-0.175336 -0.201413 -7.47772e-21)
(-0.179324 -0.163219 0)
(-0.199414 -0.107476 -9.36331e-21)
(-0.272618 0.0153359 -4.40286e-21)
(-0.23737 -0.0784267 6.81193e-21)
(-0.271499 -0.0186379 2.80841e-21)
(-0.131697 0.0108525 4.54507e-21)
(-0.284061 0.048559 2.70909e-21)
(-0.168088 0.0167181 -3.24728e-21)
(-0.192632 0.0217385 -2.80997e-21)
(-0.218449 0.0290979 -6.08508e-21)
(-0.252482 0.0367408 1.36141e-21)
(-0.261022 0.0404615 -3.44669e-21)
(-0.284095 0.0415897 -2.70472e-21)
(-0.307883 0.0551265 6.74886e-22)
(-0.304336 0.0463812 1.2363e-21)
(-0.263393 0.0539366 4.8268e-21)
(-0.280056 0.0521705 2.00351e-21)
(-0.290482 0.0589071 -1.28326e-21)
(-0.282647 0.0559653 -1.92516e-21)
(-0.230891 0.0595499 -6.68311e-21)
(-0.0377829 -0.100046 0)
(-0.0616159 -0.158632 8.29411e-21)
(-0.172987 0.0616978 0)
(-0.210259 0.051485 4.38128e-21)
(-0.113292 0.0578497 8.47009e-21)
(-0.137741 0.0545413 -5.59297e-21)
(-0.0846911 -0.172816 0)
(-0.124981 -0.211845 -4.90965e-21)
(-0.161967 -0.189012 1.50256e-20)
(-0.208615 0.0262842 -5.8398e-21)
(-0.235476 0.00751204 4.62582e-21)
(-0.176373 -0.14893 -1.07168e-20)
(-0.225803 -0.0728511 1.13996e-22)
(-0.214601 -0.0447309 -9.43779e-21)
(-0.131262 0.0109466 0)
(-0.255529 0.048734 0)
(-0.235676 0.0366201 2.60826e-22)
(-0.240677 0.0428759 -3.55992e-22)
(-0.163133 0.0187506 -5.05171e-21)
(-0.190076 0.0245497 5.37211e-21)
(-0.207388 0.0291737 4.6597e-21)
(-0.27297 0.0644814 1.83531e-21)
(-0.265049 0.0640877 -4.17634e-22)
(-0.235899 0.0716967 3.63929e-21)
(-0.217054 0.0709374 1.32694e-21)
(-0.248252 0.0529141 -5.49359e-21)
(-0.253248 0.0665164 1.97603e-23)
(-0.26011 0.0588893 4.69078e-21)
(-0.191064 0.0765308 2.30032e-21)
(-0.166925 0.0751682 -7.50327e-21)
(-0.112726 0.0687353 2.88119e-21)
(-0.136927 0.0755264 2.38162e-21)
(-0.0898944 0.0667321 -3.36232e-21)
(-0.0537796 0.0496192 0)
(-0.0710345 0.0556736 2.79354e-21)
(-0.0858528 0.0516764 -2.39813e-22)
(-0.0776903 0.0445719 0)
(-0.0235595 -0.0520508 -4.20669e-21)
(-0.0469273 -0.0899749 4.11579e-21)
(-0.0567978 -0.0968894 2.89262e-21)
(-0.0918269 -0.130596 0)
(-0.100316 0.0301431 1.02043e-20)
(-0.132271 0.0322097 0)
(-0.159041 0.0177359 5.66481e-21)
(-0.116542 -0.109311 1.30845e-22)
(-0.143663 -0.0248221 1.53492e-21)
(-0.146192 -0.117042 -4.22626e-21)
(-0.171786 -0.0524832 8.47868e-21)
(-0.0129266 -0.0244787 -4.97109e-22)
(-0.0237882 -0.0411072 0)
(-0.121282 0.00999677 0)
(-0.0820081 0.00348137 -5.17989e-22)
(-0.099099 0.00457103 5.22163e-22)
(-0.214353 0.0410269 -3.02117e-21)
(-0.224274 0.0503585 2.65537e-21)
(-0.144113 0.0154199 0)
(-0.177446 0.0238148 -2.46979e-21)
(-0.192682 0.0326833 2.97158e-21)
(-0.189195 0.0807239 1.24192e-21)
(-0.228213 0.0713643 -2.02238e-21)
(-0.221717 0.076037 -2.56467e-21)
(-0.208841 0.0561503 -3.42149e-21)
(-0.208868 0.0668056 6.78063e-22)
(-0.167363 0.0788795 0)
(-0.14023 0.0791057 0)
(-0.127135 0.0776787 0)
(-0.100999 0.0746136 -2.97082e-21)
(-0.0822867 0.0685028 -1.67133e-21)
(-0.0633719 0.0623448 3.98116e-21)
(-0.0473184 0.0512507 0)
(-0.00723779 0.0140485 0)
(-0.00462064 0.00938136 -6.65338e-22)
(-0.0132903 0.0247606 3.58503e-21)
(-0.0213173 0.0333163 -3.14268e-21)
(-0.0340124 0.0446068 0)
(-0.0240262 0.0314438 -5.84191e-21)
(-0.0366037 0.0383871 3.48986e-23)
(-0.00993328 0.015141 0)
(-0.013598 0.0196342 -4.58864e-21)
(-0.00452794 0.00618555 0)
(-0.038599 0.0339827 1.22238e-23)
(-0.055387 0.0382742 1.87677e-23)
(-0.0544435 0.0292879 3.55207e-21)
(-0.085782 0.0248895 -4.32584e-21)
(-0.033761 -0.0455518 8.82488e-21)
(-0.0565083 -0.0630195 -1.85758e-20)
(-0.082852 -0.0627474 3.95713e-21)
(-0.081215 0.009063 -2.27987e-21)
(-0.0900941 -0.0352865 8.38639e-21)
(-0.109349 -0.0206202 -5.89235e-21)
(-0.00638553 -0.00778966 0)
(-0.0120623 -0.0156466 0)
(-0.0149205 -0.0168692 -3.65026e-21)
(-0.0297701 -0.0273763 -5.34011e-21)
(-0.00389669 0.0066986 5.62981e-22)
(-0.112841 0.00965652 1.26558e-21)
(-0.066913 0.000641291 0)
(-0.0838792 0.00250943 -1.10734e-21)
(-0.140209 0.0274747 1.50565e-21)
(-0.165834 0.0351258 -4.48449e-21)
(-0.180657 0.0515774 -7.7684e-23)
(-0.154539 0.0637987 4.05832e-21)
(-0.17275 0.0713371 -4.75961e-21)
(-0.160643 0.0764532 3.23766e-21)
(-0.0935823 0.0744569 -3.92228e-21)
(-0.12185 0.0735081 6.07574e-23)
(-0.119207 0.0778418 1.11015e-21)
(-0.0348874 0.0501511 4.02884e-21)
(-0.0532872 0.0608173 -4.17034e-23)
(-0.0742183 0.0676202 1.95532e-21)
(-0.0104485 0.0259129 1.75732e-21)
(-0.0256982 0.0423819 -2.13104e-21)
(-0.00590354 0.0168373 -1.57952e-21)
(-0.0152652 0.0182914 5.22245e-21)
(-0.0241611 0.0234138 0)
(-0.00462234 0.00565258 4.10476e-21)
(-0.00677214 0.00810873 -7.25505e-21)
(-0.00207285 0.00121687 0)
(-0.00218529 -0.000848595 0)
(-0.00430859 -0.00332672 -1.15624e-21)
(-0.0246108 0.0192603 5.23665e-21)
(-0.0380175 0.0213104 -1.42489e-23)
(-0.037886 0.0142226 -1.07763e-20)
(-0.0581872 0.00769969 1.08819e-20)
(-0.0358569 -0.0175095 3.81228e-21)
(-0.0500093 -0.0169008 -3.09319e-21)
(-0.044006 -0.00222217 -3.80821e-21)
(-0.00620413 -0.00421586 7.17697e-22)
(-0.0121656 -0.00792756 2.0364e-21)
(-0.0198369 -0.00718165 1.40945e-21)
(-0.00474771 0.0127514 -3.0344e-21)
(-0.0276293 0.0467743 0)
(-0.0583087 0.0603454 0)
(-0.0886481 0.0340725 3.94862e-21)
(-0.103451 0.0522481 -2.76614e-21)
(-0.0958591 0.0633267 0)
(-0.0212117 0.00247053 3.08492e-23)
(-0.0596327 0.0140348 0)
(-0.00945935 0.0292057 -1.03105e-22)
(-0.00103123 0.00051671 -6.08786e-22)
(-0.000396649 0.00106951 2.99429e-21)
(-0.00852805 0.00776906 7.48941e-21)
(-0.0135415 0.0111598 0)
(-0.00155099 0.000467939 -3.39466e-21)
(-0.00325614 0.00196845 -1.07781e-20)
(-0.000540838 -0.00118169 5.95e-21)
(-0.00160235 0.000195027 4.21934e-22)
(-0.00524347 -0.0019057 0)
(-0.0146927 0.006804 0)
(-0.0236621 0.00826258 0)
(-0.0259988 0.000772349 0)
(-0.00730178 -0.00155361 4.81464e-21)
(-0.0152754 -0.00341531 -4.11398e-21)
(-0.017337 0.000563975 0)
(-0.00124637 0.00937095 0)
(-0.000888005 0.0005863 2.72274e-21)
(0.000303951 0.00105468 -6.82958e-21)
(0.000260955 0.00112568 1.18878e-20)
(0.00012699 0.000901413 -7.18459e-21)
(0.000540015 0.000788781 -2.33883e-21)
(0.000306947 0.000434884 0)
(-0.00310113 0.00121134 3.51648e-21)
(-0.0064171 0.00246441 0)
(-4.49102e-05 -0.00168422 0)
(-0.000476583 -0.00110922 0)
(8.71025e-05 -0.0019984 -1.29412e-21)
(-0.00138155 0.00025225 2.23611e-21)
(-0.00349945 -1.86817e-05 0)
(-0.00298494 0.000354875 6.76766e-21)
(-0.004766 0.00150345 1.78962e-21)
(-0.00610436 0.00169022 -6.74964e-21)
(0.000484658 0.000739171 0)
(-7.87467e-05 0.000632026 5.27963e-21)
(0.000759389 0.000647192 8.56266e-21)
(0.000802122 0.000700782 -9.71226e-21)
(0.000463903 0.000230558 -1.74346e-22)
(0.000793091 0.000415635 7.23348e-21)
(0.000210734 -0.00116826 1.45253e-21)
(-0.000432912 -0.000382545 -1.08921e-21)
(0.00050622 -0.00162734 -8.36429e-21)
(0.000602642 -0.00180071 1.14292e-20)
(0.000694642 -0.00157016 0)
(0.000282617 0.000563346 -5.35858e-21)
(-0.000413353 0.000750393 -7.84351e-21)
(0.000580249 0.000194054 1.16289e-20)
(0.000605021 -0.000374755 0)
(0.000758121 -0.00104899 0)
(0.000424937 -0.000608666 4.45935e-21)
(0.00110178 0.000523971 3.35752e-21)
(0.0010549 0.000536795 -5.95479e-21)
(0.000945958 0.000299993 -1.30527e-22)
(0.00117949 0.000396372 1.69424e-24)
(0.00108409 -0.000892759 0)
(0.0012642 -0.000997899 1.95026e-21)
(0.00135353 -0.000545579 -1.68483e-21)
(0.00150417 0.000224967 -3.86167e-24)
(0.00154835 -0.000276397 7.99699e-22)
(0.0013762 -1.91327e-05 6.32185e-21)
(0.000660274 -0.000274454 -5.91105e-21)
(0.00114725 -0.000507288 0)
(0.00132673 0.000178962 -8.83139e-21)
(0.00154428 0.000166693 4.21041e-21)
(0.00148226 5.28867e-06 4.48298e-21)
(0.00133947 -0.000270469 0)
(0.00153195 -0.000251529 -4.91145e-21)
)
;

boundaryField
{
    movingWall
    {
        type            fixedValue;
        value           uniform (1 0 0);
    }
    fixedWalls
    {
        type            noSlip;
    }
    frontAndBack
    {
        type            empty;
    }
    defaultFaces
    {
        type            empty;
    }
}


// ************************************************************************* //
