/*--------------------------------*- C++ -*----------------------------------*\
  =========                 |
  \\      /  F ield         | OpenFOAM: The Open Source CFD Toolbox
   \\    /   O peration     | Website:  https://openfoam.org
    \\  /    A nd           | Version:  8
     \\/     M anipulation  |
\*---------------------------------------------------------------------------*/
FoamFile
{
    version     2.0;
    format      ascii;
    class       volVectorField;
    location    "0.058";
    object      U;
}
// * * * * * * * * * * * * * * * * * * * * * * * * * * * * * * * * * * * * * //

dimensions      [0 1 -1 0 0 0 0];

internalField   nonuniform List<vector> 
656
(
(0.743372 0.0565316 -9.65484e-25)
(0.927889 0.0140691 1.86666e-24)
(0.954788 -0.00127373 0)
(-0.0910749 0.118994 2.40003e-23)
(0.556742 0.0977245 1.12098e-23)
(0.841243 0.00093975 0)
(-0.0571798 0.0672279 -4.93903e-23)
(-0.0145962 0.018846 9.85108e-24)
(0.968227 -0.000150828 0)
(-0.000504576 0.138602 -2.3783e-24)
(-0.0030495 0.193133 -7.83503e-23)
(-0.117738 0.172053 0)
(0.376007 0.139834 1.00525e-23)
(0.71502 0.00930676 0)
(0.890988 0.00127439 -1.70663e-22)
(0.906562 0.000582863 4.77886e-23)
(0.00104047 0.0823439 9.70509e-24)
(0.00137429 0.0267219 0)
(0.97185 -7.63626e-05 -3.43348e-23)
(0.913652 0.000298179 -1.43715e-22)
(-0.0123884 0.0928747 7.71112e-23)
(-0.00523405 0.0628732 0)
(-0.0239222 0.125116 1.33364e-24)
(-0.00789601 0.242545 1.53983e-22)
(-0.136115 0.223438 -1.67658e-22)
(0.210344 0.18042 -2.26586e-23)
(0.577675 0.0245871 0)
(0.800698 0.00637645 2.66444e-22)
(0.829485 0.00303131 -8.91603e-23)
(-0.00144233 0.0356652 0)
(-0.000151559 0.011445 0)
(0.91697 0.000157992 5.13461e-23)
(0.97337 -4.70065e-05 -3.66598e-23)
(0.842941 0.00161613 1.95812e-22)
(0.849395 0.000809224 -5.18084e-23)
(0.853994 6.27944e-05 -1.0889e-22)
(-0.00677974 0.0608922 -1.05383e-22)
(-0.00280708 0.0409255 1.70713e-23)
(-0.0137926 0.0825117 -1.88329e-22)
(-0.0408482 0.158566 -1.57701e-22)
(-0.0167098 0.282821 1.66502e-22)
(-0.143742 0.269548 -4.77703e-24)
(0.0686499 0.217917 4.5515e-22)
(0.433183 0.0474129 0)
(0.696555 0.016231 0)
(0.739368 0.00802422 -3.69813e-22)
(-0.000821635 0.0230287 -5.40262e-24)
(-0.000128822 0.00732325 0)
(0.854904 -0.000883042 1.20148e-22)
(0.919432 2.82619e-05 -2.78108e-23)
(0.974002 -2.02681e-05 4.92916e-24)
(0.759743 0.00435218 0)
(0.76972 0.00218246 0)
(0.776786 0.00015027 -1.06667e-22)
(0.778329 -0.00237192 4.59718e-22)
(0.763575 -0.0060411 0)
(-0.0103747 0.0366062 2.00136e-22)
(-0.00502157 0.0257414 2.95152e-22)
(-0.00202826 0.0165184 -2.87521e-22)
(-0.0250268 0.104805 -1.85267e-22)
(-0.0193446 0.0489388 5.84799e-22)
(0.28681 0.0796701 -1.32799e-22)
(0.578464 0.0319841 1.75134e-22)
(0.635182 0.0165755 -5.20759e-22)
(-0.000553567 0.00884821 4.53716e-23)
(-6.71016e-05 0.00256204 6.09066e-23)
(0.844826 -0.00224153 -2.54668e-22)
(0.919978 -0.000146312 8.54521e-23)
(0.97468 1.28778e-05 5.47846e-24)
(0.726733 -0.0151951 -1.16767e-23)
(0.662655 0.00911289 0)
(0.676396 0.00465844 1.93316e-22)
(0.68631 0.000382778 2.04134e-22)
(0.68889 -0.004813 -8.82353e-22)
(0.669639 -0.012539 2.27286e-22)
(-0.00839916 0.0139362 8.88446e-22)
(-0.00405386 0.00913924 -6.8335e-24)
(-0.00182782 0.00550601 0)
(-0.000643659 0.00295363 1.05773e-22)
(0.447778 0.0558228 0)
(0.516927 0.0303595 6.66101e-22)
(-8.94604e-05 0.00127365 -1.00138e-22)
(5.53246e-05 0.000241479 -3.08637e-23)
(0.604764 -0.0240882 4.71823e-22)
(0.820237 -0.0059247 1.49697e-22)
(0.914466 -0.000374645 0)
(0.975024 4.20188e-05 -5.28369e-23)
(0.619923 -0.0302252 -2.8878e-22)
(0.468178 -0.0472332 7.26203e-22)
(0.251468 -0.190754 -8.79093e-22)
(0.550777 0.0170687 0)
(0.568073 0.00873751 4.66281e-23)
(0.581141 0.000985811 -1.45196e-22)
(0.585436 -0.0087153 5.11898e-22)
(0.562485 -0.0231736 -8.69639e-22)
(-0.0147926 0.00626452 3.73787e-22)
(-0.00924845 0.00306695 -3.98865e-22)
(-0.00537327 0.00139806 -1.9774e-22)
(-0.00279717 0.000480382 3.9136e-22)
(-0.00116623 4.38631e-05 4.71313e-23)
(-0.000203295 -6.20573e-05 -2.84984e-23)
(-0.136732 -0.250232 5.90065e-23)
(0.411937 -0.147965 -6.13844e-23)
(0.732765 -0.0090155 -7.9586e-22)
(0.901174 -0.00112419 0)
(0.973741 0.000109632 0)
(0.499655 -0.0539378 5.52158e-22)
(0.32547 -0.0810045 -2.77339e-22)
(0.106267 -0.230029 1.02583e-22)
(-0.141416 -0.298184 1.38428e-21)
(-0.0465822 0.0112546 0)
(-0.0340229 0.00583943 1.8687e-22)
(-0.0235932 0.00285794 -6.60002e-22)
(-0.0149892 0.00114536 1.84048e-22)
(-0.00792795 0.000287656 -4.38543e-23)
(-0.00212828 2.18167e-05 -2.72278e-23)
(-0.00754878 -0.288998 0)
(-0.120666 -0.194921 0)
(0.58291 -0.103402 4.88172e-22)
(0.85038 -0.000878514 -3.9959e-23)
(0.970602 0.000203305 -1.03043e-22)
(-0.0155669 -0.332877 -1.64648e-21)
(-0.0759988 0.0100083 0)
(-0.0568612 0.00552645 1.9316e-22)
(-0.04037 0.00276314 -1.41263e-24)
(-0.0262673 0.00117165 9.54943e-23)
(-0.0142714 0.000360373 -4.48761e-23)
(-0.00411652 7.18224e-05 0)
(-0.027626 -0.164223 -5.51167e-22)
(-0.00296491 -0.233206 0)
(-0.0949975 -0.136203 5.08314e-22)
(0.757888 -0.0597745 0)
(0.956553 0.00135215 7.64139e-23)
(-0.0466854 -0.205027 0)
(-0.0980727 0.00828564 0)
(-0.0741587 0.00460689 1.20086e-22)
(-0.0531704 0.00234284 -3.48176e-22)
(-0.0349389 0.00102775 1.12654e-22)
(-0.0192384 0.000345342 5.03513e-23)
(-0.00578397 8.89965e-05 -1.68752e-23)
(-0.0156552 -0.118964 2.82623e-22)
(-0.0145393 -0.123315 0)
(-0.000249107 -0.169203 -4.45516e-22)
(-0.0605237 -0.0776111 4.30416e-22)
(0.931395 -0.0147218 0)
(-0.0284334 -0.148511 0)
(-0.106982 0.00723631 1.53167e-22)
(-0.0809848 0.00408468 -1.47873e-22)
(-0.0581539 0.00207656 1.43084e-22)
(-0.0382845 0.000905455 -2.73909e-22)
(-0.0211517 0.000304517 3.76685e-22)
(-0.00650326 7.86144e-05 -5.02226e-23)
(-0.013353 -0.067802 2.43771e-22)
(-0.00771842 -0.0890525 -5.22021e-22)
(-0.00596436 -0.0840419 1.52073e-22)
(0.0018122 -0.100763 -4.61978e-22)
(-0.0141889 -0.0214025 1.30993e-23)
(-0.0241066 -0.0867771 0)
(-0.0154494 -0.0451654 -5.49857e-23)
(-0.107931 0.00780125 -1.88597e-22)
(-0.0816004 0.0049247 7.60183e-22)
(-0.0586774 0.00264237 -7.25825e-22)
(-0.0387648 0.00113913 0)
(-0.0215079 0.000351345 0)
(-0.00671057 7.27194e-05 -5.50945e-24)
(-0.00848783 -0.0350435 1.17256e-22)
(-0.00666578 -0.0497511 3.4429e-24)
(-0.00302988 -0.0605131 3.97957e-22)
(-0.00125829 -0.0475534 -1.49542e-22)
(0.00233739 -0.0310247 0)
(-0.00872753 -0.0196069 8.91169e-22)
(-0.0632528 0.00408658 8.2917e-22)
(-0.0414268 0.00256829 -8.57379e-22)
(-0.0227678 0.00090762 0)
(-0.00700603 0.000157823 -7.76701e-24)
(-0.00480062 -0.0146117 -2.36318e-22)
(-0.00418481 -0.0254574 -9.16772e-23)
(-0.00272943 -0.0332653 1.89008e-22)
(-0.000643093 -0.0342344 -1.29327e-22)
(0.000182338 -0.0143612 4.94291e-23)
(-0.00446693 -0.00526357 0)
(-0.00270093 0.00319506 -1.02401e-21)
(-0.0505018 0.00117741 0)
(-0.0176761 0.000393316 -2.71443e-23)
(-0.00151951 0.000794309 0)
(-0.00237745 -0.00358861 -2.40561e-22)
(-0.00234222 -0.0102218 -4.59285e-22)
(-0.00172004 -0.016845 -6.24888e-23)
(-0.000724188 -0.018612 1.27156e-22)
(7.64852e-05 -0.0106483 -4.96194e-23)
(-0.00107718 -0.000898186 2.08802e-21)
(-0.00130363 0.0015445 2.17894e-21)
(-0.00310368 0.00368618 7.02029e-23)
(-0.000132432 0.00197771 -4.81419e-22)
(-0.000747965 0.0010396 -9.80263e-25)
(-0.00111646 -0.00225244 1.24587e-22)
(-0.000957162 -0.00652917 3.71994e-22)
(-0.000483636 -0.00934158 7.62169e-24)
(-6.56767e-05 -0.00583452 -2.27914e-23)
(-0.000146374 -0.00256577 -1.88035e-24)
(-0.000451821 -0.00140751 -1.74686e-21)
(-0.000546484 0.000676899 -5.2689e-22)
(-0.00135952 0.0015746 0)
(-0.00319076 0.00912972 1.51706e-21)
(0.000387089 0.00150164 -2.58746e-22)
(-4.27348e-06 0.0017554 2.56503e-22)
(-0.000313983 0.00105188 1.28436e-22)
(-0.000439451 -0.00126726 0)
(-0.000271783 -0.00350201 -1.21923e-22)
(-6.47245e-05 -0.00293093 1.71272e-23)
(0.000229483 -0.00281247 8.27414e-22)
(1.33831e-05 -0.00241018 3.33742e-22)
(-0.000161539 -0.0014588 1.96686e-22)
(-0.000173466 0.000192246 5.35998e-23)
(-0.000334439 0.000543853 -6.14559e-23)
(-0.000459323 0.00211599 1.09228e-21)
(0.000308669 0.000532021 1.08135e-21)
(0.000247148 0.00126261 -4.04755e-22)
(2.95894e-05 0.00142544 -2.63975e-22)
(-0.000107008 0.000878833 -1.28486e-22)
(-0.000115643 -0.000585047 0)
(-3.96265e-05 -0.00106101 -1.12744e-23)
(0.000526071 -0.0020495 0)
(0.000184717 -0.00239509 -2.86295e-22)
(4.728e-05 -0.00200245 -9.86471e-22)
(-3.74802e-05 -0.0012119 3.21476e-22)
(-2.20891e-05 -2.88233e-05 -3.58188e-22)
(-1.2457e-05 1.14952e-05 9.65529e-24)
(0.000529361 0.000191005 -4.69792e-22)
(0.000170696 0.000397018 7.16196e-22)
(0.000138857 0.000975695 -6.92973e-22)
(2.75009e-05 0.00103106 1.32346e-22)
(-1.72478e-05 0.00058098 0)
(-1.09844e-05 -0.000142329 1.11477e-23)
(0.000387368 -0.000695742 0)
(0.000315674 -0.00168898 5.50355e-22)
(0.00011482 -0.00186824 7.16423e-22)
(3.7818e-05 -0.00146138 9.39649e-22)
(8.27045e-06 -0.000789613 -3.33785e-22)
(9.7784e-06 -5.51315e-05 -2.20462e-23)
(0.00119873 0.000275766 -5.60808e-22)
(0.0003766 0.000103878 0)
(8.33192e-05 0.00027209 5.14322e-22)
(6.45803e-05 0.000675322 0)
(1.67793e-05 0.000611687 0)
(6.21231e-06 0.000210552 0)
(0.00071565 -0.000233679 6.27174e-22)
(0.000209082 -0.000522388 -5.69261e-22)
(0.000168273 -0.00128235 -5.60017e-22)
(5.81617e-05 -0.00130373 -4.18068e-22)
(2.38273e-05 -0.000869556 -4.34745e-22)
(1.31743e-05 -0.000278791 1.31215e-23)
(0.00167649 0.000144939 0)
(0.000956059 0.000158322 1.40553e-22)
(0.000248644 5.12856e-05 0)
(3.21962e-05 0.000166591 1.98737e-27)
(2.18791e-05 0.000383374 0)
(8.65019e-06 0.000195793 -8.98025e-23)
(0.00182428 -2.63263e-05 0)
(0.00155655 -0.000256732 -5.66048e-22)
(0.000520067 -0.000131296 -1.57985e-22)
(9.90487e-05 -0.000358727 2.91845e-22)
(7.54111e-05 -0.000873886 -4.14957e-22)
(2.44866e-05 -0.000747379 -1.31461e-22)
(1.22729e-05 -0.000279824 9.15657e-23)
(0.00134603 8.1957e-05 -1.88762e-23)
(0.000711756 8.20389e-05 -2.10199e-22)
(0.000148645 1.99364e-05 0)
(6.29535e-06 8.26964e-05 -1.08209e-22)
(5.49919e-06 0.000112115 9.05917e-23)
(0.00146292 -1.78204e-05 2.09889e-24)
(0.00124133 -0.000151024 6.35695e-22)
(0.00035117 -6.57345e-05 -4.71991e-27)
(3.76387e-05 -0.000220352 1.34667e-25)
(2.4537e-05 -0.000488578 -2.65271e-22)
(9.47708e-06 -0.000226051 8.36319e-23)
(0.00101231 4.23537e-05 1.48568e-22)
(0.000480699 3.6193e-05 1.02541e-22)
(7.31261e-05 3.84301e-06 -1.26142e-22)
(-1.21084e-06 1.90754e-05 2.3005e-23)
(0.00110014 -1.0607e-05 2.09437e-24)
(0.00092694 -8.08375e-05 -1.40604e-22)
(0.000215054 -2.6024e-05 4.54159e-22)
(7.20375e-06 -0.000109991 -2.12766e-22)
(5.99507e-06 -0.000138549 3.39848e-26)
(0.000692458 1.88855e-05 0)
(0.00027003 1.19265e-05 1.13807e-22)
(1.73051e-05 -1.09466e-06 7.96662e-23)
(0.000753046 -5.73418e-06 0)
(0.000628663 -3.69074e-05 -2.05696e-22)
(0.000108548 -5.32401e-06 3.95902e-22)
(-1.45379e-06 -2.5499e-05 4.39584e-23)
(0.000396273 6.47736e-06 -9.70962e-25)
(8.22792e-05 2.81866e-06 -1.43008e-22)
(0.000431465 -2.77779e-06 9.69699e-25)
(0.000354955 -1.29053e-05 -1.14031e-22)
(2.66501e-05 1.17844e-06 1.12932e-22)
(0.000128321 1.6484e-06 4.33793e-23)
(0.000139995 -1.22832e-06 0)
(0.000109026 -3.57586e-06 -1.09965e-23)
(-0.142805 0.304016 2.22384e-21)
(-0.0269619 0.258915 5.09917e-22)
(-0.0419222 0.128298 0)
(-0.0753951 0.189538 2.78627e-21)
(-0.0629116 0.19421 -2.9444e-21)
(-0.0730222 0.268241 0)
(-0.0373496 0.311079 0)
(-0.098045 0.353175 -1.02569e-21)
(-0.0849309 0.314171 0)
(-0.0388408 0.266565 -1.8853e-21)
(0.152158 0.126698 4.23768e-21)
(-0.0955079 0.278833 0)
(-0.03381 0.063697 -3.65706e-22)
(-0.0560699 0.105249 0)
(-0.0162076 0.0192668 -3.81819e-21)
(-0.0385988 0.046984 3.90732e-21)
(-0.0831643 0.121712 -2.27033e-21)
(-0.114793 0.159408 0)
(-0.0954005 0.203479 0)
(-0.1191 0.240231 6.18369e-22)
(-0.108782 0.295509 0)
(-0.097499 0.289531 1.95869e-21)
(-0.0152814 0.19447 2.36967e-21)
(0.0946719 0.155494 -5.71829e-21)
(0.302797 0.091218 1.12338e-21)
(-0.149954 0.235254 -5.90031e-22)
(-0.140547 0.252454 0)
(-0.0215712 0.0120705 -3.15884e-21)
(-0.0491887 0.028652 8.65349e-22)
(-0.0607811 0.0521558 7.20368e-22)
(-0.0913799 0.0818698 2.30843e-21)
(-0.121534 0.0806664 -4.44514e-21)
(-0.167497 0.115454 -3.93337e-21)
(-0.15941 0.156931 -3.00651e-21)
(-0.184488 0.185473 5.63137e-21)
(-0.130943 0.208724 -1.64175e-21)
(-0.0600154 0.184064 -1.71405e-21)
(0.0432844 0.128456 0)
(0.387457 0.0504026 -5.74677e-21)
(0.190347 0.106422 0)
(0.423866 0.0297947 0)
(0.243651 0.0593012 4.83676e-21)
(-0.206806 0.172846 0)
(-0.178856 0.179835 0)
(-0.0108668 -0.277352 6.03717e-21)
(-0.146127 -0.330351 0)
(0.386463 -0.0834948 0)
(0.436507 0.0148142 -1.97024e-22)
(0.273507 0.0341434 0)
(0.269406 -0.0944155 0)
(0.456416 -0.0376332 1.18324e-21)
(0.458308 0.00178069 3.69639e-21)
(0.296448 0.00853243 0)
(0.319877 -0.0442368 0)
(0.473728 -0.0152631 0)
(0.324946 -0.014925 -3.75321e-21)
(-0.063957 0.0225501 1.14956e-21)
(-0.0974165 0.036019 -1.44537e-21)
(-0.120516 0.0485867 4.75483e-21)
(-0.173494 0.0547921 0)
(-0.202287 0.0850922 0)
(-0.231668 0.0954391 -3.1049e-21)
(-0.249578 0.12004 -2.36313e-21)
(-0.152338 0.139154 0)
(0.067429 0.0803824 3.34718e-21)
(-0.0353217 0.117994 0)
(0.151853 0.0435265 0)
(0.00472923 0.0681568 -3.61974e-21)
(-0.267013 0.106328 7.84748e-21)
(-0.228681 0.113245 -2.31891e-21)
(-0.0112545 -0.264207 -3.40719e-21)
(0.172298 -0.13771 7.6706e-21)
(0.14714 -0.156957 -6.00224e-21)
(-0.114852 -0.386968 1.70475e-21)
(-0.0771901 -0.328993 -3.71053e-21)
(-0.0361937 -0.360333 2.43752e-22)
(0.047643 -0.183709 -6.36438e-21)
(0.051027 -0.153887 2.08618e-21)
(0.149601 -0.110117 3.22724e-21)
(0.133859 0.0100258 0)
(0.0257692 0.0380739 0)
(0.0863625 -0.094302 -3.55667e-21)
(0.189332 -0.0572536 0)
(0.100928 -0.0462938 -3.31627e-21)
(0.200375 -0.0211095 3.0242e-21)
(0.0613787 -0.00980217 4.60946e-21)
(-0.0972954 0.0161562 1.65299e-21)
(-0.141095 0.0248546 0)
(-0.168193 0.0343149 0)
(-0.213549 0.0400851 3.28358e-21)
(-0.24508 0.058803 0)
(-0.274242 0.059842 8.26277e-21)
(-0.294445 0.0759114 -7.06151e-21)
(-0.108347 0.0541997 0)
(-0.132082 0.0689502 -5.67668e-21)
(-0.222736 0.0873263 1.15631e-20)
(-0.195185 0.0399822 0)
(-0.292478 0.0752033 -7.47375e-21)
(-0.306116 0.0690595 -3.98637e-21)
(-0.0857623 -0.314981 0)
(-0.0706236 -0.248505 7.72752e-21)
(-0.0719412 -0.243669 0)
(-0.0639625 -0.322972 -5.27587e-22)
(-0.0900043 -0.325945 4.14362e-22)
(-0.102253 -0.242337 -7.93632e-21)
(-0.0604528 -0.188449 -7.29085e-21)
(-0.0904805 -0.162582 9.69513e-21)
(-0.0373164 -0.116116 2.98981e-21)
(-0.103783 -0.0834335 -3.91728e-21)
(-0.050192 -0.0527793 0)
(-0.0773627 -0.0179067 -3.18627e-21)
(-0.172219 0.0108383 0)
(-0.123454 0.0131772 0)
(-0.167749 0.0197995 -1.28109e-21)
(-0.198056 0.0256331 -5.02007e-21)
(-0.23246 0.0319895 4.30515e-21)
(-0.261178 0.0426575 -1.53218e-21)
(-0.279622 0.0448098 -1.96671e-21)
(-0.307426 0.0567177 6.2277e-21)
(-0.27759 0.0467873 -6.9467e-21)
(-0.301019 0.0618491 8.46978e-21)
(-0.264038 0.0154658 0)
(-0.298714 0.0396675 -1.19027e-21)
(-0.321076 0.0617806 0)
(-0.31426 0.056478 0)
(-0.0467894 -0.174194 -1.23695e-20)
(-0.0894507 -0.248884 4.26684e-21)
(-0.109905 -0.258866 5.15503e-21)
(-0.121803 -0.28853 -7.10469e-22)
(-0.137799 -0.259199 6.55449e-22)
(-0.172297 -0.209913 -7.46638e-21)
(-0.175051 -0.170496 0)
(-0.195693 -0.112903 -9.32969e-21)
(-0.281186 0.0178278 -4.39178e-21)
(-0.23755 -0.0819313 6.78756e-21)
(-0.27398 -0.0184374 2.80134e-21)
(-0.135464 0.0115784 4.51784e-21)
(-0.294552 0.0529712 2.69746e-21)
(-0.173436 0.0179066 -3.22771e-21)
(-0.198878 0.0232596 -2.79452e-21)
(-0.226215 0.0312547 -6.05235e-21)
(-0.261414 0.0396915 1.35431e-21)
(-0.27079 0.0438856 -3.43199e-21)
(-0.294165 0.0459293 -2.69926e-21)
(-0.318126 0.0606661 6.72801e-22)
(-0.313135 0.0514512 1.23269e-21)
(-0.2747 0.059059 4.81701e-21)
(-0.291025 0.0567618 1.9966e-21)
(-0.301824 0.0644205 -1.27926e-21)
(-0.293985 0.0610543 -1.91863e-21)
(-0.242265 0.0644907 -6.67713e-21)
(-0.0389435 -0.104991 0)
(-0.0624956 -0.165865 8.27751e-21)
(-0.182933 0.0660317 0)
(-0.221305 0.0554767 4.37742e-21)
(-0.120665 0.0614553 8.47712e-21)
(-0.146448 0.0580893 -5.59765e-21)
(-0.0860353 -0.181306 0)
(-0.125161 -0.221166 -4.90041e-21)
(-0.162296 -0.198519 1.50021e-20)
(-0.219292 0.0285541 -5.83719e-21)
(-0.245407 0.00870271 4.62042e-21)
(-0.17955 -0.157187 -1.06992e-20)
(-0.230455 -0.0768953 1.13789e-22)
(-0.222303 -0.0474986 -9.4259e-21)
(-0.135695 0.0117588 0)
(-0.266118 0.0527289 0)
(-0.245063 0.0395476 2.59684e-22)
(-0.250637 0.0462855 -3.54434e-22)
(-0.169143 0.020079 -5.02285e-21)
(-0.1972 0.026305 5.3418e-21)
(-0.215606 0.0314054 4.63434e-21)
(-0.284695 0.070065 1.83087e-21)
(-0.276728 0.0696435 -4.16915e-22)
(-0.24724 0.0773237 3.63323e-21)
(-0.228085 0.0763742 1.32583e-21)
(-0.259093 0.0572106 -5.47594e-21)
(-0.26469 0.0718039 1.99953e-23)
(-0.271459 0.0637806 4.67565e-21)
(-0.201273 0.082008 2.29947e-21)
(-0.17637 0.080325 -7.50231e-21)
(-0.119749 0.0731026 2.88285e-21)
(-0.144944 0.0805224 2.3815e-21)
(-0.095619 0.0708275 -3.36794e-21)
(-0.0575033 0.0523747 0)
(-0.0758624 0.0589027 2.79824e-21)
(-0.0917762 0.0546786 -2.40029e-22)
(-0.0833352 0.0469743 0)
(-0.0249124 -0.0546588 -4.19636e-21)
(-0.0490481 -0.0949165 4.10565e-21)
(-0.0594712 -0.102481 2.88714e-21)
(-0.0950853 -0.138163 0)
(-0.107593 0.0317063 1.02039e-20)
(-0.141012 0.0341749 0)
(-0.168765 0.0188511 5.66234e-21)
(-0.121251 -0.116379 1.30634e-22)
(-0.152522 -0.0268023 1.53358e-21)
(-0.15138 -0.124215 -4.21943e-21)
(-0.179883 -0.0560891 8.4658e-21)
(-0.0139348 -0.0251358 -4.96211e-22)
(-0.0255441 -0.0430306 0)
(-0.12595 0.0107691 0)
(-0.0850239 0.00383383 -5.14599e-22)
(-0.102814 0.00502003 5.18745e-22)
(-0.22369 0.0441239 -3.00836e-21)
(-0.234355 0.0541958 2.64542e-21)
(-0.150006 0.0165849 0)
(-0.184818 0.0256041 -2.45635e-21)
(-0.201039 0.035114 2.95891e-21)
(-0.19907 0.0863279 1.24117e-21)
(-0.239138 0.0766444 -2.01775e-21)
(-0.232619 0.0816368 -2.56047e-21)
(-0.218603 0.0601503 -3.40916e-21)
(-0.218938 0.07156 6.76026e-22)
(-0.176217 0.0842029 0)
(-0.147973 0.0842886 0)
(-0.134476 0.0827133 0)
(-0.106987 0.0792879 -2.9755e-21)
(-0.0874071 0.0726984 -1.67574e-21)
(-0.067374 0.0660785 3.98943e-21)
(-0.0504728 0.0541731 0)
(-0.00779795 0.014509 0)
(-0.00499364 0.00959761 -6.67834e-22)
(-0.0142479 0.0259474 3.59725e-21)
(-0.0228346 0.0350054 -3.15341e-21)
(-0.036306 0.0470851 0)
(-0.0258356 0.0328625 -5.85656e-21)
(-0.0393268 0.0402588 3.75099e-23)
(-0.0107365 0.0154126 0)
(-0.0146765 0.0201495 -4.59964e-21)
(-0.00492372 0.00586336 0)
(-0.0416159 0.0354247 1.35307e-23)
(-0.0596732 0.0400687 2.05498e-23)
(-0.0588487 0.0303953 3.55582e-21)
(-0.0923716 0.025917 -4.32541e-21)
(-0.0363384 -0.047883 8.81297e-21)
(-0.0603989 -0.0668968 -1.85483e-20)
(-0.0881272 -0.0671286 3.95114e-21)
(-0.0876661 0.00900462 -2.28001e-21)
(-0.0965009 -0.0379144 8.37688e-21)
(-0.117062 -0.022582 -5.88533e-21)
(-0.00688819 -0.00708301 0)
(-0.0130605 -0.0154438 0)
(-0.0161707 -0.0167464 -3.64657e-21)
(-0.0322759 -0.0282916 -5.33376e-21)
(-0.00420913 0.00679567 5.65117e-22)
(-0.117741 0.0103996 1.25375e-21)
(-0.0697439 0.000820253 0)
(-0.0874542 0.00281776 -1.09693e-21)
(-0.146614 0.0292664 1.49067e-21)
(-0.173454 0.0374942 -4.45821e-21)
(-0.189215 0.0549896 -8.10189e-23)
(-0.162206 0.0677812 4.04905e-21)
(-0.181443 0.0760413 -4.75272e-21)
(-0.168943 0.0814164 3.23337e-21)
(-0.0989911 0.0790547 -3.9306e-21)
(-0.128384 0.0780738 6.0747e-23)
(-0.125817 0.082747 1.11156e-21)
(-0.0370952 0.0530796 4.04578e-21)
(-0.0565683 0.0644565 -4.41688e-23)
(-0.0785512 0.0717308 1.95869e-21)
(-0.0111478 0.0273238 1.76747e-21)
(-0.027329 0.0448377 -2.14098e-21)
(-0.00630418 0.0177353 -1.58864e-21)
(-0.0165435 0.0185137 5.23498e-21)
(-0.0261678 0.0239574 0)
(-0.00502972 0.00498003 4.11245e-21)
(-0.00738313 0.0074992 -7.26805e-21)
(-0.00222204 0.000337346 0)
(-0.00221918 0.00032142 0)
(-0.00449586 -0.00216204 -1.1554e-21)
(-0.0267377 0.0194007 5.24215e-21)
(-0.0412744 0.0217336 -1.57972e-23)
(-0.0412006 0.0142306 -1.07818e-20)
(-0.0631592 0.00756758 1.08838e-20)
(-0.0388992 -0.01791 3.80773e-21)
(-0.0542498 -0.0177772 -3.09013e-21)
(-0.047858 -0.00260848 -3.80805e-21)
(-0.00653402 -0.00307135 7.17178e-22)
(-0.0130725 -0.00712377 2.03321e-21)
(-0.0214059 -0.0066128 1.4088e-21)
(-0.00506619 0.0134329 -3.05289e-21)
(-0.0292409 0.0495109 0)
(-0.0615938 0.0638986 0)
(-0.0930917 0.035996 3.94705e-21)
(-0.108761 0.0553251 -2.76842e-21)
(-0.100996 0.0671383 0)
(-0.0222482 0.00259791 3.06253e-23)
(-0.062591 0.0148011 0)
(-0.010016 0.0309252 -1.03645e-22)
(-0.000828264 0.00174781 -6.08663e-22)
(-0.000217486 0.00203554 2.99374e-21)
(-0.00927505 0.00686838 7.4995e-21)
(-0.0146807 0.0105613 0)
(-0.00153767 -0.000783636 -3.3986e-21)
(-0.00343636 0.000634335 -1.07875e-20)
(-0.000487449 -0.00229104 5.95586e-21)
(-0.00139531 0.00145985 4.21848e-22)
(-0.00536895 -0.000685759 0)
(-0.0158663 0.00597477 0)
(-0.0257249 0.0078384 0)
(-0.0282173 0.000495809 0)
(-0.00743805 -0.000592138 4.8129e-21)
(-0.0162608 -0.00291779 -4.11249e-21)
(-0.0185366 0.000576095 0)
(-0.00131972 0.00992775 0)
(-0.000412484 0.00165214 2.72248e-21)
(0.000576567 0.00165849 -6.82887e-21)
(0.000647362 0.00194202 1.18868e-20)
(0.000630177 0.00176905 -7.1839e-21)
(0.000869845 0.00121933 -2.33875e-21)
(0.000466202 0.00063211 0)
(-0.00313326 -7.8112e-05 3.51865e-21)
(-0.00667749 0.00130048 0)
(0.000156411 -0.00291959 0)
(-0.000222726 -0.00242403 0)
(0.000224947 -0.00300892 -1.29473e-21)
(-0.000780255 0.00108849 2.2358e-21)
(-0.00308378 0.000826044 0)
(-0.00238567 0.000434208 6.76841e-21)
(-0.00462225 0.000690254 1.79021e-21)
(-0.00597277 0.00148232 -6.75068e-21)
(0.00115218 0.00145279 0)
(0.000765273 0.00129241 5.27908e-21)
(0.00123386 0.00106355 8.56206e-21)
(0.00148044 0.00124181 -9.71153e-21)
(0.000670039 0.000343543 -1.74314e-22)
(0.00121241 0.000651687 7.23272e-21)
(0.000778126 -0.00230406 1.45296e-21)
(0.000200998 -0.00131317 -1.08954e-21)
(0.000747242 -0.00228569 -8.36607e-21)
(0.000950141 -0.00267266 1.14316e-20)
(0.00119317 -0.0025273 0)
(0.00132366 0.000947699 -5.35794e-21)
(0.000525941 0.000830782 -7.84275e-21)
(0.00170809 -2.59078e-06 1.16279e-20)
(0.00157765 -0.00101182 0)
(0.00106792 -0.00147117 0)
(0.000581125 -0.000816226 4.46019e-21)
(0.00195826 0.000836671 3.3573e-21)
(0.00208385 0.000790687 -5.95489e-21)
(0.00143613 0.000455431 -1.30425e-22)
(0.00189816 0.000593999 1.78649e-24)
(0.00157264 -0.0013363 0)
(0.00194028 -0.00162265 1.95047e-21)
(0.00219115 -0.00109582 -1.68501e-21)
(0.00254179 0.000270817 -4.15662e-24)
(0.00244712 -0.000546702 7.99849e-22)
(0.00246108 -0.000118456 6.32232e-21)
(0.000878684 -0.000389533 -5.91217e-21)
(0.00159764 -0.000756906 0)
(0.00200796 0.000249737 -8.83103e-21)
(0.00243585 0.00019863 4.21034e-21)
(0.00219356 -3.60694e-05 4.48363e-21)
(0.00188803 -0.000434749 0)
(0.00230122 -0.000455118 -4.91221e-21)
)
;

boundaryField
{
    movingWall
    {
        type            fixedValue;
        value           uniform (1 0 0);
    }
    fixedWalls
    {
        type            noSlip;
    }
    frontAndBack
    {
        type            empty;
    }
    defaultFaces
    {
        type            empty;
    }
}


// ************************************************************************* //
