/*--------------------------------*- C++ -*----------------------------------*\
  =========                 |
  \\      /  F ield         | OpenFOAM: The Open Source CFD Toolbox
   \\    /   O peration     | Website:  https://openfoam.org
    \\  /    A nd           | Version:  8
     \\/     M anipulation  |
\*---------------------------------------------------------------------------*/
FoamFile
{
    version     2.0;
    format      ascii;
    class       volVectorField;
    location    "0.04";
    object      U;
}
// * * * * * * * * * * * * * * * * * * * * * * * * * * * * * * * * * * * * * //

dimensions      [0 1 -1 0 0 0 0];

internalField   nonuniform List<vector> 
656
(
(0.743375 0.0565318 -9.65432e-25)
(0.92789 0.0140693 1.86662e-24)
(0.954788 -0.00127356 0)
(-0.0910747 0.118997 2.39989e-23)
(0.556746 0.0977245 1.12095e-23)
(0.841239 0.000939436 0)
(-0.0571796 0.0672301 -4.93941e-23)
(-0.0145961 0.0188468 9.8507e-24)
(0.96822 -0.000150849 0)
(-0.000504872 0.138602 -2.37857e-24)
(-0.00305043 0.19313 -7.83615e-23)
(-0.117738 0.172057 0)
(0.37601 0.139833 1.00524e-23)
(0.715011 0.00930448 0)
(0.890963 0.00127306 -1.70634e-22)
(0.906498 0.000580406 4.77812e-23)
(0.00104046 0.0823444 9.71019e-24)
(0.00137436 0.0267222 0)
(0.971831 -7.67052e-05 -3.43289e-23)
(0.91354 0.000294926 -1.43698e-22)
(-0.0123887 0.0928641 7.71222e-23)
(-0.00523416 0.0628676 0)
(-0.0239228 0.125098 1.33388e-24)
(-0.00789817 0.242537 1.54008e-22)
(-0.136115 0.223439 -1.67683e-22)
(0.210346 0.180417 -2.26582e-23)
(0.577657 0.0245806 0)
(0.800649 0.00637081 2.66399e-22)
(0.829369 0.00302261 -8.91456e-23)
(-0.00144233 0.0356627 0)
(-0.000151538 0.0114444 0)
(0.916806 0.000155138 5.13469e-23)
(0.973335 -4.75925e-05 -3.6656e-23)
(0.84274 0.00160536 1.95789e-22)
(0.849103 0.000799811 -5.18092e-23)
(0.853648 5.86912e-05 -1.08911e-22)
(-0.00677873 0.0608845 -1.05406e-22)
(-0.0028067 0.0409218 1.70745e-23)
(-0.0137904 0.0824974 -1.8837e-22)
(-0.0408495 0.158535 -1.57724e-22)
(-0.0167144 0.282805 1.66526e-22)
(-0.143742 0.269545 -4.78151e-24)
(0.0686477 0.217908 4.55132e-22)
(0.433153 0.0473979 0)
(0.696478 0.0162166 0)
(0.73919 0.00800292 -3.69764e-22)
(-0.000821566 0.0230273 -5.40364e-24)
(-0.000128837 0.00732302 0)
(0.854558 -0.000880368 1.20191e-22)
(0.919239 2.7149e-05 -2.78179e-23)
(0.973951 -2.07981e-05 4.92958e-24)
(0.759439 0.00432648 0)
(0.769282 0.00215998 0)
(0.776267 0.000139935 -1.06689e-22)
(0.777807 -0.00236657 4.59864e-22)
(0.76313 -0.00602036 0)
(-0.0103731 0.0366046 2.0019e-22)
(-0.00502096 0.0257429 2.95222e-22)
(-0.00202815 0.0165208 -2.87595e-22)
(-0.0250226 0.104779 -1.85308e-22)
(-0.0193404 0.0489304 5.84932e-22)
(0.286763 0.0796387 -1.328e-22)
(0.578353 0.0319534 1.75112e-22)
(0.634934 0.0165316 -5.2071e-22)
(-0.000553659 0.00885015 4.53854e-23)
(-6.71923e-05 0.00256282 6.09225e-23)
(0.844534 -0.00223254 -2.54763e-22)
(0.919786 -0.000145243 8.54782e-23)
(0.974619 1.27395e-05 5.48069e-24)
(0.726442 -0.0151698 -1.16549e-23)
(0.662238 0.0090608 0)
(0.675797 0.00461298 1.93332e-22)
(0.6856 0.000360994 2.04174e-22)
(0.688173 -0.00480385 -8.82633e-22)
(0.669022 -0.0124986 2.27369e-22)
(-0.00839826 0.0139394 8.88699e-22)
(-0.00405375 0.009144 -6.81798e-24)
(-0.00182786 0.00551066 0)
(-0.000643761 0.00295727 1.05803e-22)
(0.447627 0.0557645 0)
(0.516603 0.0302794 6.66031e-22)
(-8.9542e-05 0.00127587 -1.00166e-22)
(5.52847e-05 0.000242139 -3.08722e-23)
(0.604592 -0.0240681 4.71942e-22)
(0.82005 -0.00591454 1.49729e-22)
(0.914305 -0.000371838 0)
(0.974963 4.2334e-05 -5.28535e-23)
(0.619509 -0.0301732 -2.88875e-22)
(0.467926 -0.0471907 7.26331e-22)
(0.251386 -0.190726 -8.79247e-22)
(0.550244 0.0169727 0)
(0.567306 0.0086535 4.66407e-23)
(0.580232 0.000945107 -1.4523e-22)
(0.584514 -0.00870078 5.12055e-22)
(0.561681 -0.0231017 -8.69956e-22)
(-0.014797 0.00626313 3.73911e-22)
(-0.00925479 0.00306717 -3.9899e-22)
(-0.00537946 0.00139848 -1.97795e-22)
(-0.00280204 0.000480695 3.91487e-22)
(-0.0011692 4.40575e-05 4.71463e-23)
(-0.000204157 -6.19671e-05 -2.85074e-23)
(-0.136757 -0.250161 5.90081e-23)
(0.411886 -0.147952 -6.13934e-23)
(0.732657 -0.00900799 -7.96033e-22)
(0.901074 -0.00112162 0)
(0.973692 0.000110149 0)
(0.499104 -0.0538418 5.52299e-22)
(0.325127 -0.0809202 -2.77435e-22)
(0.106145 -0.229971 1.026e-22)
(-0.141469 -0.298071 1.38436e-21)
(-0.046568 0.0112417 0)
(-0.0340183 0.00583425 1.86948e-22)
(-0.0235937 0.00285607 -6.60278e-22)
(-0.0149916 0.00114499 1.84124e-22)
(-0.00793024 0.000287892 -4.38724e-23)
(-0.00212921 2.20449e-05 -2.72389e-23)
(-0.00758658 -0.288746 0)
(-0.120678 -0.194879 0)
(0.582881 -0.103398 4.88253e-22)
(0.850324 -0.000877036 -3.99672e-23)
(0.970574 0.000203421 -1.03073e-22)
(-0.0156432 -0.332539 -1.64658e-21)
(-0.0759205 0.00998085 0)
(-0.0568099 0.00551294 1.93262e-22)
(-0.0403384 0.00275723 -1.42357e-24)
(-0.0262495 0.00116964 9.55519e-23)
(-0.0142631 0.00036008 -4.49034e-23)
(-0.00411456 7.19564e-05 0)
(-0.0276545 -0.163814 -5.51214e-22)
(-0.00298163 -0.233028 0)
(-0.0950015 -0.136182 5.08323e-22)
(0.757875 -0.0597743 0)
(0.956538 0.00135199 7.6439e-23)
(-0.0467371 -0.204488 0)
(-0.0979006 0.00824545 0)
(-0.0740374 0.0045861 1.20166e-22)
(-0.0530892 0.00233318 -3.48407e-22)
(-0.034889 0.00102402 1.12733e-22)
(-0.0192126 0.00034451 5.0382e-23)
(-0.00577678 8.90426e-05 -1.68874e-23)
(-0.0156508 -0.118484 2.82631e-22)
(-0.0145542 -0.123022 0)
(-0.000256304 -0.169089 -4.45524e-22)
(-0.0605239 -0.0776021 4.30425e-22)
(0.931392 -0.0147224 0)
(-0.028422 -0.147884 0)
(-0.106718 0.00718507 1.53272e-22)
(-0.0807935 0.0040579 -1.47971e-22)
(-0.0580223 0.00206385 1.43182e-22)
(-0.0382014 0.000900473 -2.74113e-22)
(-0.0211076 0.000303277 3.76967e-22)
(-0.00649033 7.85393e-05 -5.02609e-23)
(-0.0133129 -0.0673812 2.43808e-22)
(-0.00771748 -0.0887061 -5.22093e-22)
(-0.00597083 -0.0838511 1.52078e-22)
(0.00180936 -0.100703 -4.61987e-22)
(-0.0141883 -0.021401 1.30995e-23)
(-0.0240304 -0.0862264 0)
(-0.0153482 -0.0448349 -5.49969e-23)
(-0.107586 0.00773726 -1.88726e-22)
(-0.0813474 0.00488889 7.60749e-22)
(-0.0584998 0.0026248 -7.26365e-22)
(-0.0386501 0.00113217 0)
(-0.0214457 0.000349544 0)
(-0.00669172 7.25308e-05 -5.51376e-24)
(-0.00843315 -0.034794 1.17281e-22)
(-0.00664665 -0.0494477 3.43139e-24)
(-0.00302998 -0.0602846 3.98011e-22)
(-0.00126016 -0.0474495 -1.49547e-22)
(0.00233706 -0.0310084 0)
(-0.00864336 -0.0194926 8.91315e-22)
(-0.0630197 0.00404814 8.29775e-22)
(-0.04128 0.00254867 -8.58023e-22)
(-0.0226898 0.00090172 0)
(-0.00698321 0.000157088 -7.7735e-24)
(-0.00475491 -0.0145328 -2.36354e-22)
(-0.00415801 -0.0252801 -9.16979e-23)
(-0.00272186 -0.0330652 1.89055e-22)
(-0.000643434 -0.0341083 -1.29349e-22)
(0.000181999 -0.0143311 4.94323e-23)
(-0.00441447 -0.00531321 0)
(-0.00266701 0.00320522 -1.02359e-21)
(-0.0502676 0.00115892 0)
(-0.0175976 0.000389593 -2.71712e-23)
(-0.00150459 0.000670302 0)
(-0.00234977 -0.00363649 -2.40579e-22)
(-0.00231986 -0.0101705 -4.59376e-22)
(-0.00170903 -0.0167296 -6.25034e-23)
(-0.000722292 -0.0185012 1.27178e-22)
(7.62049e-05 -0.0106101 -4.96226e-23)
(-0.00106023 -0.00082074 2.08739e-21)
(-0.00128689 0.00156091 2.17804e-21)
(-0.00307309 0.00366272 7.01707e-23)
(-0.000143159 0.00186543 -4.81402e-22)
(-0.000740934 0.000935615 -9.60406e-25)
(-0.0011036 -0.00229335 1.24597e-22)
(-0.000947997 -0.00649858 3.72073e-22)
(-0.000480516 -0.00927843 7.62382e-24)
(-6.55701e-05 -0.00580012 -2.27973e-23)
(-0.000145336 -0.00245481 -1.85177e-24)
(-0.000444029 -0.00134043 -1.74631e-21)
(-0.00053916 0.000692969 -5.26671e-22)
(-0.00134606 0.00156628 0)
(-0.00316615 0.00904607 1.51583e-21)
(0.000366668 0.0014314 -2.58732e-22)
(-1.17743e-05 0.00166448 2.56501e-22)
(-0.000311263 0.00097121 1.28423e-22)
(-0.000434574 -0.00129798 0)
(-0.000269184 -0.00348669 -1.2195e-22)
(-6.42857e-05 -0.00291137 1.71315e-23)
(0.000220871 -0.00270197 8.27297e-22)
(1.27023e-05 -0.00231951 3.33683e-22)
(-0.000158412 -0.00140557 1.96634e-22)
(-0.000170919 0.000205268 5.35755e-23)
(-0.000330973 0.000542066 -6.14206e-23)
(-0.000455531 0.00209299 1.09137e-21)
(0.000295268 0.000509265 1.08129e-21)
(0.000235601 0.00120798 -4.04727e-22)
(2.47226e-05 0.00135704 -2.63972e-22)
(-0.000106058 0.000822474 -1.28485e-22)
(-0.000114444 -0.000603933 0)
(-3.92554e-05 -0.00105672 -1.12766e-23)
(0.00050718 -0.0019707 0)
(0.000178916 -0.00230765 -2.86245e-22)
(4.62256e-05 -0.00193369 -9.86269e-22)
(-3.65527e-05 -0.00117407 3.21378e-22)
(-2.16258e-05 -2.03463e-05 -3.58029e-22)
(-1.22385e-05 1.22308e-05 9.65042e-24)
(0.000507407 0.000182501 -4.69759e-22)
(0.000163955 0.00038146 7.16145e-22)
(0.000132921 0.000936103 -6.92925e-22)
(2.48706e-05 0.000984584 1.32345e-22)
(-1.71611e-05 0.0005483 0)
(-1.09e-05 -0.000148849 1.11499e-23)
(0.000373999 -0.000671179 0)
(0.000305011 -0.00162751 5.50302e-22)
(0.000111563 -0.0018036 7.16321e-22)
(3.70954e-05 -0.00141429 9.39465e-22)
(8.29481e-06 -0.000767391 -3.3368e-22)
(9.71021e-06 -5.20801e-05 -2.20367e-23)
(0.00114316 0.00026296 -5.60784e-22)
(0.000362266 9.94571e-05 0)
(8.02014e-05 0.000262274 5.14285e-22)
(6.20616e-05 0.000649323 0)
(1.59264e-05 0.000585527 0)
(6.04869e-06 0.00020002 0)
(0.000690774 -0.000224083 6.27102e-22)
(0.000202282 -0.000505532 -5.692e-22)
(0.000162826 -0.0012376 -5.59964e-22)
(5.66377e-05 -0.00126041 -4.18008e-22)
(2.34404e-05 -0.000842834 -4.34662e-22)
(1.30212e-05 -0.000271598 1.31163e-23)
(0.00159742 0.000138935 0)
(0.000913765 0.000151229 1.40546e-22)
(0.000239973 4.91683e-05 0)
(3.10639e-05 0.000161059 1.99062e-27)
(2.11525e-05 0.000369279 0)
(8.46261e-06 0.000187852 -8.97963e-23)
(0.00174139 -2.3109e-05 0)
(0.00149339 -0.000244012 -5.65983e-22)
(0.000503248 -0.000126242 -1.57957e-22)
(9.5906e-05 -0.000348071 2.91822e-22)
(7.31004e-05 -0.000844402 -4.14919e-22)
(2.39324e-05 -0.000723344 -1.31444e-22)
(1.20765e-05 -0.000271593 9.15484e-23)
(0.00128491 7.8627e-05 -1.8875e-23)
(0.00068147 7.8458e-05 -2.10189e-22)
(0.000143927 1.91669e-05 0)
(6.12812e-06 8.01866e-05 -1.08201e-22)
(5.39176e-06 0.000108198 9.05854e-23)
(0.0013988 -1.59389e-05 2.09873e-24)
(0.00119299 -0.000143967 6.3562e-22)
(0.0003406 -6.33001e-05 -4.75983e-27)
(3.6504e-05 -0.000214327 1.33388e-25)
(2.38548e-05 -0.000472549 -2.6525e-22)
(9.30456e-06 -0.000219016 8.36215e-23)
(0.000967784 4.0657e-05 1.4856e-22)
(0.000460915 3.46838e-05 1.02537e-22)
(7.10421e-05 3.73438e-06 -1.26137e-22)
(-1.12429e-06 1.85685e-05 2.30033e-23)
(0.00105338 -9.60465e-06 2.09421e-24)
(0.0008921 -7.72148e-05 -1.40589e-22)
(0.000209052 -2.51199e-05 4.54103e-22)
(7.04542e-06 -0.000107243 -2.12742e-22)
(5.87136e-06 -0.000134137 3.38407e-26)
(0.000662824 1.815e-05 0)
(0.000259242 1.14754e-05 1.13802e-22)
(1.68866e-05 -1.01868e-06 7.96633e-23)
(0.000721873 -5.27588e-06 0)
(0.000605764 -3.53518e-05 -2.0567e-22)
(0.00010576 -5.1825e-06 3.95859e-22)
(-1.3613e-06 -2.49424e-05 4.39571e-23)
(0.000379722 6.23993e-06 -9.70889e-25)
(7.90952e-05 2.7422e-06 -1.43003e-22)
(0.000414024 -2.62091e-06 9.69626e-25)
(0.000342386 -1.24202e-05 -1.14017e-22)
(2.6041e-05 1.10314e-06 1.12919e-22)
(0.000123096 1.59836e-06 4.33773e-23)
(0.000134476 -1.19123e-06 0)
(0.000105283 -3.48117e-06 -1.09952e-23)
(-0.14281 0.304004 2.224e-21)
(-0.02697 0.258898 5.09835e-22)
(-0.0419133 0.128253 0)
(-0.0753866 0.189453 2.78675e-21)
(-0.0629145 0.194159 -2.9449e-21)
(-0.0730409 0.268165 0)
(-0.0373622 0.311045 0)
(-0.0980629 0.353141 -1.0258e-21)
(-0.0849728 0.314109 0)
(-0.0388748 0.266521 -1.88526e-21)
(0.152091 0.126643 4.23741e-21)
(-0.0955333 0.27872 0)
(-0.0337979 0.0636745 -3.65799e-22)
(-0.0560497 0.10519 0)
(-0.0162031 0.019266 -3.81928e-21)
(-0.0385813 0.0469652 3.90843e-21)
(-0.0831249 0.121612 -2.27094e-21)
(-0.114749 0.159256 0)
(-0.0953876 0.203356 0)
(-0.119101 0.240069 6.18455e-22)
(-0.108845 0.295377 0)
(-0.0975727 0.289426 1.95872e-21)
(-0.0154261 0.194338 2.36972e-21)
(0.0945473 0.1554 -5.71789e-21)
(0.302602 0.0911211 1.12328e-21)
(-0.149966 0.235029 -5.90113e-22)
(-0.140625 0.252236 0)
(-0.0215707 0.0120648 -3.15992e-21)
(-0.0491719 0.0286324 8.65611e-22)
(-0.0607462 0.0521202 7.20605e-22)
(-0.0913167 0.0817899 2.30904e-21)
(-0.121433 0.0805559 -4.44669e-21)
(-0.167355 0.115247 -3.93444e-21)
(-0.159328 0.1567 -3.00724e-21)
(-0.184441 0.185183 5.63282e-21)
(-0.131087 0.208453 -1.64183e-21)
(-0.0602207 0.183842 -1.71401e-21)
(0.0429418 0.128226 0)
(0.38706 0.0502811 -5.74638e-21)
(0.190042 0.106266 0)
(0.423225 0.0296381 0)
(0.243097 0.0591064 4.83635e-21)
(-0.206763 0.172454 0)
(-0.178966 0.179443 0)
(-0.011024 -0.27724 6.03817e-21)
(-0.146226 -0.330193 0)
(0.38579 -0.0833454 0)
(0.435569 0.0146684 -1.97046e-22)
(0.27259 0.0338902 0)
(0.268446 -0.0941835 0)
(0.455447 -0.037523 1.18366e-21)
(0.457205 0.00171619 3.69734e-21)
(0.295223 0.00839456 0)
(0.318643 -0.0441169 0)
(0.472616 -0.0152406 0)
(0.323616 -0.0149354 -3.75418e-21)
(-0.063925 0.0225194 1.14999e-21)
(-0.0973349 0.0359602 -1.44606e-21)
(-0.120402 0.0484991 4.75649e-21)
(-0.173271 0.0546251 0)
(-0.20205 0.0848363 0)
(-0.23136 0.0950854 -3.10599e-21)
(-0.24934 0.119585 -2.36365e-21)
(-0.152591 0.138669 0)
(0.0668466 0.0800558 3.34747e-21)
(-0.0357654 0.117594 0)
(0.150893 0.0432138 0)
(0.00401926 0.0677379 -3.62007e-21)
(-0.266778 0.105748 7.84978e-21)
(-0.228757 0.112628 -2.31949e-21)
(-0.0116178 -0.263964 -3.40769e-21)
(0.171846 -0.137544 7.67183e-21)
(0.146531 -0.15674 -6.00373e-21)
(-0.115049 -0.386647 1.70498e-21)
(-0.0775691 -0.328624 -3.71117e-21)
(-0.0363472 -0.359903 2.43778e-22)
(0.0469625 -0.183317 -6.36508e-21)
(0.0501404 -0.153463 2.08658e-21)
(0.148518 -0.109801 3.22827e-21)
(0.132527 0.0098073 0)
(0.0246383 0.0376711 0)
(0.0850815 -0.09399 -3.5578e-21)
(0.18797 -0.0570943 0)
(0.0994715 -0.0461859 -3.31734e-21)
(0.198933 -0.021131 3.02517e-21)
(0.0599732 -0.00995933 4.61091e-21)
(-0.097182 0.0161084 1.65378e-21)
(-0.140885 0.0247684 0)
(-0.16793 0.0341868 0)
(-0.213129 0.03987 3.28527e-21)
(-0.244612 0.0584791 0)
(-0.273648 0.0594137 8.26627e-21)
(-0.293909 0.0753427 -7.06404e-21)
(-0.109181 0.0536604 0)
(-0.132643 0.0683888 -5.67795e-21)
(-0.222904 0.0866394 1.15659e-20)
(-0.195727 0.0394344 0)
(-0.292201 0.0744535 -7.47575e-21)
(-0.305526 0.0683952 -3.98778e-21)
(-0.0862883 -0.314422 0)
(-0.071306 -0.247894 7.7287e-21)
(-0.072039 -0.242988 0)
(-0.0641955 -0.322348 -5.27637e-22)
(-0.0903575 -0.32521 4.14402e-22)
(-0.102978 -0.24162 -7.93753e-21)
(-0.0613726 -0.187931 -7.2925e-21)
(-0.0914523 -0.162039 9.69741e-21)
(-0.0384819 -0.115702 2.99127e-21)
(-0.104938 -0.083076 -3.91871e-21)
(-0.0515498 -0.0526346 0)
(-0.0785858 -0.0180917 -3.18727e-21)
(-0.172989 0.0104514 0)
(-0.123223 0.0131106 0)
(-0.167377 0.0196817 -1.2819e-21)
(-0.197606 0.025469 -5.02272e-21)
(-0.231822 0.0317373 4.30761e-21)
(-0.260456 0.0423069 -1.53288e-21)
(-0.278764 0.0443665 -1.96762e-21)
(-0.30657 0.0561101 6.2299e-21)
(-0.277503 0.0460928 -6.94947e-21)
(-0.300674 0.0610569 8.47305e-21)
(-0.26412 0.0150776 0)
(-0.298329 0.0390152 -1.1906e-21)
(-0.320187 0.0610017 0)
(-0.313288 0.055798 0)
(-0.0467783 -0.173413 -1.23712e-20)
(-0.0895578 -0.247991 4.26737e-21)
(-0.110074 -0.257834 5.15575e-21)
(-0.122186 -0.28759 -7.10596e-22)
(-0.138355 -0.258281 6.55566e-22)
(-0.172764 -0.208918 -7.46711e-21)
(-0.175663 -0.169686 0)
(-0.196251 -0.112348 -9.33272e-21)
(-0.280312 0.017396 -4.39284e-21)
(-0.237683 -0.0815993 6.78976e-21)
(-0.273846 -0.0185856 2.80202e-21)
(-0.135115 0.0114905 4.52078e-21)
(-0.293454 0.0523756 2.69866e-21)
(-0.172918 0.0177597 -3.22984e-21)
(-0.198271 0.0230714 -2.79617e-21)
(-0.225424 0.0309797 -6.05592e-21)
(-0.260505 0.0393079 1.35506e-21)
(-0.269769 0.0434313 -3.4335e-21)
(-0.293106 0.0452732 -2.69981e-21)
(-0.317067 0.0598874 6.73022e-22)
(-0.31225 0.050712 1.23303e-21)
(-0.27345 0.0583105 4.818e-21)
(-0.289851 0.056138 1.99732e-21)
(-0.300603 0.0636522 -1.27968e-21)
(-0.292758 0.0603544 -1.91931e-21)
(-0.240961 0.0637648 -6.67756e-21)
(-0.0388176 -0.104305 0)
(-0.062424 -0.164916 8.27872e-21)
(-0.181741 0.0653764 0)
(-0.220024 0.0548669 4.37769e-21)
(-0.119741 0.0608883 8.47589e-21)
(-0.145376 0.0575307 -5.59684e-21)
(-0.0859234 -0.180202 0)
(-0.125217 -0.220001 -4.90109e-21)
(-0.162364 -0.197358 1.50037e-20)
(-0.218074 0.0281646 -5.8372e-21)
(-0.244333 0.00845248 4.62078e-21)
(-0.179287 -0.156173 -1.07005e-20)
(-0.230054 -0.0764596 1.13805e-22)
(-0.221512 -0.0472198 -9.42669e-21)
(-0.135246 0.0116556 0)
(-0.264959 0.0521909 0)
(-0.244054 0.0391612 2.59807e-22)
(-0.249547 0.0458311 -3.54602e-22)
(-0.168514 0.0199105 -5.02614e-21)
(-0.196452 0.0260816 5.34519e-21)
(-0.214722 0.0311148 4.6372e-21)
(-0.283394 0.0692838 1.83132e-21)
(-0.275422 0.0688562 -4.16989e-22)
(-0.245935 0.0765318 3.63386e-21)
(-0.226799 0.0755958 1.32593e-21)
(-0.25788 0.0566275 -5.47792e-21)
(-0.263396 0.0710789 2.00029e-23)
(-0.270191 0.063112 4.67734e-21)
(-0.200058 0.081227 2.29948e-21)
(-0.17523 0.0795762 -7.50222e-21)
(-0.11887 0.0724457 2.88256e-21)
(-0.143957 0.0797939 2.38148e-21)
(-0.0948921 0.0702082 -3.36713e-21)
(-0.0570171 0.0519233 0)
(-0.0752396 0.0583873 2.79756e-21)
(-0.0910161 0.0541872 -2.39992e-22)
(-0.0826005 0.046562 0)
(-0.0247446 -0.0542436 -4.19728e-21)
(-0.048803 -0.0942063 4.10655e-21)
(-0.0591614 -0.101686 2.88759e-21)
(-0.0947358 -0.137146 0)
(-0.10666 0.0314132 1.02033e-20)
(-0.139933 0.0338264 0)
(-0.167605 0.0186237 5.66234e-21)
(-0.120737 -0.115433 1.30651e-22)
(-0.151472 -0.0265841 1.53363e-21)
(-0.150843 -0.123299 -4.21994e-21)
(-0.178993 -0.0556692 8.46673e-21)
(-0.0137931 -0.0249765 -4.96289e-22)
(-0.0253096 -0.0426905 0)
(-0.125445 0.0106687 0)
(-0.0847004 0.00378584 -5.15003e-22)
(-0.102414 0.00495934 5.19153e-22)
(-0.222641 0.0437126 -3.00987e-21)
(-0.23321 0.0536797 2.64653e-21)
(-0.149355 0.0164332 0)
(-0.184003 0.0253702 -2.45788e-21)
(-0.2001 0.0347929 2.9604e-21)
(-0.197893 0.0855484 1.24124e-21)
(-0.237873 0.0759231 -2.01825e-21)
(-0.231348 0.0808623 -2.56091e-21)
(-0.217474 0.0596147 -3.41055e-21)
(-0.217762 0.070916 6.76262e-22)
(-0.17515 0.0834631 0)
(-0.147023 0.0835617 0)
(-0.133567 0.0819917 0)
(-0.106234 0.0786136 -2.97486e-21)
(-0.0867556 0.0720755 -1.67513e-21)
(-0.0668602 0.0655181 3.98828e-21)
(-0.0500618 0.053712 0)
(-0.00772068 0.0144004 0)
(-0.00494292 0.00952978 -6.67479e-22)
(-0.0141194 0.0257347 3.59551e-21)
(-0.0226317 0.0347154 -3.15189e-21)
(-0.0360048 0.0466887 0)
(-0.0255892 0.0325966 -5.85437e-21)
(-0.0389607 0.0399228 3.71786e-23)
(-0.010621 0.0153141 0)
(-0.0145224 0.0200101 -4.59795e-21)
(-0.004863 0.00585789 0)
(-0.0412042 0.035142 1.3359e-23)
(-0.0590981 0.0397382 2.03232e-23)
(-0.0582457 0.0301631 3.55514e-21)
(-0.091506 0.0257066 -4.32522e-21)
(-0.0359965 -0.0474841 8.8138e-21)
(-0.0599086 -0.0663063 -1.85503e-20)
(-0.0874771 -0.0664924 3.95162e-21)
(-0.0868059 0.00896637 -2.27985e-21)
(-0.0956871 -0.037534 8.37745e-21)
(-0.116103 -0.0223366 -5.88577e-21)
(-0.00680568 -0.00712795 0)
(-0.0129063 -0.0154031 0)
(-0.0159785 -0.0166925 -3.64679e-21)
(-0.0319171 -0.0280898 -5.33419e-21)
(-0.0041668 0.0067496 5.64815e-22)
(-0.117181 0.0103011 1.25522e-21)
(-0.0694217 0.000793101 0)
(-0.0870471 0.00277401 -1.09822e-21)
(-0.14587 0.029034 1.49248e-21)
(-0.17257 0.0371842 -4.46146e-21)
(-0.188213 0.0545404 -8.0618e-23)
(-0.161289 0.0672582 4.05018e-21)
(-0.180404 0.0754083 -4.75346e-21)
(-0.167943 0.0807431 3.2338e-21)
(-0.0983091 0.0784063 -3.92957e-21)
(-0.127579 0.0774545 6.0748e-23)
(-0.124996 0.082067 1.11138e-21)
(-0.0368075 0.052639 4.04351e-21)
(-0.0561455 0.0639204 -4.38182e-23)
(-0.0779984 0.0711487 1.95831e-21)
(-0.0110567 0.0270956 1.76609e-21)
(-0.0271153 0.0444665 -2.13965e-21)
(-0.00625366 0.0175846 -1.5874e-21)
(-0.0163554 0.0184067 5.23305e-21)
(-0.0258787 0.0238 0)
(-0.00495799 0.00501734 4.11109e-21)
(-0.00728275 0.00751999 -7.26575e-21)
(-0.00219018 0.000419196 0)
(-0.00220181 0.000184863 0)
(-0.00445141 -0.00228117 -1.15544e-21)
(-0.0264198 0.0193023 5.2411e-21)
(-0.0408027 0.0216002 -1.56051e-23)
(-0.0407077 0.0141729 -1.07803e-20)
(-0.0624601 0.00754917 1.08828e-20)
(-0.0384547 -0.0177912 3.80804e-21)
(-0.0536519 -0.0176158 -3.09029e-21)
(-0.0472863 -0.00255201 -3.80781e-21)
(-0.00646169 -0.00318487 7.17201e-22)
(-0.0129132 -0.0071765 2.03349e-21)
(-0.0211429 -0.00663497 1.40878e-21)
(-0.0050267 0.0133164 -3.05035e-21)
(-0.0290293 0.0491335 0)
(-0.0611748 0.0634139 0)
(-0.0925511 0.0357517 3.94743e-21)
(-0.108111 0.0549246 -2.76828e-21)
(-0.100358 0.0666266 0)
(-0.0221233 0.0025823 3.06556e-23)
(-0.0622324 0.0147052 0)
(-0.00994175 0.030686 -1.03578e-22)
(-0.000842012 0.00159104 -6.08638e-22)
(-0.000234619 0.00190816 2.99363e-21)
(-0.00914544 0.00693049 7.49759e-21)
(-0.0144917 0.0105759 0)
(-0.00152281 -0.000650359 -3.39778e-21)
(-0.00338801 0.000773292 -1.07855e-20)
(-0.000485153 -0.0021641 5.95459e-21)
(-0.00140134 0.00130066 4.21831e-22)
(-0.00531613 -0.000824253 0)
(-0.0156536 0.00604263 0)
(-0.0253862 0.0078547 0)
(-0.0278474 0.000529954 0)
(-0.00736878 -0.000701132 4.8128e-21)
(-0.0160618 -0.00295468 -4.11241e-21)
(-0.0183006 0.00058217 0)
(-0.00130958 0.00984919 0)
(-0.000454969 0.00151266 2.72233e-21)
(0.000541496 0.00157255 -6.82853e-21)
(0.000599827 0.0018285 1.18861e-20)
(0.00057013 0.00164875 -7.18353e-21)
(0.000824222 0.00115695 -2.33861e-21)
(0.000443893 0.000602769 0)
(-0.00309456 6.58339e-05 3.5181e-21)
(-0.00659498 0.00142772 0)
(0.000140978 -0.00276476 0)
(-0.000238531 -0.00226066 0)
(0.000212224 -0.00287784 -1.29454e-21)
(-0.000833921 0.000979079 2.23569e-21)
(-0.003099 0.000722865 0)
(-0.00242189 0.000426427 6.76782e-21)
(-0.00459268 0.000786764 1.78999e-21)
(-0.00593235 0.00150909 -6.75005e-21)
(0.00106849 0.00135328 0)
(0.00066931 0.00120015 5.27877e-21)
(0.00116765 0.00100431 8.56157e-21)
(0.00138966 0.00116718 -9.71097e-21)
(0.00064002 0.000326696 -1.74307e-22)
(0.00115221 0.000617318 7.23234e-21)
(0.000718989 -0.00215369 1.45278e-21)
(0.000136794 -0.00118724 -1.0894e-21)
(0.000716721 -0.00219115 -8.36513e-21)
(0.000907897 -0.00255135 1.14303e-20)
(0.0011333 -0.00239518 0)
(0.00119867 0.000893262 -5.35765e-21)
(0.000422263 0.000817741 -7.84223e-21)
(0.0015731 2.44079e-05 1.16271e-20)
(0.00146217 -0.000925369 0)
(0.00102464 -0.00140865 0)
(0.000558983 -0.000784586 4.45973e-21)
(0.00184152 0.000791647 3.3571e-21)
(0.00194787 0.000753342 -5.95446e-21)
(0.00136505 0.000432246 -1.3043e-22)
(0.00179619 0.000564406 1.76757e-24)
(0.00150434 -0.00127161 0)
(0.0018492 -0.00153466 1.95029e-21)
(0.00207875 -0.00102116 -1.68485e-21)
(0.00239848 0.000263685 -4.10724e-24)
(0.00232163 -0.000508216 7.99768e-22)
(0.00231609 -0.000102215 6.32182e-21)
(0.000846073 -0.000372138 -5.91155e-21)
(0.00153191 -0.000720012 0)
(0.00190815 0.000238844 -8.83046e-21)
(0.00230835 0.000193389 4.21005e-21)
(0.00208895 -3.01593e-05 4.4832e-21)
(0.00180712 -0.000410459 0)
(0.00219054 -0.00042546 -4.91174e-21)
)
;

boundaryField
{
    movingWall
    {
        type            fixedValue;
        value           uniform (1 0 0);
    }
    fixedWalls
    {
        type            noSlip;
    }
    frontAndBack
    {
        type            empty;
    }
    defaultFaces
    {
        type            empty;
    }
}


// ************************************************************************* //
