/*--------------------------------*- C++ -*----------------------------------*\
  =========                 |
  \\      /  F ield         | OpenFOAM: The Open Source CFD Toolbox
   \\    /   O peration     | Website:  https://openfoam.org
    \\  /    A nd           | Version:  8
     \\/     M anipulation  |
\*---------------------------------------------------------------------------*/
FoamFile
{
    version     2.0;
    format      ascii;
    class       surfaceScalarField;
    location    "8000";
    object      phi;
}
// * * * * * * * * * * * * * * * * * * * * * * * * * * * * * * * * * * * * * //

dimensions      [0 3 -1 0 0 0 0];

internalField   nonuniform List<scalar> 
6926
(
-1.05308
0.0710304
-0.652857
-0.575153
0.174931
-0.941648
0.0740222
-0.11292
-0.539937
0.0688487
-0.756921
-0.752278
-0.0144388
-0.635251
-0.0481789
0.234424
-1.05805
-0.0648818
0.0131677
-0.583536
0.177766
-0.717703
-0.644037
0.466534
-0.586708
0.133342
0.0251469
-0.66014
-0.828081
-0.244412
-0.409726
-0.067918
0.0526743
-0.568293
0.156253
-0.873956
-0.555702
-0.534205
0.000170984
-0.533755
0.257371
-0.680505
-0.165025
-0.767876
-0.57277
-0.794974
-0.217314
-0.210007
0.0233041
-0.38159
-0.191513
-0.574195
-0.122765
-0.751191
-0.896196
0.12969
-0.13117
-0.592823
0.119815
-0.423187
-0.812396
0.072386
-0.511072
0.000171658
-0.528536
-0.00504825
-0.53411
-0.00349318
-0.102483
-0.938837
-0.388219
0.252407
-0.436958
-0.563079
-0.0424531
-0.10126
-0.471843
-0.185245
-0.511715
0.0459093
-0.7971
-0.113066
-0.705418
0.225661
-1.06843
-0.00149961
0.0947435
-0.787325
-0.00262118
-0.533632
-0.788735
-0.0079558
-0.612508
0.000175541
-0.525005
-0.00335991
0.153228
-0.139929
-0.827723
-0.818035
-0.527905
-0.0112531
-0.534207
-0.0323656
-0.0383873
-0.648043
-0.523781
0.0443699
-0.420776
-0.236312
-0.886582
-0.834035
0.036935
0.000159849
-0.699401
-0.00617666
-0.867638
0.024869
-0.983456
0.0335762
-0.727567
-0.256032
-0.533914
-0.0107252
-0.522747
-0.753592
-0.13176
-0.14349
-0.759401
-0.849008
0.000186921
-0.528042
0.0032132
-0.519904
-0.0113607
-0.174014
-0.682409
-0.389418
-0.612318
-0.528254
-0.0172063
-0.534173
-0.0219737
-0.0363954
-0.567278
-0.89008
0.056045
-0.223853
-0.625794
0.143547
-0.0273553
0.275693
-0.391885
-0.332063
-0.558017
0.359358
-0.547874
-0.0835481
0.000177371
-0.61603
0.840962
-0.470747
-0.453763
-0.0328526
-0.958587
-0.0773626
-0.642654
-0.375951
0.0707693
-0.422385
-0.0980923
-0.533891
-0.0226718
-0.521967
-0.00891484
-0.513655
0.584358
-0.592636
-0.0690851
-0.425328
-0.512199
-0.437887
0.252504
-0.292857
-0.349065
0.0160358
-0.522933
0.461579
-0.65956
-0.0258718
-0.387626
0.00019719
-0.54668
0.0188242
-0.510652
-0.00603906
-0.51625
-0.0233644
-0.132559
-0.586246
-0.209274
-0.535603
-0.532877
-0.018502
-0.0516421
-0.53761
-0.301366
-0.0149852
0.288996
0.869893
-0.234842
0.300144
0.00805327
-0.053582
-0.346356
-0.284694
-0.00861819
-0.129034
-0.472422
-0.687051
-0.0295158
0.000198051
-0.586712
0.121513
-0.621776
-0.575133
0.242882
-0.991439
-0.0208529
-0.551031
-0.0688958
-0.544593
0.0134379
-0.533915
-0.0348675
-0.521696
-0.0225192
-0.508363
-0.00238067
-0.511076
0.191057
-0.68722
0.672159
-0.357304
-0.383941
-0.0403503
-0.461781
0.0515079
-0.440923
0.00084129
-0.472266
0.0787549
-0.504954
-0.466579
0.107163
-0.41371
0.000211969
-0.580621
0.0341385
-0.529824
0.0379968
-0.524825
0.00253598
-0.528242
-0.027999
0.0949348
-0.0988363
-0.531701
-0.542953
-0.542602
-0.0135093
0.359347
-0.406338
0.0320061
0.413501
-0.286752
-0.344298
-0.325623
-0.0893331
0.20807
-0.895121
-0.551104
0.0094572
0.000227798
-0.596397
-0.00644627
-0.605872
-0.641764
0.0601854
-0.748557
-0.000268556
-0.537325
-0.0014087
-0.543453
-0.0429896
-0.525793
-0.0408309
-0.503384
-0.0173795
-0.493364
0.0130065
-0.523855
-0.188883
-0.497495
-0.494069
0.051125
-0.0133601
-0.478688
-0.509492
-0.0243447
-0.461282
0.0344759
-0.540839
0.30676
-0.77359
0.000251085
0.000213226
-0.610629
0.0302202
-0.583766
0.0880805
-0.111286
-0.375542
-0.457051
-0.0686552
-0.552052
-0.0185493
0.00471982
0.00261641
-0.539038
-0.551742
0.360357
-0.328689
0.000337998
0.000267787
-0.635156
-0.0347655
-0.418413
0.00039046
-0.325918
-0.00317797
-0.30606
-0.236257
-0.640765
-0.133745
-0.761376
0.00536269
0.000277346
-0.602037
0.00296428
-0.603474
-0.633404
-0.00539635
-0.688372
-0.0441519
-0.536163
-0.0384391
-0.549165
-0.0529973
-0.513627
-0.0641143
-0.456649
0.0143355
-0.494693
0.0282309
-0.551808
0.0543072
-0.5139
-0.467532
0.00716955
-0.514045
0.00966153
-0.48118
0.0131544
-0.464775
-0.028094
-0.551184
-0.624778
0.0143622
-0.62507
0.000543478
-0.628611
0.0750646
-0.363019
-0.205319
-0.65048
-0.590314
-0.0303936
0.00383106
0.00331999
-0.546189
-0.566461
-0.617999
-0.00680335
-0.605542
-0.0121198
-0.453631
0.000452267
-0.59075
-0.0144015
0.00051434
-0.457323
-0.0388527
-0.503465
-0.108637
-0.665873
-0.00799599
-0.75338
0.011774
0.000328048
-0.61414
-0.0325894
-0.559111
-0.623945
-0.0420482
-0.693768
-0.0531079
-0.536052
-0.0432463
-0.559027
-0.097319
-0.480422
-0.368774
-0.0735401
0.0840416
-0.550504
0.0266138
-0.578094
-0.018017
-0.523977
-0.472395
-0.00509647
0.00681847
-0.482902
-0.515822
0.00921876
-0.467175
-0.0294158
-0.565015
-0.63821
0.0239609
-0.630363
-0.00730258
-0.668038
0.0926232
-0.76518
-0.0304524
0.0062251
0.00398148
-0.556395
-0.590629
-0.619335
-0.017832
-0.606077
-0.0253771
-0.574874
-0.015423
-0.590999
-0.0294795
-0.0118906
-0.562469
0.000578594
-0.496754
-0.0381544
-0.573947
-0.00804386
-0.665825
0.0780458
-0.831426
0.0925005
-0.707007
0.00036724
-0.0311261
-0.435484
-0.359096
-0.295975
-0.735816
-0.073324
-0.560047
-0.0497559
-0.582595
0.332894
-0.617626
-0.221069
-0.157893
-0.549502
0.000387512
0.0656669
-0.589557
-0.593879
0.0161519
-0.0156558
-0.537737
-0.478832
0.0029595
-0.5148
-0.00158312
-0.478359
-0.00292261
-0.465835
-0.0296298
-0.585141
-0.65972
0.0156421
-0.638116
-0.0289061
-0.691709
0.019152
0.00257492
-0.0149361
-0.544034
-0.618507
-0.613729
-0.0422194
-0.602414
-0.0366914
-0.570492
-0.0359301
-0.593475
-0.0384191
-0.0324985
-0.549884
-0.00215609
-0.559735
0.000635177
-0.535544
-0.00249437
-0.579496
0.0851709
-0.67295
-0.12691
-0.704516
0.492506
-0.395559
-0.25484
-0.302074
-0.665724
-0.366067
0.0226576
0.108155
-0.526371
-0.0830665
-0.698049
-0.059417
-0.606245
0.0557556
-0.607714
-0.527254
0.00040993
-0.600873
0.00738174
0.027473
-0.600878
0.00891422
-0.490669
-0.558453
0.0251905
-0.0333404
-0.470209
-0.504546
-0.0267961
-0.47238
-0.0315941
-0.612964
0.0193085
-0.490353
0.414872
0.0561731
-0.69999
0.0239237
-0.625175
-0.103722
-0.0495366
-0.0104721
-0.484025
-0.648891
-0.600068
-0.0673264
-0.582229
-0.0545303
-0.555978
-0.073427
-0.0246019
-0.596046
-0.0822996
-0.506177
-0.00588044
-0.54616
0.0103003
-0.5694
0.000694319
-0.538733
0.0367387
-0.531064
-0.532694
-0.292503
0.152247
0.0035378
-0.663141
-0.0224784
-0.682038
0.105472
-0.771196
0.562669
-0.709354
0.00179855
0.0448118
-0.572982
-0.525879
0.000423448
-0.0388869
-0.603407
-0.00156596
-0.643565
0.0299703
-0.610212
-0.601387
0.000923899
0.0137511
-0.607247
0.0116416
-0.601689
-0.505823
0.0617753
-0.0301366
-0.501848
-0.453242
-0.123233
-0.379284
-0.0680922
-0.546437
0.960472
-0.645463
-0.315008
-0.368036
0.541164
-0.153819
-0.562196
-0.296193
0.42627
-0.184481
0.173082
0.696716
0.319928
0.192337
0.292666
-0.0587328
-0.322825
-0.614442
-0.947793
-0.474946
-0.576568
-0.688684
0.146412
-0.553685
-0.189529
0.00326029
-0.581548
-0.605558
-0.0639154
-0.316085
-0.371772
-0.00292014
-0.509137
0.0193017
-0.555161
-0.42445
0.135484
0.0237261
-0.592432
0.000750179
-0.502744
-0.439731
0.0609134
-0.490552
-0.195067
0.100156
-0.782194
0.0632701
-0.453666
-0.721549
-0.0606445
-0.008988
-0.762208
-0.67353
-0.00521564
-0.0725227
-0.495243
-0.531538
0.000443404
-0.599163
-0.00180021
0.0201539
-0.59359
-0.168
-0.455412
0.0259499
-0.62241
-0.604321
-0.00200194
0.0475963
-0.717377
-0.58146
-0.575678
-0.305454
-0.437185
-0.277253
1.01864
-0.0482192
0.373176
-0.504029
0.427086
-0.0704031
-0.551934
0.530858
-0.132742
-0.669086
-0.179041
-0.0184523
-0.703097
0.656844
-0.0177739
-0.657522
0.604484
0.0216251
-0.0438792
-0.58223
-0.0824132
0.77913
-0.410597
0.135584
0.46735
0.411032
0.0172173
0.397705
-0.0293513
-0.40193
-0.78819
-0.638693
0.208536
-0.430735
-0.397487
0.165328
-0.592803
0.0450644
-0.690527
-0.429444
0.179022
-0.174028
-0.0824008
0.23892
-0.472605
-0.457093
0.0359147
-0.52575
0.0453779
-0.576813
-0.364637
0.0603905
0.0287049
-0.620386
-0.442625
0.000793981
0.520224
-0.3621
-0.094854
-0.104287
0.682707
-0.0865081
-0.133059
0.595873
-0.00916274
-0.550786
0.574416
-0.0020054
0.0375095
-0.799718
-0.708544
0.142092
-0.261262
-0.376073
-0.389914
0.000467955
-0.598116
-0.000604281
-0.0101986
-0.595923
0.0799111
-0.647552
-0.812685
-0.611064
-0.0133481
0.14187
-1.1365
-0.745044
0.984561
-0.10559
-0.188554
0.462202
-0.00174777
-0.611502
0.526926
-0.0481663
-0.727597
-0.0629464
-0.0407925
-0.660609
-0.743889
0.049548
-0.0582195
-0.573559
0.00271255
0.637805
-0.00300309
-0.637515
-0.498525
0.0137547
-0.00183402
0.45543
0.792884
0.329875
0.0793231
0.410295
0.00462689
0.434988
-0.00213708
-0.207391
-0.939583
-0.787044
0.277336
-0.509495
0.0405975
-0.588336
0.0950518
-0.546659
-0.260171
0.0745561
-0.366609
-0.0675902
-0.0821522
0.111776
-0.502228
-0.503331
0.056773
-0.537145
0.102098
-0.650206
-0.38304
0.000805887
0.013072
-0.632664
0.423706
-0.466708
-0.0518517
-0.0471903
-0.547127
-0.0526403
-0.037762
0.566588
-0.00133431
0.637962
-0.00216219
0.116149
-0.915867
-0.853656
-0.0495996
-0.571663
0.766505
-0.66963
-0.0974261
0.000551454
0.000517734
-0.595948
-0.00169997
0.00124188
-0.597769
-0.243689
-0.426552
0.00061005
0.707355
-0.416078
-0.340877
0.0464549
-0.125529
-0.640701
-0.78695
-0.475078
-0.0433891
1.01381
0.84137
-0.0610597
-0.0747819
0.550938
-0.0257597
-0.633537
0.526806
0.0585644
-0.750204
0.0537207
0.640016
-0.639906
-0.00311271
-0.895642
0.151752
-0.697957
-0.197684
-0.567076
0.0622611
-0.269416
-0.366404
0.692615
0.100269
-0.00534206
0.00327786
-0.0033589
-0.637434
-0.432986
0.639951
0.145353
0.45385
0.0357679
0.442161
-0.00254643
0.580505
-0.0317044
-0.136961
-0.170051
-0.632571
-0.64667
0.123
-0.591897
0.0769513
-0.570235
0.0872035
-0.522087
-0.309243
0.000758881
-0.377489
0.000656059
-0.0673775
0.074585
-0.509436
-0.513935
0.0737336
-0.508781
0.00130477
-0.638439
-0.635259
0.00340009
0.425137
-0.477158
0.000169819
0.000457521
-0.529565
-0.000233926
-0.000739175
0.637922
-0.00129459
0.639813
-0.00195963
0.223785
-1.13965
0.727297
-0.272302
-0.698684
-0.0174115
0.163616
-0.562283
-0.587833
-0.58882
-0.00661014
-0.590814
0.00254568
0.00496816
-0.604437
-0.699533
0.000679382
0.0561336
-0.646338
-0.673598
-0.283403
0.0894981
-0.538665
-0.224431
0.399852
-0.577112
-0.715927
0.896987
-0.0131858
-0.0388364
0.425006
0.510817
0.559343
0.454466
0.822653
-0.0260029
-0.00233276
0.544943
-0.0438968
-0.609178
0.526644
0.141099
-0.910894
0.355436
-0.63883
-0.00443464
0.473111
0.156672
-0.632897
-0.590843
-0.245649
-0.483699
-0.304828
0.0128603
-0.624914
-0.70754
0.218499
0.0326799
0.00365749
-0.00155169
-0.63954
-0.416468
0.542553
0.0566506
0.480881
-0.00295224
0.611598
-0.0336385
0.569845
-0.0566061
-0.0315726
-0.5115
-0.555242
-0.102572
0.0483235
-0.484417
0.0553628
-0.570309
0.0635112
-0.546543
0.0692792
-0.516781
-0.636071
0.00157146
-0.636544
0.00112901
-0.0685708
0.0673334
-0.508198
-0.508772
0.00939428
-0.51687
-0.636493
0.00145457
-0.63698
0.00089308
-0.637373
0.000563387
-0.63771
0.000102381
-0.00052678
0.639434
-0.000915324
0.421407
0.0497447
-0.390772
0.386645
0.1608
-0.191984
-0.947669
-0.0519133
-0.838754
-0.0417824
0.135336
-0.655836
-0.624647
-0.581786
-0.0292609
-0.533327
-0.0459133
0.0450145
-0.522208
-0.752134
0.000686886
-0.484452
-0.161206
0.323694
-0.76547
-0.675636
-0.424207
-0.475861
0.85995
0.012764
0.415482
0.405632
0.265075
0.575413
-0.508712
1.06806
0.456571
0.831368
-0.000401052
-0.0818582
0.534535
-0.0517884
-0.51931
0.526401
0.134008
0.130855
-0.294729
-0.634961
-0.00542083
-0.542927
-0.0944044
0.276526
-0.179184
-0.488114
0.519704
0.0555287
-0.433375
0.129315
-0.320853
0.00390814
0.0105195
-0.653967
-0.283245
0.540898
-0.00336595
0.62756
-0.0189147
0.640157
-0.103951
0.538643
-0.0607141
0.0663617
-0.59314
-0.00806459
-0.455112
-0.507944
-0.038919
0.020048
-0.465546
0.0390165
-0.545814
0.0533203
-0.530584
0.0615388
-0.510987
-0.636496
0.00157427
-0.636966
0.00159852
0.00968509
-0.509063
-0.00287129
-0.495642
-0.532364
0.0169484
-0.637537
0.00146453
-0.638186
0.00121236
-0.638844
0.000760463
6.27522e-05
0.412485
0.00800663
0.389094
0.0472957
-0.24137
0.140905
0.261265
0.221554
-0.186397
-0.0411858
-0.906483
-0.0344826
-0.845457
0.0117443
0.0683239
-0.735904
-0.642164
-0.376224
-0.311853
0.115616
-0.446826
-0.315354
0.0936334
-0.300488
-0.787351
0.000734486
-0.443282
-0.0404831
-0.102717
-0.373843
-0.0768792
-0.620267
-0.486378
-0.177651
1.04812
0.734724
0.333332
0.290065
-0.272849
0.388416
0.0702107
0.484929
0.133349
0.898635
0.820535
0.0364139
0.726612
0.0120647
0.525955
-0.0513425
-0.497911
0.52611
0.105809
-0.437326
0.0702701
-0.00544348
-0.618243
-0.0061992
0.29707
-0.104371
-0.371883
-0.527854
-0.0204933
-0.0989309
-0.483588
0.00401725
0.0483327
-0.706317
0.600082
-0.00365494
0.645974
-0.02178
0.625287
-0.00404456
0.508067
-0.0733744
0.520725
-0.0554834
-0.0934223
-0.538637
-0.00725251
-0.427812
-0.47618
-0.0256207
0.00965099
-0.449577
0.0321161
-0.52461
0.0488658
-0.517911
-0.0168114
-0.497046
0.542547
-0.513807
-0.0271411
0.011757
0.024208
-0.516323
-0.0045132
-0.466921
-0.477944
-0.0343984
-0.447588
-0.0291441
0.424793
-0.0122448
-0.0220351
0.390892
0.0062084
0.114819
-0.163825
0.189911
0.42338
0.225028
-0.1673
0.240985
-0.130313
0.0418676
-0.94835
0.0355844
-0.839174
-0.752517
0.000751034
-0.271671
0.0877026
-0.551936
-0.467908
0.101015
-0.454207
0.00999703
-0.413202
-0.430826
-0.0117211
0.00881851
-0.423145
0.0317427
-0.564307
-0.548058
-0.110582
0.789901
0.187905
0.587371
0.624716
0.110008
-0.468176
0.563637
0.23787
-0.0251287
0.483755
0.0814394
0.536839
-0.0511516
0.481611
-0.804699
0.715487
0.101277
0.0894349
0.52122
-0.046453
-0.509048
0.525769
0.0890872
-0.584187
0.145409
0.125856
-0.563208
-0.00670217
0.273614
-0.322502
-0.0554837
-0.565096
0.0310419
-0.0593246
-0.41149
-0.484322
-0.0197596
-0.711341
0.200875
-0.195851
-0.0690221
-0.355518
-0.00681477
0.608353
-0.00484692
0.530404
-0.0263817
0.50752
-0.0601695
-0.0490554
0.514792
-0.0347691
-0.529488
-0.00881786
-0.409343
-0.452882
-0.0229521
0.00632928
-0.432954
0.0306676
-0.506412
-0.0140576
-0.520665
-0.464141
-0.0374184
0.609105
-0.494711
-0.141535
0.104539
0.00420679
-0.366588
-0.457816
-0.071293
-0.434359
-0.0526011
0.416125
-0.0374774
-0.0402695
0.297586
0.132002
-0.159962
0.309249
0.0406232
0.21152
-0.146454
0.21605
-0.142364
0.230359
-0.0870578
0.193167
-1.14152
0.0429453
-0.688952
-0.710301
0.000728769
-0.426439
-0.00363624
-0.122847
0.0875764
-0.516665
-0.489739
0.0645734
-0.508784
0.00118791
-0.405571
-0.423944
-0.0109215
0.0516263
-0.528357
-0.5312
-0.0130471
0.759816
0.424796
-0.107343
0.472448
0.055607
0.557094
0.0369011
0.525341
0.599579
0.0251364
0.55599
0.117655
-0.277573
0.422324
0.0931197
0.038273
0.526922
-0.00172714
0.487415
0.286285
-0.0822474
-0.026735
0.626314
-0.820419
0.729093
0.192603
0.126846
0.0480106
0.796662
0.51828
-0.0389637
-0.400053
0.525436
-0.0362953
0.622534
0.232415
0.36789
-0.684679
0.112881
-0.357947
-0.0238793
-0.500014
0.0467341
-0.00700869
-0.424241
-0.544982
-0.006387
-0.005651
-0.545107
-0.146387
-0.0416064
0.510831
0.547485
-0.0219276
0.534117
-0.0529788
-0.0521506
0.506773
-0.0378551
-0.514585
-0.0100858
-0.392928
-0.4323
0.025878
-0.0268754
-0.431957
-0.340158
-0.119777
0.00892901
-0.529399
-0.51809
-0.0399929
0.506742
-0.388754
-0.259524
-0.200004
0.633416
-0.318933
-0.367084
0.17337
-0.251054
0.511164
0.190197
0.151961
0.421278
-0.169135
0.219951
-0.150354
0.207915
-0.11992
-0.937461
-0.204056
0.305846
-0.731495
-0.263304
-0.405074
0.000619761
-0.425075
-0.000635245
-0.42439
-0.00319092
-0.0836666
0.075586
-0.508585
-0.508833
-0.00262299
-0.504973
-0.417811
0.00131806
0.0558327
-0.508604
-0.513223
-0.87049
-0.066971
-0.88764
0.0171495
0.018534
0.633938
-0.00779676
0.535852
0.0546772
0.539318
0.0368219
0.526792
0.552874
0.0282526
0.477436
0.0625417
0.387912
-0.00850663
0.040023
0.485172
0.407323
-0.00215616
-0.0497569
0.575896
0.684392
-0.0580777
0.746014
-0.0616222
0.906461
-0.160447
0.362533
-0.343711
0.945396
0.0392691
0.685139
0.452861
0.94511
0.131907
0.68329
-0.516012
0.504261
-0.029856
-0.0295396
0.525148
-0.193554
0.169377
0.748177
-0.518134
0.131001
-0.373101
0.00814489
-0.423194
0.045687
0.545783
-0.00394953
-0.00571095
0.435861
-0.19206
-0.390188
-0.301283
0.219009
0.0471349
-0.0421456
0.499272
0.505815
0.560935
-0.0487463
-0.085533
0.539327
0.0313633
-0.520071
0.0241084
-0.44748
-0.395695
0.0147334
-0.0348086
-0.411881
-0.511256
-0.126611
0.00338017
-0.572772
0.47158
-0.557735
-0.23968
0.538529
-0.309737
-0.0385954
0.323405
0.256131
-0.144589
0.213826
-0.16301
0.207231
-0.14967
-0.839777
-0.0957737
-0.668837
0.000458787
-0.424755
0.000299334
-0.424659
-0.000365517
-0.422411
0.0014095
0.0122386
-0.0265664
-0.494257
-0.499217
-0.508327
0.00467262
0.034374
-0.516233
-0.500796
0.523465
-0.325293
0.164361
-0.848508
-0.0582404
-0.307893
0.059593
0.566549
0.0523634
0.538165
0.049473
0.526667
0.0893548
0.47746
0.48538
0.0203095
0.432915
0.0175386
0.401399
-0.0025826
0.0315228
0.451493
0.467139
-0.0315165
-0.207906
0.725724
-0.104374
0.363607
-0.407557
0.209588
-0.127325
0.667539
-0.00343752
-0.599656
-0.151613
-0.092563
0.394545
0.682471
0.431326
0.416079
0.588438
0.154445
-0.0851494
0.685853
-0.521717
0.485481
0.00638027
-0.0261085
0.0297378
0.524885
0.486811
-0.0434761
-0.392375
0.100183
-0.367519
0.0401051
0.598805
-0.0418188
-0.202906
0.282829
-0.271983
-0.252482
0.234028
-0.321524
0.148158
-0.0990512
0.519333
-0.00848758
0.408708
0.575516
-0.0849355
0.0268915
-0.532229
0.040196
-0.484295
-0.390307
-0.0453842
-0.0721982
-0.294299
0.671495
-0.541343
-0.369832
-0.0278869
0.245351
-0.47968
0.162259
-0.458252
0.469771
-0.252236
0.260113
-0.190876
0.216132
-0.171911
-0.764789
0.000178764
-0.424749
0.000453207
-0.424919
0.000559166
-0.424245
0.00146817
-0.527626
0.0207084
0.00412406
-0.0117465
-0.486635
-0.49042
0.0523961
-0.541738
-0.460147
-0.436388
0.292855
-0.822835
-0.000194619
-0.0794834
0.144266
0.523654
0.539429
0.0612388
0.5264
0.140194
0.475828
0.0746783
0.434305
0.446754
0.0064708
0.421925
-0.00298688
0.0168821
0.432028
0.42062
-0.00538265
0.297179
0.0190669
0.604567
0.0562194
-0.315518
0.0887186
-0.424692
-0.0181505
0.582165
0.0189638
-0.52364
-0.0526649
-0.0340377
0.241961
0.594955
0.572891
0.400101
0.33912
0.190864
0.524727
0.438072
0.0402514
-0.630725
0.378801
0.258305
-0.131949
0.479841
-0.144516
-0.072419
-0.0529406
0.525461
-0.339801
0.0724652
0.584487
-0.0507899
0.242694
0.0698096
-0.221892
0.212105
-0.262418
0.174922
-0.297166
0.105523
-0.660973
0.413099
0.197084
-0.226575
0.269712
-0.087579
-0.0175812
-0.560032
0.146238
-0.658421
-0.316267
-0.137008
-0.473558
0.247654
-0.455227
0.268312
-0.278221
0.193665
-0.383605
0.23342
-0.225543
0.219788
-0.194533
-0.424823
0.000252745
-0.425175
0.000709373
-0.425131
0.00144536
-0.557161
0.0310028
-0.0496437
-0.0710467
-0.365944
-0.519356
0.143597
-0.702916
-0.387596
-0.529218
-0.000761501
-0.424833
-0.000184754
-0.074542
0.525777
0.526125
0.16662
0.499974
0.181991
0.368516
0.0308719
0.420315
0.431761
-0.00336556
0.00502436
0.424017
0.430059
-0.00368087
0.453017
-0.00389058
0.513129
-0.00389291
-0.439105
-0.00139433
-0.455169
-0.00208723
0.535805
-0.00371215
-0.505079
-0.00275466
-0.00331147
0.238915
0.52484
0.525095
-0.203385
0.596163
-0.288918
0.516721
0.0419094
0.061575
0.418394
0.101698
-0.36528
0.479069
-0.189628
0.199509
0.515579
-0.358121
0.206038
-0.236653
0.18634
-0.257248
0.135005
-0.196076
0.251054
-0.245073
0.246081
-0.087305
0.358953
-0.13831
-0.55873
-0.0242627
-0.386504
-0.128397
-0.369424
0.116004
-0.377567
0.228649
-0.27345
0.158331
-0.313287
0.217592
-0.223347
-0.425358
0.00043503
-0.425656
0.00123497
-0.556065
0.000349908
-0.0955152
-0.658025
-0.583868
-0.162849
-0.678377
-0.424764
-0.000830447
-0.425461
-8.14584e-05
0.179382
0.513364
0.515531
0.173888
0.508076
-0.00405214
0.403439
0.00595124
0.419388
0.421548
-0.000896879
0.421216
-0.00334908
0.421624
-0.00429813
0.422291
-0.00456017
-0.424525
-0.00163316
-0.424127
-0.00248571
0.422972
-0.00439318
-0.423597
-0.00328451
-0.00393617
0.208105
0.516499
0.529561
-0.250831
0.481714
-0.343872
0.277011
0.108771
0.136096
0.135959
0.444809
-0.127436
0.317142
-0.188443
0.198129
0.505894
-0.23295
0.202336
-0.227571
0.156662
-0.209341
0.227444
-0.216526
0.253266
-0.136052
0.278479
-0.213458
-0.47367
0.00441529
-0.274915
-0.0970575
-0.267951
0.0853602
-0.304596
0.192198
-0.248056
0.142198
-0.263286
-0.426013
0.000792061
-0.51476
-0.0400704
-0.105063
-0.715812
-0.688581
-0.492832
-0.399003
-0.425429
-0.000862787
-0.426236
0.000140789
0.179718
0.507534
0.506806
-0.0172691
0.521293
-0.00482214
0.414213
0.419988
-0.00149696
0.420848
-0.00420954
0.421776
-0.00522594
0.422669
-0.00545345
-0.425206
-0.00185623
-0.424789
-0.0029019
0.423488
-0.00521175
-0.424207
-0.00386708
-0.00465512
0.212534
0.502093
0.491263
0.133704
0.483969
-0.398462
0.379796
0.182444
-0.115349
0.296438
0.0171264
-0.00302354
0.491791
-0.204125
0.178891
-0.183722
0.207041
-0.161077
0.23062
-0.12763
0.245032
7.48824e-05
-6.11815e-05
6.43343e-06
-2.01527e-05
-0.190801
-0.379926
0.00413142
-0.193686
-0.0748446
-0.188975
0.0716925
-0.234091
9.52966e-05
0.000135515
-0.000155943
-0.510883
-0.0030846
-0.401814
-0.326838
-0.119657
-0.246265
-0.349889
-0.275346
-0.337143
-0.225981
-0.363822
-0.426252
-0.000846904
-0.499432
-0.0113109
0.0244372
0.499495
0.514702
-0.0224165
0.538887
0.418383
-0.00566689
0.420583
-0.00640965
0.422081
-0.00672401
0.42316
-0.00653294
-0.42602
-0.00208799
-0.425552
-0.00336996
0.424104
-0.00615575
-0.424911
-0.00450807
-0.0054616
0.0692573
0.55571
0.568327
0.156846
0.509567
-0.0614313
0.325878
-0.086454
0.255263
-0.0258756
0.231744
0.362458
0.0351368
0.430778
-9.53306e-06
9.35959e-05
-0.000145258
-4.607e-05
5.2366e-05
1.36141e-07
-0.154084
-0.300686
0.00312113
-0.125115
-0.0618785
-0.123975
1.0168e-05
0.000540298
-0.000455178
-2.5003e-05
0.000114441
0.00130401
0.00363807
-0.00493193
0.16447
-0.569368
-0.408633
-0.30314
-0.322095
-0.247649
-0.315476
-0.20715
-0.310756
-0.494358
-0.00592068
-0.477788
-0.102891
0.043289
0.491343
0.535574
0.54282
-0.00959966
0.498823
0.0375875
0.451361
0.0407383
0.423186
0.0216419
-0.487128
-0.0093179
-0.451293
-0.0392052
0.413278
0.00375263
0.421769
-0.0139534
-0.0340314
0.315115
0.39744
0.100711
0.347424
-0.0221336
0.261557
0.256946
0.289914
0.0331717
0.0986368
0.23065
0.110112
0.353838
-1.36059e-05
-7.93719e-05
8.34427e-05
9.71619e-05
4.87916e-05
-0.000104002
0.000106546
-2.42803e-06
-0.132812
-0.229753
-1.39495e-06
0.000516689
-7.70821e-05
8.75014e-05
0.00163013
0.000852281
-0.00117843
0.000977135
0.00265953
-0.423041
-0.288732
-0.284005
-0.285739
-0.240816
-0.28181
-0.182706
-0.260863
-0.489685
0.00597596
-0.175496
-0.350436
0.106406
0.495049
0.632381
0.485379
0.184589
0.432053
0.0940646
0.406674
0.0470211
-0.550904
0.0519009
-0.43251
-0.157599
0.39705
0.0133765
0.401725
-0.0186291
-0.064816
0.176548
0.321603
0.0620947
0.263195
0.135663
0.21992
0.190651
0.27581
0.12803
0.238282
0.207109
0.274759
5.35272e-05
-0.000556338
0.000489203
8.9412e-05
-7.16168e-05
0.00013788
1.7431e-05
-0.000125816
0.000126679
-3.30495e-06
-0.00160442
-0.00480939
0.0064673
0.0018835
0.000714551
-0.000967945
-7.32247e-06
0.000446921
-9.83877e-05
6.00604e-05
0.00123509
0.000594299
0.000749666
0.00190253
-0.303869
-0.268868
-0.270014
-0.256541
-0.217
-0.247516
-0.16607
-0.313295
-0.51053
-0.402429
-0.056201
0.42772
0.274438
0.416055
0.196254
0.394942
0.115178
0.378477
0.0634869
-0.296146
0.0732557
-0.179538
-0.364019
-0.0897261
0.368877
0.0229756
0.365379
-0.0151302
-0.0634568
0.125419
0.258279
0.170351
0.240219
0.15382
0.247409
0.182684
0.22595
0.237732
0.219711
6.215e-05
-0.000529073
0.000125103
-5.88717e-05
0.000146591
-2.49991e-06
-0.00012794
0.000128675
-4.06377e-06
-0.00211741
-0.000935783
0.00144872
-0.00123097
-0.00351629
0.00217155
0.000932465
-0.00122053
0.00143491
0.000514721
-8.26196e-06
0.00035679
-0.000103857
3.59581e-05
0.000950637
0.000393299
0.000577345
0.00131692
-0.303851
-0.23503
-0.249878
-0.223663
-0.420059
-0.197087
-0.355287
-0.120973
-0.212814
-0.0692167
0.311498
0.200672
0.346315
0.161437
0.348398
0.113095
0.341978
0.0699064
-0.29124
-0.101112
-0.303098
-0.0778682
0.333107
0.0318469
0.322835
-0.00485858
-0.0437198
0.162831
0.231208
0.1822
0.20658
0.223651
0.17826
-0.00259688
-0.000956927
0.00143661
4.95347e-05
-0.000453529
0.000134633
-4.6934e-05
0.000139027
-1.28802e-05
-0.000120268
0.000119754
-3.5914e-06
-0.00159315
-0.000573579
-0.00095518
-0.0025116
0.00240515
0.000681845
-0.000915461
0.00166801
0.000699344
0.00109971
0.000365656
-7.07268e-06
0.000259996
-0.000100531
1.61871e-05
0.000732008
0.000238617
0.000450514
0.000859332
-0.289876
-0.195032
-0.31411
-0.172853
-0.283403
-0.151679
-0.230475
-0.122145
0.268684
0.155639
0.29704
0.133081
0.306626
0.103509
0.305408
0.0711245
-0.242936
-0.0886504
-0.264762
-0.0560427
0.297548
0.0397067
0.28456
0.00812977
-0.0239219
-0.00335947
-0.0017978
0.00256051
-0.00193129
-0.000618764
3.3187e-05
-0.0003521
0.000129347
-3.72945e-05
0.000123223
-1.63978e-05
-0.000105337
0.000105083
-3.38652e-06
-0.00120617
-0.000322593
-0.000749775
-0.00172865
0.00260691
0.000961087
-0.00116287
0.001854
0.00049585
0.00129437
0.000504651
0.00084921
0.000248443
-5.05242e-06
0.000164502
-9.24063e-05
3.21641e-06
0.000568583
0.000120437
0.00035292
0.000501357
-0.00443949
-0.00304158
0.00412171
-0.00250887
-0.0012201
-0.00143352
-0.000391338
1.90523e-05
-0.000241844
0.000114407
-2.85533e-05
0.000100759
-1.21271e-05
-7.91789e-05
7.57923e-05
-0.000917462
-0.000154868
-0.000590285
-0.00111932
0.00256894
0.000145389
-0.000107417
0.0020471
0.000767966
0.00143347
0.000356766
0.00100291
0.000350936
0.000653832
0.000163282
-2.85695e-06
7.49317e-05
-7.59626e-05
0.000436939
3.62448e-05
0.000276911
0.000221588
-0.00574302
-0.00497828
0.00628107
-0.00340475
-0.00214569
-0.00186102
-0.000792552
-0.00107337
-0.000235408
9.33379e-06
-0.000136841
9.10986e-05
-1.89642e-05
6.3665e-05
-0.000697462
-4.76349e-05
-0.00046663
-0.000643358
0.000829233
-0.00662284
0.00836253
0.00203485
0.000157645
0.0016095
0.000591893
0.00111288
0.000246787
0.000779475
0.000225174
0.000503827
9.6513e-05
-1.03093e-06
0.000325832
-1.29114e-05
-0.00780079
-0.0118303
0.0138886
-0.00458138
-0.00380206
-0.00256762
-0.00143897
-0.00137122
-0.000494585
-0.000795258
-0.000137601
2.39784e-06
-4.82035e-05
4.47007e-05
-0.000529381
1.52467e-05
-0.000364452
-0.000276508
-0.000244991
-0.00288111
0.0039553
0.000583704
-0.00517172
0.00161903
0.000148135
0.00127449
0.000430265
0.000862196
0.00016416
0.000600841
0.000127979
0.000374853
4.76456e-05
0.000207646
-0.000220557
-0.00668267
0.00453973
-0.0056554
-0.00650449
-0.00990587
-0.00360467
-0.0027672
-0.00191026
-0.000899927
-0.00100913
-0.000280554
-0.000592254
-7.47276e-05
-3.50285e-06
-0.000385381
3.63488e-05
-0.000480481
-0.000165189
0.000400699
-0.000271568
-0.00202585
0.000392773
-0.00394549
0.00128785
0.00013478
0.00100592
0.000286395
0.00066995
9.51777e-05
0.000453938
4.86527e-05
0.000255291
-0.00628178
-0.00102003
0.000620387
-0.00559148
0.00363117
-0.00543712
-0.00807008
-0.00281632
-0.00186029
-0.00138592
-0.000523128
-0.00073035
-0.000142137
-0.000430305
-2.98014e-05
-0.000243662
0.000280011
-0.000466276
4.74786e-05
-6.1692e-05
-0.000414852
-2.19145e-05
-0.000278522
-0.00135455
0.000248948
-0.00290661
0.00102024
0.000120589
0.000787775
0.000168359
0.000504578
4.47078e-05
0.000303944
-0.00465468
0.00833625
-0.00996227
-0.00531579
-0.00129643
-0.00466224
0.00286684
-0.00451712
-0.00636697
-0.00216465
-0.00109146
-0.000978387
-0.00027521
-0.000519199
-5.28424e-05
-0.000273463
-0.000282045
0.000728852
-0.000913095
-0.000400544
3.31646e-05
-0.000351992
5.15341e-05
-0.000271013
-0.0008346
0.000139948
-0.00202645
0.000806465
0.000102081
0.000605575
6.70716e-05
0.000348651
-0.00294281
0.0070338
-0.00874883
-0.00386596
0.00688915
-0.00448333
-0.00148186
-0.00386406
0.00221678
-0.0037706
-0.00474834
-0.00160712
-0.000473994
-0.000668904
-0.000125665
-0.000326305
2.56718e-06
0.00100962
-0.00129422
-0.000237736
0.000566026
-0.000340764
2.19477e-05
-0.000294382
7.48942e-05
-0.000253146
-0.00044141
5.49602e-05
-0.00127513
0.000640982
6.69347e-05
0.000415723
-0.00145867
0.00434977
-0.00583559
-0.00236697
0.0055319
-0.00318454
0.00559608
-0.00379835
-0.00154803
-0.00319595
0.001688
-0.0031448
-0.00319211
-0.00111741
-4.02122e-05
-0.000451998
0.00029465
0.00103434
-0.00132641
2.07857e-06
0.000769791
-0.00019881
0.000424039
-0.000288216
1.57715e-05
-0.000242792
6.44423e-05
-0.000227032
-0.000159294
-2.49391e-05
-0.000609416
0.000482658
-5.60885e-06
0.00490491
-0.00635858
-0.00119381
0.00317611
-0.00189381
0.00423319
-0.0026364
0.00443542
-0.00323868
-0.00154958
-0.0026184
0.00122041
-0.00261967
-0.00166475
-0.000492159
0.000486269
0.000761624
-0.00095322
0.000247404
0.000789016
1.66352e-06
0.000569324
-0.000165217
0.000301021
-0.000240336
1.33978e-05
-0.000198797
3.60508e-05
-0.000190532
6.44122e-06
-0.000126758
0.00140312
0.00474723
-0.0061564
-5.56998e-06
0.00371583
-0.000976302
0.00225837
-0.00150836
0.00310236
-0.00216118
0.00339056
-0.00283947
-0.00139554
-0.00208145
0.000768022
-0.00215663
0.000494511
6.78345e-06
-1.49938e-05
0.000417601
0.000591431
0.000206652
0.000584005
1.32407e-06
0.000402761
-0.000136573
0.00019714
-0.0001981
1.28186e-05
-0.000159376
4.70229e-06
-0.000120318
0.00278366
0.00405201
-0.00543312
0.00115506
0.00358673
-4.18545e-06
0.00274294
-0.000798721
0.00154809
-0.00120008
0.00210758
-0.00177684
0.0023814
-0.0025611
-0.000999409
-0.00138876
0.000254661
-0.000212265
0.000452115
0.000423949
4.47511e-07
0.000354459
0.000443642
0.000171601
0.00041372
1.05547e-06
0.000265206
-0.000111435
0.000110275
-0.000157447
1.10304e-05
-0.000115615
0.00446974
0.00671962
-0.00840709
0.00224548
0.00296124
0.000943468
0.00263921
-3.17621e-06
0.00194641
-0.000650795
0.00100046
-0.000949328
0.00123154
-0.00143829
0.00134114
-0.00238789
-0.000791535
-0.00280476
0.00385112
0.000275889
-6.41913e-05
0.000358226
-3.33337e-06
0.000300178
0.000315057
0.000141847
0.000272829
8.38248e-07
0.000153026
-8.89676e-05
4.15391e-05
-0.000104585
0.00630667
0.00838193
-0.010221
0.00371773
0.00524783
0.00179758
0.00210673
0.000770494
0.00186565
-2.45588e-06
0.00129486
-0.00053133
0.000584159
-0.00075547
0.000460262
-0.00104707
-0.0024781
-0.00643023
0.00811681
-0.000555978
-0.00197283
0.00027866
1.54067e-05
0.000299354
-2.49846e-06
0.000250627
0.000206356
0.000116021
0.000157482
6.7159e-07
6.35101e-05
-6.30458e-05
0.00671198
-0.000194172
-0.000207956
0.00533119
0.00676597
0.003081
0.00396729
0.00144049
0.00143658
0.00062949
0.00123551
-2.1076e-06
0.000760137
-0.000426983
0.000258128
-0.000586805
-0.00253987
7.88235e-05
-1.68396e-05
-0.00196895
-0.0050172
-0.000374572
-0.00131959
0.000269187
4.5581e-05
0.000247008
1.02298e-06
0.00020688
0.000115604
9.26285e-05
6.53079e-05
4.64035e-07
0.00785428
0.00461073
-0.00575302
0.00563398
-0.000494043
0.00449614
0.00534617
0.00254564
0.00286278
0.00114128
0.000922874
0.000512334
0.000723837
-2.16659e-06
0.00032639
-0.000328694
-0.00232858
0.0009845
-0.0011956
-0.00199233
0.000102279
-0.00156629
-0.00382538
-0.000237474
-0.00081286
0.000250557
4.21456e-05
0.0002018
5.9613e-06
0.000164037
4.43351e-05
6.57722e-05
0.00573354
-0.011976
0.0140963
0.00654865
0.00369325
0.00469137
-0.000682077
0.00378265
0.00410742
0.00210014
0.00192246
0.000904432
0.000528139
0.00041075
0.0003154
-2.29513e-06
-0.00208761
0.000680944
-0.000921735
-0.0017953
0.000787544
-0.00157163
0.000107624
-0.00124613
-0.00281666
-0.000134051
-0.000428415
0.000223453
2.0663e-05
0.000161432
8.39414e-06
0.000110107
0.004445
-0.00492026
0.00620885
0.00456837
-0.00999602
0.00546035
0.00291879
0.00389943
-0.000795579
0.00319925
0.00298905
0.0017185
0.00113604
0.000708815
0.000225886
0.000313095
-0.00182695
0.00086064
-0.00112113
-0.00161048
0.000496212
-0.00138874
0.00060476
-0.00124319
0.000104734
-0.000986487
-0.00196391
-5.19963e-05
-0.000153146
0.000185757
-3.45302e-06
0.000118502
0.0033989
-0.00293352
0.00398009
0.00340828
-0.00376056
0.0036125
-0.00814842
0.00454065
0.00227625
0.00322693
-0.000793484
0.00270024
0.0019818
0.00137908
0.000511134
0.000539103
-0.00158939
0.000658276
-0.000895718
-0.00139131
0.000641561
-0.00124715
0.000354668
-0.00107595
0.000437581
-0.000980058
9.81506e-05
-0.000784732
-0.0012307
2.49084e-05
7.50049e-06
0.000115048
0.00260983
-0.00190898
0.00269861
0.00255139
-0.0020762
0.00258192
-0.00273026
0.00281731
-0.00642547
0.00376708
0.0017115
0.00266696
-0.000721298
0.00232363
0.00099259
0.00105003
0.00124428
-3.14754e-05
0.00338802
-0.00460073
0.000895694
-0.00124068
-0.00120853
0.000475539
-0.0010717
0.000466234
-0.000967079
0.000245901
-0.000838005
0.000295788
-0.000773172
8.63979e-05
-0.000618631
-0.000586634
0.00012255
0.00211583
-0.000988492
0.00148291
0.00194126
-0.00129864
0.00188947
-0.00138323
0.00191265
-0.0018261
0.00216595
-0.00482381
0.00314592
0.00120011
0.00215935
-0.000498632
0.0020428
-6.57161e-05
0.000593989
-0.000559704
0.00093897
-1.87892e-05
0.00246787
0.000626198
-0.000933434
0.000337278
-0.000827435
0.000326685
-0.00075609
0.000163921
-0.000647595
0.000170603
-0.000591477
5.8971e-05
-0.000464085
0.00163679
-0.000876179
0.00135544
0.0015956
-0.000642565
0.00144404
-0.000853134
0.00139771
-0.000867755
0.00139461
-0.00105631
0.00160529
-0.00328282
0.00264176
0.000663101
0.00154401
-0.00490446
-7.46327e-05
0.00661605
-5.77439e-05
0.000172966
-0.000180855
3.09704e-05
0.000544253
0.000720005
-1.48236e-05
0.0017627
0.000412847
-0.000718584
0.000228474
-0.00063674
0.000207592
-0.000582148
9.84531e-05
-0.000489247
6.89091e-05
-0.000405113
0.00125122
-0.000531744
0.0012108
-0.000408978
0.00108003
-0.000535099
0.00102531
-0.000496709
0.000985533
-0.000438954
0.00110583
-0.0017466
0.00220711
-0.00358377
-6.94141e-05
3.14794e-05
-0.00055654
0.000450511
-6.77316e-05
6.09014e-05
-5.08116e-05
5.22087e-05
0.000151769
6.95164e-05
0.00045995
0.000557642
-1.24388e-05
0.00121751
0.000251953
-0.000558272
0.000149876
-0.000487937
0.000113807
-0.000436671
4.58511e-05
-0.000336204
1.79572e-05
-0.000142982
0.000156613
0.000147819
-0.000197479
0.00096805
-0.000289024
0.000919609
-0.000248303
0.00080169
-0.000312347
0.000748379
-0.000256943
0.000672759
-9.00097e-06
0.000460502
-0.00256039
-5.52883e-05
-8.51637e-05
-0.000540713
5.29312e-05
6.02197e-05
0.00010271
0.000118636
8.56559e-05
0.000361886
0.000434093
-1.09504e-05
0.000794374
0.00012799
-0.000431519
9.32999e-05
-0.000364778
4.24795e-05
-0.000290352
-0.000101953
-0.000126123
9.88473e-05
0.000760363
-0.000129658
0.000700483
-0.000146104
0.000598115
-0.000163002
0.000532074
-0.000112881
0.000451508
-0.0017628
-3.71997e-05
-0.000127822
-0.000468088
0.000110082
5.29107e-05
0.000120927
8.34142e-05
8.96167e-05
0.00026136
0.000341441
-1.00053e-05
0.000462942
3.82508e-05
-0.000319584
4.79036e-05
-0.000247873
-0.000150271
-0.000103599
5.87189e-05
0.00059884
-2.85907e-05
0.000529747
-7.62083e-05
0.000432241
-6.43135e-05
0.000338625
-0.00114235
-2.15975e-05
-0.000139734
-0.000365464
0.000131475
4.24085e-05
0.000121758
5.13385e-05
8.7228e-05
0.000164196
0.000267638
-9.25472e-06
0.000204561
-1.32402e-05
-0.000199968
-0.000161735
-8.15338e-05
2.85084e-05
0.000476064
2.43686e-05
0.000386313
-2.83834e-05
0.000274316
-0.000655443
-1.08369e-05
-0.000134847
-0.000252101
0.000133906
3.03207e-05
0.000112619
2.60574e-05
8.01044e-05
7.49264e-05
-0.000213208
-0.000153434
-6.28661e-05
9.04155e-06
0.00036934
4.0389e-05
0.00024593
-3.05581e-06
-0.000283048
-0.000120062
-0.000142694
0.000125
1.80396e-05
9.94652e-05
6.82605e-06
6.62797e-05
8.64711e-06
-0.000137132
-4.56663e-05
-2.99304e-06
0.000286319
-9.54213e-05
-5.01559e-05
0.000109479
8.14292e-06
7.3106e-05
-0.000113567
-2.73943e-05
-6.97079e-06
-4.68841e-05
-3.2714e-06
8.12491e-05
-7.42783e-05
0.191863
-0.247346
-0.251732
0.164675
-0.0598699
-0.232561
0.172691
-0.0453838
-0.187178
0.157604
-0.202988
-0.0460331
-0.201313
-0.233211
-0.225193
-0.264409
0.144489
-0.099734
-0.243993
0.144259
-0.0713011
-0.226628
0.155327
-0.069024
-0.185745
0.116721
-0.0339821
0.135608
-0.101626
-0.120844
0.0868621
-0.0289057
-0.0919385
-0.112622
0.0837165
-0.0367045
-0.0759178
-0.045792
-0.139953
0.10717
-0.152962
-0.0277285
-0.175259
-0.167682
-0.0302414
-0.202969
-0.205501
-0.00408009
-0.221112
-0.207049
-0.212968
-0.0893024
0.052598
-0.0409568
-0.0483456
-0.264999
0.115329
-0.12051
-0.244104
0.123594
-0.0998458
-0.213113
0.113268
-0.0577866
-0.189419
0.131632
-0.0726977
-0.163227
0.0905298
-0.0560571
0.0795513
-0.0620776
0.141629
-0.126502
0.064424
-0.0396396
-0.112119
0.0724796
-0.0284027
-0.102672
0.0742697
-0.0500744
-0.0246321
-0.12833
-0.126258
-0.0128378
-0.113421
-0.104776
-0.00264904
-0.102127
-0.0785668
-0.119524
-0.0181406
-0.149541
-0.146471
-0.0286623
-0.176839
-0.178204
0.00382892
-0.210878
-0.17301
0.0285517
-0.241519
-0.182327
-0.201414
-0.0798156
-0.0397081
0.020003
-0.0998187
0.0484152
-0.0984897
0.0707228
-0.0223076
0.0911475
-0.0711446
0.042802
-0.0556877
-0.262043
0.0901318
-0.146714
-0.239828
0.093114
-0.116234
-0.212641
0.0964072
-0.0993736
-0.191954
0.0925806
-0.0603217
-0.168987
0.108665
-0.0784573
0.0631716
-0.0638347
0.127006
-0.137833
0.0739986
-0.0734093
-0.122851
0.0494421
-0.0503718
-0.0952123
0.0448405
-0.0209426
-0.0821932
0.0612506
-0.0114704
-0.0486051
0.0371347
0.0525864
-0.074894
0.00398133
0.00104348
-0.147514
-0.112377
0.0235948
-0.135972
-0.0785324
-0.118241
-0.00115599
-0.177048
-0.14867
0.0133145
-0.186324
-0.163733
0.0379812
-0.220308
-0.148343
0.248476
-0.176011
0.0470616
-0.173246
-0.0148998
-0.103341
-0.114718
-0.0110628
-0.103656
0.0755661
-0.086629
0.00442155
-0.0759259
0.00103185
0.0220898
-0.0777776
-0.0538361
0.0714364
-0.0670149
-0.00634114
-0.253487
0.0589541
-0.163355
-0.228927
0.0655717
-0.135813
-0.20467
0.0688575
-0.108263
-0.184614
0.0763505
-0.092033
-0.160548
0.0685154
-0.0518832
-0.141325
0.0894413
-0.0143183
0.120066
-0.0460678
0.105748
-0.116774
0.0707057
-0.0673315
-0.115516
0.0481849
-0.0706759
-0.00942532
-0.0557627
0.0463374
-0.0725361
0.0167734
-0.0354014
-0.0600826
0.0246812
-0.0561013
-0.0527448
0.0537767
0.00210801
-0.0548529
-0.0023246
-0.0571622
0.0592702
0.0182876
-0.166958
-0.117685
-0.00297421
-0.11471
-0.106315
0.255918
-0.150395
0.079907
0.0252296
-0.188963
-0.141729
0.0438493
-0.192192
-0.145113
0.225796
-0.145889
0.0525499
-0.139642
0.264259
-0.129254
0.113864
0.0180443
-0.124359
-0.0856113
0.0289853
-0.114597
0.0244538
-0.0489824
0.0245286
-0.0327084
0.00320841
-0.0521908
0.101402
-0.0724171
0.0147734
0.0728434
-0.0580701
0.00582847
0.0768393
-0.0831804
0.0230032
0.0318497
-0.0645581
0.0559277
-0.0500993
-0.0272527
-0.248878
0.0255309
-0.189924
-0.223644
0.0337195
-0.158072
-0.196062
0.0379906
-0.127205
-0.172817
0.0456123
-0.0964668
0.153368
-0.0848524
0.056901
-0.161665
0.076813
-0.0722242
-0.138398
0.0661737
-0.0326498
0.109043
-0.0383372
0.0763931
-0.100369
0.0620321
-0.0521845
-0.0799821
0.0277976
0.0771998
-0.0308624
-0.00278228
0.0540254
-0.050817
0.0319684
0.0220569
0.056497
-0.0710023
0.0401399
-0.0542289
-0.0723576
0.0181287
-0.0476764
-0.0580957
0.0557711
0.00117448
0.00809465
0.0388238
0.0176732
0.0399983
-0.00610934
-0.0191156
0.0252249
0.0238965
-0.000571306
-0.0233253
0.0177872
0.0121365
-0.00335674
-0.00877975
-0.0162499
0.0156785
0.0026939
-0.0189438
-0.00740601
0.0100999
0.00473047
0.0115897
-0.153318
-0.103121
0.0387135
-0.141834
-0.0856458
0.229308
-0.115445
0.0834191
0.0329452
-0.178059
-0.120373
0.198448
-0.115029
0.0588058
-0.119253
0.251045
-0.0943826
0.121791
0.226956
-0.105166
0.111512
0.0407124
-0.126358
-0.0738842
-0.0874701
0.015053
0.0215258
-0.09541
-0.0659444
0.0114484
-0.0305641
0.0354993
-0.0240509
-0.0366007
0.0554106
-0.0188099
0.00642175
-0.0430224
-0.0443952
0.00266762
-0.0672257
-0.0495232
0.00394842
-0.0534716
-0.0404468
0.0707718
-0.05718
-0.0135919
-0.0641262
0.0791791
0.00664568
0.021109
0.0721531
-0.0510442
0.0220538
0.0588918
-0.036838
0.0316391
-0.0355867
-0.00193548
-0.0286286
-0.0252608
0.00067559
-0.000695731
0.00424286
-0.0295037
-0.0147009
-0.0180577
-0.000737347
0.0038071
-0.00306975
-0.0095171
-0.000399323
-0.00911779
-0.018457
-0.236574
-0.0114818
-0.211043
-0.219932
0.00888891
-0.186213
-0.198001
0.0117884
-0.16001
-0.187759
0.027748
-0.142146
-0.15764
0.0154937
-0.100739
0.131116
-0.0543028
0.0303768
-0.1418
0.087497
-0.0756261
-0.107037
0.0314106
-0.0306437
0.0858925
-0.0544819
0.100904
-0.0388723
0.0702607
-0.0723355
0.0334632
-0.0852079
0.0128724
-0.0574103
-0.0723155
0.0149051
0.0750978
-0.0349579
-0.0291814
0.0512383
0.0262292
0.0183448
0.0318119
-0.0501567
0.044574
0.0340528
0.0171856
0.0517259
-0.0636763
0.0287184
-0.0455476
0.0603855
-0.0522909
0.014838
0.0288784
0.0228475
0.0688767
0.0165858
-0.000341682
0.0321535
-0.00176305
0.026988
-0.0337363
0.0333946
0.00087077
0.0261172
-0.0148164
0.0156872
0.0201193
-0.0023321
0.00530288
0.000277652
0.000397939
0.000121706
0.0167766
-0.00109809
0.0144445
-0.00109093
0.00148887
0.00271616
0.00744663
-0.0100964
0.00899827
-3.52327e-06
0.00745013
0.0348334
-0.155207
-0.107001
0.0330106
-0.140012
-0.0933478
0.196878
-0.0853657
0.0818485
0.188053
-0.106205
0.0688004
-0.0864063
0.240688
-0.061797
0.146305
0.2184
-0.0720948
0.113234
0.188542
-0.0753076
0.103176
0.0370175
-0.130365
0.10269
-0.0656726
0.00728013
0.0830769
-0.0757968
0.0171324
-0.0400476
-0.0788791
0.00308221
0.0275809
-0.0463909
0.0225757
-0.0466268
0.00801111
-0.0366398
-0.0386157
0.00575542
-0.0487778
-0.0406355
-0.00416987
-0.0446079
-0.0446167
0.0484555
-0.0885031
-0.0193839
-0.0252328
0.0233297
-0.0589164
0.0301419
-0.0495257
0.0665283
-0.0180729
0.0529364
0.0595296
-0.0065932
0.0661753
0.0850706
-0.0188953
0.0340264
0.0648392
-0.0308127
0.0280011
-0.0309153
-0.00138236
-0.0352574
-0.030886
-0.00549817
-0.0297593
-0.00047842
-0.000217305
-0.00354817
-0.00036256
-0.0060918
-0.0247942
0.0167356
-0.0228273
-0.00172146
0.00936906
-0.0110905
-0.00025127
-0.0032969
-0.21805
-0.0452363
-0.229532
-0.177289
-0.0568018
-0.222525
-0.21522
-0.0143124
-0.206331
-0.198801
-0.00752942
-0.187013
-0.178645
-0.00836785
-0.150897
-0.162409
0.0115124
-0.146916
-0.104337
0.134714
-0.0168401
-0.0122018
-0.124833
0.107993
-0.0389408
-0.109674
0.055192
-0.0394133
0.0358455
-0.0752587
-0.0744301
0.0354893
-0.0192381
-0.0473233
0.0831688
0.0880451
-0.0545819
0.0127864
0.0618811
-0.0490948
0.0145579
-0.0643858
0.00980382
-0.0515134
-0.0691469
0.0176335
-0.0542418
-0.0697033
0.0154615
-0.0409849
-0.0272099
0.0443955
0.017364
0.0133531
0.0188004
0.0307172
0.0335645
0.010831
0.056412
-0.0702514
0.0292664
-0.0554134
0.048444
0.00796793
0.0650298
0.00961642
0.0124529
0.0209417
0.0312533
-0.00397619
0.0249178
0.0227246
0.00339259
0.0187484
0.0162494
-0.000562224
0.019642
0.0132044
0.00124011
-0.0185073
0.017945
-0.000333473
0.00115539
0.00861957
0.000378692
0.00985968
-0.00367358
0.00405226
0.00377654
-0.0484114
-0.081954
0.0669832
-0.15339
-0.0730285
-0.12144
0.168917
-0.0657407
0.0627121
-0.0906776
0.0216741
-0.103628
0.231335
-0.0242934
0.169538
0.205305
-0.035768
0.133211
0.178736
-0.0455257
0.103429
0.156305
-0.0528761
0.0905641
0.219131
0.0114886
0.194838
-0.194077
0.205565
0.0509552
-0.17142
0.222375
0.0838428
0.092068
-0.0640748
-0.0279932
0.113742
0.0480694
-0.0308097
-0.0685927
-0.0199105
-0.0655105
-0.0538542
-0.0116564
-0.084664
0.0405202
-0.0460184
0.00190455
-0.0387309
0.0284368
-0.0536697
0.0161711
-0.0549021
0.0418006
-0.0617111
0.0670653
-0.0252647
0.0489925
-0.0333295
-0.0203401
0.0380655
-0.0689807
0.0114602
-0.0447898
0.0584551
-0.00946265
0.051862
0.0638646
-0.0120026
0.0449694
0.060566
-0.0155965
0.0297533
-0.0392274
-0.0258933
-0.0201251
-0.00224923
-0.0275101
-0.0270435
-0.00515525
-0.0223548
-0.0310485
0.000872106
-0.0279156
0.000246356
-0.000608907
-0.00305054
-0.00052545
0.0181997
-0.0173275
-0.00462768
0.00821717
-0.0128448
-0.00287336
-0.00592389
-0.0875394
-0.0375757
-0.144341
-0.178613
-0.0439126
-0.192925
-0.114836
-0.0295052
-0.158749
-0.181755
-0.0111705
-0.189284
-0.167222
-0.0220615
-0.17559
-0.157956
-0.017634
-0.146444
-0.129317
-0.0171269
-0.141519
-0.0335258
-0.0972072
0.0636814
-0.0960559
-0.00115131
-0.0605666
-0.0600074
-0.000559148
-0.0792456
0.00392319
-0.050491
0.0544141
0.0663312
-0.0517734
0.0158402
0.0717921
-0.0619883
0.0226973
0.0594201
-0.0367228
0.00764677
0.0691686
-0.0515351
0.0071803
-0.0690155
0.0174804
-0.053554
-0.0574127
0.00385877
-0.0281463
0.00110546
0.0301478
-0.0318226
0.0426536
0.0436951
-0.00104155
0.0516631
-0.0593576
0.0312113
0.0382906
0.0133724
0.047907
-0.0114506
0.022891
0.00202685
0.0530388
0.0129425
0.00669949
-0.0316909
0.0337177
0.0154079
0.00253709
0.0221074
0.00831569
0.00154398
0.0108528
0.00287383
0.00441781
0.136134
0.125423
0.219977
0.0147355
-0.136176
-0.0888927
0.162665
-0.0721013
0.0719877
-0.064188
0.0299425
-0.118835
-0.0341323
0.194105
0.000732872
0.158337
0.173255
-0.0149181
0.127729
0.154351
-0.0266221
0.101475
0.128515
-0.0270396
0.0564134
0.179869
0.0256963
0.180602
-0.166149
0.191845
0.0562261
-0.147081
0.203307
0.0728959
0.0542836
-0.088416
0.0262903
0.0862313
-0.059941
0.00156729
-0.0512455
-0.0104656
-0.0629019
-0.0575183
-0.00538376
-0.055951
0.0308125
-0.0511527
-0.0240895
-0.0442146
0.0396631
-0.0501288
0.0560447
-0.0163815
0.03078
0.0511254
-0.0203453
0.0416629
0.01139
-0.0561797
-0.0397627
0.0158355
-0.0550628
-0.0403441
0.05462
-0.0129571
0.0426175
0.059296
-0.0166783
0.0436996
-0.0113632
-0.00961995
-0.0345946
-0.0301917
-0.0008568
-0.0398116
0.0411282
-0.041985
0.0187734
-0.0091421
0.0143355
-0.0234775
-0.00299202
-3.62445e-05
-0.00596014
0.00787778
-0.0108698
-0.00496705
-0.000507157
-0.00445989
-0.0337722
-0.090203
-0.071348
-0.0501936
-0.179559
-0.140397
-0.0361259
-0.035222
-0.0656311
-0.137138
-0.0216106
-0.148309
-0.0533548
-0.0122763
-0.0749654
-0.127714
-0.0205951
-0.149775
-0.123818
-0.0259574
-0.141452
-0.12114
-0.0203114
-0.138267
0.04984
-0.0509913
-0.140278
0.00201085
-0.0765968
-0.0849222
0.00832544
-0.0350823
-0.0749196
0.0239283
-0.0754787
-0.0210646
-0.0612004
0.0401358
-0.0453601
0.0483539
-0.0407071
0.00299372
-0.0541619
0.0174391
-0.0469816
0.0550956
-0.0376565
0.0143885
0.0557905
-0.0383101
0.00880889
-0.0567384
0.0184283
-0.0528797
-0.0216684
0.0442467
0.00879209
0.0432051
0.0330341
0.0101711
0.0464065
-0.049589
0.0279206
0.0554913
-0.00908481
0.0440407
-0.0055483
0.0293931
0.00432464
0.0381852
0.0204085
0.00169891
0.0247332
0.00972513
0.00112763
0.011424
0.00344986
0.00457749
0.0957744
0.167421
0.221197
0.112378
0.108819
0.185274
0.153297
-0.0968834
0.0891087
-0.0297267
0.0824959
-0.112223
-0.00592007
0.182513
-0.00191161
0.167595
0.148397
0.0191985
0.121775
0.135208
-0.0134338
0.108169
0.0112854
-0.153024
0.151112
0.0388211
-0.12869
0.167511
0.0746173
-0.114118
0.188736
0.0711554
0.0772051
-0.0112727
-0.0659326
0.071285
0.011344
-0.0592765
0.00332548
-0.0479325
-0.0621802
0.0509074
-0.0434823
-0.00664659
-0.048866
-0.0550553
0.00618915
-0.0517298
0.0438458
-0.0504924
-0.0126263
-0.0219683
-0.052389
0.0504215
-0.00657562
0.0340401
0.0551799
-0.0211395
0.0348346
0.0594589
-0.0246242
0.0513574
0.00810152
0.0384005
0.0511368
-0.0624999
-0.0107927
-0.0415963
0.0565605
-0.01816
0.0398822
-0.0226177
-0.0342324
-0.00557921
-0.0562006
-0.0381041
-0.00388077
-0.0436833
0.0190142
-0.0228949
-0.00446323
0.00862616
-0.0130893
-0.00224365
0.00301117
-0.00525481
-0.0492204
-0.211643
-0.228779
-0.0245311
-0.115866
-0.0597531
-0.035294
-0.193485
-0.15116
-0.0144044
-0.0453487
-0.0266807
-0.0653762
-0.00958923
-0.0859713
-0.0136297
-0.0130511
-0.0232189
-0.0866032
0.000631822
-0.112561
-0.0754086
-0.0371519
-0.09572
-0.0861598
-0.00956019
-0.084149
0.0766941
-0.0527659
0.0416118
-0.0813383
-0.00281071
-0.0730128
-0.031401
0.0744601
-0.0343243
0.0216942
0.0406167
-0.0262282
-0.0597098
0.0253854
-0.0494679
-0.0102419
0.0464742
-0.00585745
-0.04571
0.00805351
-0.0369011
0.0450904
-0.0370369
0.0188622
0.051092
-0.0326637
0.0141908
-0.0507128
0.018049
-0.0227922
-0.0315604
0.00876826
0.0378221
0.000363008
0.0479932
0.0389084
0.0340159
0.00489244
0.0284676
-0.00309283
0.0226131
0.00212001
0.0229761
0.00970279
0.00172124
0.0118228
0.00335696
0.0050782
-0.0153814
-0.232134
-0.227024
0.0699527
0.188326
0.237374
0.0926688
0.144705
0.201488
0.097671
0.103817
0.168826
0.121865
-0.11058
0.00964254
-0.0562903
0.0408281
-0.0971185
-0.0213522
0.133678
0.0174339
0.152877
0.128528
0.0243481
0.115095
0.00451434
-0.125607
0.143041
0.0419038
-0.107763
0.149667
0.0809724
-0.0908959
0.171868
0.0779303
0.0436151
-0.0649676
0.0898584
-0.0389511
0.041926
-0.00980391
0.0725262
-0.0289112
0.0335751
-0.0490076
-0.00148479
-0.0428184
-0.0409365
-0.00188205
-0.0507403
0.0431
-0.0445849
0.0456734
-0.00257319
0.0390978
-0.033203
-0.0229978
-0.0747992
0.0601709
-0.0210728
0.0390316
0.0587606
-0.0197289
0.0341364
0.0633955
-0.0292589
0.0714968
0.0533368
0.081
-0.0276632
-0.0583823
-0.016417
-0.0296732
-0.0140102
-0.0526709
-0.0182947
-0.00460015
-0.032305
0.0105608
-0.0151609
-0.00252845
0.0038182
-0.00634659
-0.0163668
-0.210657
-0.209852
-0.0271268
-0.124033
-0.0724756
-0.0348264
-0.175026
-0.158859
-0.0107147
-0.0617609
-0.0237657
-0.0222934
-0.000925551
-0.0216615
-0.00296069
-0.020805
-0.00388625
0.0109983
-0.0481502
-0.0236999
0.00203834
-0.0127016
-0.0423751
-0.00577508
-0.0519353
-0.052975
0.00103966
-0.0557857
0.0547124
-0.0330181
0.0233114
-0.0460061
-0.00977959
-0.0226947
0.0457718
-0.0203863
0.0127536
0.0367796
-0.0179175
0.0309222
-0.0359059
0.0155196
-0.0291785
-0.00672746
0.0394204
-0.00849823
-0.0342706
0.0163532
0.0390511
-0.0248602
0.00201414
-0.0241979
-0.0100727
-0.0221838
0.0363048
-0.0182557
0.0114446
-0.0281227
0.00986697
-0.0193545
0.019177
-0.0222699
-0.000177439
0.0200242
0.00295193
0.0249166
0.00264677
0.00979587
0.00202692
0.0127478
0.00416273
0.00618965
0.0261689
-0.249832
-0.205965
0.00958065
-0.215546
-0.201077
0.0429862
0.204423
0.231312
0.0638743
0.167438
0.208579
0.0738983
0.13468
0.177715
-0.0714439
0.149374
0.106271
0.0104148
0.220793
0.214838
-0.0714539
0.00648603
-0.0198012
-0.0516531
0.11692
-0.112406
0.107394
0.0356459
0.131742
0.0193366
-0.103556
0.139202
0.0461104
-0.0842054
0.130316
0.0876627
-0.0561307
0.143793
0.0932433
0.0633615
-0.0568757
0.0344503
0.0582191
-0.0237689
0.0329978
0.0252214
-0.0665729
0.0158325
0.0423376
-0.0442197
-0.00224727
0.0518261
-0.0359936
0.00760626
0.031815
-0.0340626
0.0485549
-0.0167398
0.0459816
-0.0363854
0.0196453
0.0596934
-0.0137116
0.0386206
-0.0414571
-0.0112141
-0.0578741
0.0656637
-0.0270427
0.0459348
0.0727973
-0.0268622
0.0435384
0.0672026
-0.0236643
-0.0395395
-0.0183349
-0.0248516
-0.00745336
-0.0360658
0.0111041
-0.0185575
-0.00405674
0.00378608
-0.00784274
-0.0129872
-0.188089
-0.188013
-0.0218043
-0.137055
-0.0835652
-0.0296016
-0.158411
-0.166656
-0.0090605
-0.0745047
-0.0298655
-0.000394919
-0.00349132
0.00164339
0.000234411
-0.0300999
-0.00325694
0.0150275
-0.0208025
0.00232587
-0.000713997
0.00235735
0.00161186
0.0111246
-0.0209042
-0.0225547
0.00175218
-0.0215151
-0.019131
-0.00238405
-0.00800643
0.0310856
-0.0183319
0.00839085
-0.0197819
-0.00112228
-0.0113911
0.0269701
-0.0114505
0.00863815
-0.0173792
0.00592862
0.0248939
-0.00854077
0.0163957
0.020873
-0.00447735
0.0141456
-0.00323359
-0.017206
0.0086652
-0.0101991
-0.00700685
-0.0202719
0.0271549
-0.0157103
0.00497111
-0.0151513
-0.0051206
-0.0101802
0.0204129
-0.010546
0.00470259
-0.0138568
0.00331085
-0.0140343
0.0113522
0.00139555
0.013999
-3.52656e-05
0.00502677
0.00642232
0.0611097
-0.256142
-0.188722
0.0281788
-0.216901
-0.187367
0.00858508
-0.195952
-0.179504
0.0279009
0.186937
0.195338
0.0392957
0.156043
0.173976
-0.0456226
0.138866
0.147144
-0.0408734
0.101522
0.133103
-0.0301061
0.236686
0.190687
-0.019278
0.209965
0.167659
-0.0664662
0.244726
0.17022
-0.0992833
0.254922
0.145443
-0.0573202
0.00044393
-0.108973
0.125999
-0.106662
0.017025
0.0325396
0.0368576
0.102008
-0.0825361
0.115075
0.0477794
-0.0807149
0.128494
0.0630783
0.0999359
0.0445429
0.0574651
-0.0392487
0.0837915
0.0607024
-0.0602587
-0.0629481
0.0391791
-0.00224592
0.0554234
-0.0162444
0.0309913
0.0244321
0.0562127
0.020219
0.0425985
-0.0349923
0.00853588
0.0499883
-0.0297694
0.0149958
0.0403562
-0.0318206
0.0039708
0.0482417
-0.0285964
0.03453
0.0399975
-0.0360271
0.0114012
0.0523061
-0.0177759
0.0252632
-0.0207618
-0.0153041
-0.0390967
0.054049
-0.0287854
0.0271869
0.0487838
-0.0215968
-0.0251196
-0.0139773
0.0103167
-0.0256211
-0.00824082
0.00372104
-0.0119619
-0.0150846
-0.16442
-0.173496
-0.0330331
-0.133623
-0.107538
-0.0252292
-0.148267
-0.158853
-0.00295197
-0.104586
-0.0330519
0.00278633
-0.00604327
0.00514366
0.0009769
-0.0340288
-0.00506641
0.000447242
0.00130493
0.00205908
0.00302153
0.0021221
0.00508061
0.0100907
-0.011213
0.00208431
-0.000977174
0.00228209
0.00571895
-0.00363466
-0.0033349
0.00235771
-0.00868525
-0.00252778
0.0200763
-0.0114382
0.01399
-0.00806138
0.00255181
0.00771225
-0.0109458
-0.00034914
0.0114255
-0.00276028
0.0069481
0.0104303
-0.00348222
-0.000515552
-0.00570822
0.00294794
-0.00377846
-0.00192977
-0.0107853
-0.00536064
-0.00542469
-0.0104812
0.0136619
-0.0089593
0.00348171
-0.00699953
0.0113479
-0.00803705
0.00238858
0.0063149
-0.00627964
-0.00175741
-0.00738245
-0.157037
0.0748184
-0.247672
-0.181324
0.0586407
-0.239964
-0.15826
0.044022
-0.202282
-0.15193
-0.159313
0.111168
-0.262847
-0.136504
0.14326
-0.265405
-0.119587
0.167224
-0.255874
-0.0981816
-0.125322
0.258403
0.129601
-0.143876
0.247385
0.114526
-0.174087
0.245212
0.0732979
-0.197632
0.237338
0.0475801
0.198809
-0.254851
-0.0570655
0.207948
-0.23187
-0.0469035
-0.214063
0.222193
0.0232756
-0.00967703
0.00645983
0.161199
0.162502
0.0236861
0.138816
0.156789
0.126881
-0.0253594
0.0876321
0.131429
-0.0532957
0.223516
0.156669
-0.0183025
0.174971
0.142896
-0.071486
0.216929
0.15203
-0.089656
0.219257
0.127273
0.110415
-0.0227834
0.104744
-0.0877191
0.044485
0.0273563
0.0317968
0.068139
0.0892619
-0.0754747
0.102831
0.0530193
0.121158
-0.0201296
0.109391
0.0636618
-0.0210696
0.0847313
0.0893458
0.0600429
-0.0155582
-0.0421576
0.0399115
0.0178852
-0.0491311
0.0328864
-0.00921975
0.0476361
-0.0147497
0.0247635
0.0228723
0.0491956
0.019426
0.039197
-0.0242014
0.0073763
0.0409498
-0.0215239
0.0167482
0.0410245
-0.0336485
0.0049975
-0.0371585
0.0193825
0.0414939
-0.0300927
0.00433514
0.0316714
-0.026674
0.00157861
0.041292
-0.0219094
0.012507
-0.0166327
-0.00898888
-0.03061
0.0349241
-0.0224174
-0.0133274
-0.0172825
0.00568085
-0.01467
-0.00944533
-0.147592
-0.157712
-0.0430902
-0.0614955
-0.0478822
-0.11097
-0.0909724
-0.0285241
-0.129188
-0.139494
0.0048962
-0.0663917
-0.0291326
0.00246371
-0.00753013
0.0045858
0.00518744
-0.03432
-0.00234269
-0.00924986
-0.0250701
-0.000596431
0.00518221
-0.00448418
0.00676624
0.00447232
-0.00700013
0.000837659
0.00211662
0.00464963
0.00447432
-0.00107462
0.00191226
0.00339969
-0.00694017
-5.99639e-05
-0.00438836
0.00386052
-0.00420967
-0.000527853
0.00371222
-0.0042278
-0.000497463
0.00577468
-0.00282676
-0.00229245
-0.00193537
-0.00221654
-0.000610231
0.000693816
-0.00262359
-0.00152272
-0.00082399
-0.0017996
-0.00624869
0.00889557
-0.00650701
0.00189604
-0.00435266
0.00660511
9.81012e-05
-0.0192238
-0.128368
-0.120575
-0.0387377
-0.139799
0.104297
-0.240801
-0.135668
0.0730013
-0.208669
-0.129281
-0.168019
0.115486
-0.235074
-0.125314
0.145338
-0.24352
-0.0897355
0.166909
-0.223974
-0.0766109
-0.119063
0.233589
0.100194
-0.149382
0.22268
0.0842076
-0.176048
0.223628
0.0466323
-0.178688
0.201963
0.0449401
0.178847
-0.22575
-0.0451273
-0.206324
0.196647
-0.00436078
-0.029103
-0.0064916
0.149388
0.132325
0.00125145
0.131073
0.132681
0.109897
-0.0325023
0.184532
0.142469
-0.0286816
0.171151
0.120706
-0.0526686
0.179941
0.131864
-0.101771
0.201964
0.0781705
0.0900307
0.0198664
0.00892737
0.0804183
0.098958
-0.0740403
0.0584818
0.0287904
0.0379871
0.0714042
-0.0568814
0.0856715
0.0642767
0.102264
-0.0148934
0.0862973
0.0698379
-0.00620121
0.076039
0.0742171
-0.0536541
0.044434
-0.035769
0.0227125
-0.0473628
0.0326128
-0.00292898
0.037264
-0.00465141
0.0219971
0.0152666
0.0448694
0.0233452
0.0359676
-0.0192196
0.00231888
0.0314318
-0.00808672
0.012212
0.0307769
-0.0284585
0.00410306
0.0279596
-0.0236245
0.00605053
0.0297951
-0.0282164
0.0061704
0.0294692
-0.0253664
0.00125257
0.0264419
-0.0203916
0.0040246
0.0180638
-0.0140377
-0.000781316
-0.0245594
-0.103808
-0.153747
-0.0204092
-0.133338
-0.0133469
-0.0776255
-0.0797386
-0.0403575
-0.0991369
-0.117983
-0.119546
-0.0277977
-0.0519409
-0.0370475
0.00175069
-0.00409339
0.00693289
-0.00992146
-0.0271261
-0.00445717
0.000363799
0.0177424
-0.0276639
-0.00732772
-0.0117849
-0.00332837
-0.00845651
-0.00271405
0.00736365
0.00421884
-0.000232724
0.000172741
0.00167955
0.00197625
0.0053874
0.00537594
-0.00176417
0.00344372
0.00361176
-9.26641e-05
0.000265396
-0.00062053
0.000440453
-0.000937947
-0.000180092
5.91255e-05
-0.00199454
-0.000878831
0.000442547
-0.00105282
-0.00155199
-0.000774074
-0.000748657
-0.00182689
-0.000880146
-0.000919443
-0.0016288
0.00405339
0.000299269
-0.0012187
-0.0549805
-0.0848182
-0.158789
-0.0805876
-0.0874308
-0.165406
0.0998474
-0.225162
-0.108821
-0.196252
0.146192
-0.235927
-0.0789698
0.142749
-0.21936
-0.0931781
0.147246
-0.192373
-0.0721139
-0.121749
0.205957
0.0802151
-0.136609
0.183241
0.0693482
-0.147075
0.192015
0.036166
-0.179849
0.175488
0.0121662
-0.189255
0.160152
-0.0137669
-0.0322208
-0.0319126
0.152619
0.0991606
0.119027
0.0572355
0.0617915
-0.0390976
0.170961
0.132053
-0.0168222
0.148875
0.135797
-0.0944535
0.172624
0.0765077
-0.0997352
0.17995
0.0728889
0.0304067
0.0685513
0.0876422
0.00762115
0.0665958
0.0761724
-0.0704183
0.0356254
0.0347928
0.015879
-0.0454104
0.0681227
0.0402608
0.0427124
0.0595509
0.0585912
-0.00959679
0.0498572
0.0499539
0.00579319
0.0608026
-0.0169701
0.0525954
0.0590689
0.0648621
-0.0461906
0.0432612
0.0219319
-0.0363366
0.0316848
0.00692437
-0.0238959
0.0391621
0.00778881
-0.031765
0.0236779
0.00739713
0.0338944
-0.021683
0.00543606
0.0302125
-0.00653468
0.00852913
0.0260746
-0.0206393
0.000708505
0.015497
-0.014788
0.0257847
-0.019614
0.00539327
0.0208168
-0.00532028
0.0220699
0.00245629
0.0196931
-0.0142994
-0.0956169
-0.0239291
-0.0855526
-0.0732364
0.0338955
-0.119448
-0.0994426
0.00390167
-0.103344
-0.0917153
0.0271846
-0.0791254
0.0907984
-0.114728
0.00650559
-0.0336316
-0.0726198
-0.00079512
0.00501395
-0.000431325
0.0087525
-0.0423841
-0.0189114
-0.0012916
0.000860268
-0.00461997
0.000111037
-0.0190224
-0.00834548
0.0009028
-0.00924828
-0.00371716
-0.00120138
0.00658875
0.00381258
-0.00243942
0.0027048
0.0010043
0.000777086
0.00581167
0.00438885
0.00539316
-0.00189501
0.00101613
0.0020751
0.000629681
-0.00214274
0.000590695
-0.00112662
-0.00205165
0.000224729
-0.00146095
-0.00152826
-0.00010055
-0.00130353
-0.000818006
-0.000918558
-0.0741987
-0.091207
-0.147435
0.121456
-0.200426
-0.0747961
-0.166003
0.0940167
-0.187195
-0.106409
0.1118
-0.183914
-0.0753947
0.132356
-0.164576
-0.0515582
-0.111441
0.18079
0.068509
-0.131029
0.167195
0.049761
-0.158516
0.170683
0.00867865
-0.159061
0.145294
0.011622
-0.0192822
0.0102796
0.0773626
0.0283584
0.107438
0.0901499
0.100429
-0.0659712
0.142479
0.0829041
0.0274745
0.0799639
0.110379
-0.0768546
0.149744
0.0656243
-0.106248
0.174758
0.0434952
0.0153359
0.0608365
0.0926985
0.00644629
0.0862522
0.0215447
0.0392579
0.0823812
-0.00147167
0.0540669
0.0201233
0.0384676
0.0549159
0.0534443
-0.0311251
0.0530565
0.018732
-0.0304128
0.0491443
0.0195408
0.0580082
0.0315407
0.0333214
0.0707987
0.0212263
0.0328407
0.0545477
-0.00435562
0.0371962
-0.0350831
0.042007
0.0179732
-0.0202904
0.0276874
-0.043929
0.0236382
0.0361402
0.00586615
-0.0282897
0.0217546
-0.000602525
0.0216568
9.70713e-05
-0.030186
0.00954673
0.0231498
-0.013603
0.00836207
0.0174184
-0.00905617
0.0120983
0.0112232
0.000876296
0.013679
-0.0730951
-0.0416324
-0.0287984
-0.118637
-0.0137893
-0.077926
-0.0868844
0.0760716
-0.10487
-0.0433764
0.0373456
-0.080722
-0.0659986
-0.00183886
-0.0641598
-0.0797648
-0.0403494
-0.0322704
-0.0819817
-0.0190698
-0.0233143
-0.0513402
-0.000404162
0.00421672
0.000456117
0.00719414
-0.0305084
-0.0118282
0.0004555
6.38363e-07
-0.00326165
0.00463663
-0.0164648
-0.00461164
-0.00787329
-0.00122629
0.00703793
0.00299046
-0.00456379
0.00519347
0.000829358
0.00339582
0.00364214
0.00422518
-0.00423203
0.00310538
0.000961448
-0.00324373
0.00178276
-0.000138337
-0.00237075
0.00106722
-0.000587981
-0.00098025
8.69671e-05
-0.0576515
-0.060985
0.0645686
-0.170977
-0.101434
-0.159086
-0.0411063
-0.117979
0.0893642
-0.164759
-0.0816132
0.103104
-0.154662
-0.0616552
0.114635
-0.133917
-0.0400263
-0.0995507
0.149312
0.0752069
-0.142801
0.15148
0.00651084
-0.129414
0.141036
0.022066
0.00711878
-0.0678615
0.143068
-0.0126766
0.0926405
0.0877528
0.0941992
-0.0333856
0.126026
0.0769931
0.142617
0.0339005
0.0602987
0.127403
0.0152143
0.170898
0.103037
0.0485374
0.0377149
0.082438
-0.0262055
0.0639205
0.0788573
0.003524
0.0526518
0.0527665
0.0180323
0.0562905
0.0373683
0.0160758
0.0330127
0.0337723
0.0242355
0.0498479
-0.0269668
0.0449394
0.0221772
0.0464124
0.0366692
0.0178785
0.0547014
0.0239905
0.0132057
0.0418689
0.0256202
0.00739238
0.0388258
-0.0288159
0.0346816
0.0161232
-0.0219127
0.0213098
0.00172467
-0.0230332
0.0247572
0.0116478
-0.0228227
0.0229192
-0.00151352
-0.0257505
0.0121468
-0.00283138
0.0196449
-0.00749728
0.0105879
0.00908597
0.00149989
-0.0421567
-0.039825
-0.0207338
-0.0661505
-0.0628905
-0.0687784
-0.0360916
-0.129763
-0.00147566
-0.0782891
-0.0676262
0.0678445
-0.103936
-0.0128776
-0.0770373
0.0078239
-0.0848612
-0.0704652
-0.025102
-0.0262381
-0.0649271
-0.0113407
-0.0191677
-0.0375788
-0.000281243
0.00327173
-0.000280578
0.00971662
-0.0288843
-0.00674823
0.00559317
-0.0123414
-0.0022801
-0.00256066
-0.000409336
0.00405148
0.00286242
-0.00381464
0.00477607
-0.000410539
0.00446205
-0.00265607
0.00251773
0.00212003
-0.00211988
0.00153193
0.000397861
-0.000826126
0.000705806
0.0804646
-0.121571
-0.0492987
0.0529986
-0.134612
-0.0649808
0.0759542
-0.140935
-0.0456167
0.0786102
-0.140265
-0.0560014
0.0992678
-0.139294
-0.0409975
0.106867
-0.0997485
-0.0324265
0.130227
0.0128414
0.136738
-0.129251
0.151317
0.00748721
0.0515685
0.0635424
0.0188957
0.0967833
0.0062537
0.109625
0.119302
-0.00967711
0.0221841
0.103842
0.0824828
0.119056
0.00505034
0.0584921
0.0875332
0.0969755
0.022081
0.103229
-0.049945
0.0688408
0.0139755
0.0435017
0.00915027
0.0574772
0.0528268
0.00346381
0.0619771
0.044297
0.0104045
0.0477608
0.0331943
0.0166534
0.0405865
-0.0197107
0.0358334
0.0267015
0.0433546
0.0313498
0.0105191
0.0417542
0.0186691
0.0201566
0.0291881
0.030321
0.0102652
0.00588603
0.0244348
0.0260426
-0.0167602
0.0284074
0.019073
-0.0182293
0.016715
0.00652734
-0.00963501
0.0161619
0.0187721
-0.0160725
0.0132405
0.00064223
-0.0159789
0.00848086
-0.00273826
-0.00724903
0.00123129
-0.0321057
-0.0328214
-0.0113165
-0.051574
-0.0434222
-0.0104089
-0.0572172
-0.0619829
-0.058418
-0.045518
-0.107717
-0.00982212
-0.0606431
-0.0670394
-0.058823
-0.0260382
-0.104341
-0.0866812
-0.0165017
-0.0210771
-0.0493232
-0.0148656
-0.0140187
-0.0359427
-0.000852578
-0.00170807
-0.00124268
0.000390126
0.00161974
0.0040856
-0.0181043
-0.00825576
-0.00102765
-0.00722808
-0.0027357
-0.00201833
-0.00071734
0.000723299
0.00373875
0.00234306
-0.000677632
0.00279767
0.00306115
-0.000715459
0.00111334
0.00208222
-0.00058841
0.00052493
0.0702707
-0.115887
-0.0374459
0.0747912
-0.130793
-0.0661436
0.0704105
-0.136554
-0.0454768
0.102121
-0.143118
-0.0286717
0.118295
-0.0667267
0.0858689
-0.057249
-0.124039
0.0573125
0.112357
0.00694544
0.119844
-0.00419521
0.0157109
0.0531301
0.074203
0.0966505
0.00657887
0.0869735
0.0943276
-0.00735402
0.101273
0.0129301
0.0746031
0.0871332
0.0966842
0.074362
0.0223223
0.080941
0.057977
-0.000499639
0.0203812
0.0375959
0.0735114
0.0508975
0.0110797
0.0503979
0.0504223
-2.42492e-05
0.0436518
0.00410911
0.0547316
0.0356949
0.00605931
0.0398041
-0.0163972
0.0354698
0.0269572
0.0372221
0.00029818
0.0257442
0.0294862
0.0355456
0.00768376
0.029538
0.0321184
0.00942583
0.0226924
0.0351701
0.0163933
0.019076
0.00383719
0.0149345
0.0202303
-0.0139209
0.0145627
0.00224073
0.0171751
-0.0113635
0.00862503
0.0031992
-0.00460432
0.00402025
0.0075796
-0.0510018
-0.0417435
-0.00654805
-0.0351955
-0.00317614
-0.0588067
-0.054178
0.00047439
-0.0675137
-0.0583324
0.0555652
-0.093011
-0.0487758
-0.00377897
-0.0829022
-0.0712927
0.027114
-0.0758898
-0.0557882
-0.0232172
-0.0127255
-0.0297652
-0.0130176
-0.0167476
-0.00954076
-0.00856353
-0.0222662
0.00134324
-0.000953062
-0.000675064
0.00139001
0.00432955
-0.012893
-0.00289852
-0.00361583
-0.000945267
-0.00267052
-0.00162033
0.00116141
0.00189977
0.00255145
0.000463271
0.00161897
0.00236306
-0.00080147
0.000817503
0.0654876
-0.110964
-0.0275233
0.0854255
-0.114097
-0.0511284
0.0654768
-0.116605
-0.0454874
0.147282
-0.0899692
0.0900328
-0.0240642
-0.0933053
0.00333623
0.108376
-0.00710242
0.104181
0.0108752
0.0116612
0.0618503
0.0987944
-0.0844432
0.077341
0.0820961
-0.00115504
0.0747422
-0.00970099
0.053714
0.0450805
0.0760364
0.061655
0.0143815
0.0605
0.0206448
0.0297777
0.0582408
0.0159566
0.0422843
0.077807
0.0503585
0.00437325
0.0503344
-0.0234221
0.0531999
0.0269124
0.0364165
0.0033876
0.0407899
0.041336
-0.00579049
0.0447237
-0.003394
0.0224693
0.0261437
0.0357648
-0.000594965
0.0299744
0.00872133
0.0174219
0.0314136
0.0308185
0.00545819
0.0147714
0.027927
0.00339111
0.0137837
0.0181621
-0.0041024
0.00730156
0.00968109
-0.00233833
0.00496325
0.00483797
-0.0590159
-0.0303575
-0.0433751
-0.00092127
-0.057411
-0.0599372
-0.00693899
-0.0643536
-0.06435
-0.0692698
-0.00661995
-0.096793
-0.0587422
0.00295413
-0.0653621
-0.0613995
-0.0140355
-0.0293396
-0.0125228
-0.0097434
-0.0292704
-0.0220157
-0.00725464
0.00781264
-0.0218482
-0.0142031
-0.00609506
-0.00679793
-0.0158384
-0.00206471
0.000444414
0.000486741
2.1426e-05
-0.0068193
-0.00264908
-0.00131336
-0.00133571
-0.00086896
0.00129191
0.00107117
0.00177865
-0.000135703
0.000935466
-0.0729665
-0.0238265
0.0401711
-0.0856585
-0.0327953
0.0979682
-0.122032
-0.0186369
0.0522162
-0.0708531
-0.0334422
0.0856176
-0.0747422
0.0889538
-0.0330782
0.0979468
-0.0206057
0.0232047
0.0628939
-0.095972
-0.0737317
0.0531261
0.0364639
0.0413432
0.0815444
0.0897883
-0.0292882
0.0800874
0.00635577
0.052357
0.0291876
0.0667385
0.0374503
0.022828
0.030372
0.0651123
0.0294969
0.0356155
0.0708402
0.0491421
-0.00835203
0.0231693
0.025973
0.0500818
0.0280091
0.0220729
0.0583812
0.0443058
0.000417872
0.0359539
0.039407
-0.00943271
0.039825
0.0120832
0.015843
0.0295048
0.0330368
-0.00221859
0.0236041
0.020155
0.00934937
0.0179363
0.0069793
0.011182
0.0228214
0.00373479
0.00594588
0.0149161
-0.00119327
0.0047525
-0.00753887
-0.0523983
-0.0368785
-0.00674925
-0.0546502
-0.0565387
-0.0078113
-0.0632879
-0.0602096
0.0336745
-0.0575009
0.0779672
-0.0442926
0.0126051
-0.0420451
0.00783866
-0.0447171
0.0284132
-0.0205745
0.00656502
-0.00871677
-0.00712165
-0.0159714
0.0202822
-0.0137172
0.00607916
-0.00989222
-0.0026993
-0.00411993
-0.00982092
-0.00181988
0.000950935
-4.12226e-05
-0.000518007
-0.00360189
-0.00185371
-0.000902776
0.000920479
0.000879256
0.0541862
-0.0869814
-0.00331463
0.0462535
-0.0796956
-0.0407278
0.0974951
-0.034601
0.026642
-0.0530535
0.0682343
-0.015108
0.0914392
-0.00453268
-0.0619707
0.0468628
0.0532061
-0.0577386
0.0739707
-0.0207645
0.0393698
0.0671161
-0.0607603
0.00514552
0.0459929
0.0248473
0.0751805
0.0439807
0.0311999
0.081431
0.0206708
0.0299932
0.0283881
0.0656087
0.0371709
0.0284379
0.0620183
0.0429919
-0.00703773
0.0278615
0.0151306
0.0538347
0.0323939
0.0214409
0.054467
0.0291843
0.0252829
0.0575725
0.0422633
-0.00243823
0.0352258
0.0325789
-0.00897498
0.0301408
0.0119075
0.0109134
0.0212566
0.00834473
0.0129108
0.0262809
0.0173053
0.00832479
0.00659074
0.0192374
-0.000681028
0.00590974
0.00234006
-0.0625496
-0.042377
0.0292695
-0.0713145
-0.0340184
0.0216342
-0.0556526
-0.0409154
0.044505
-0.0478196
0.000212485
0.0480577
-0.0478452
-0.0232567
-0.00184863
-0.0405284
0.0260518
-0.0279004
0.00547733
0.0190051
-0.0135278
0.00528796
-0.00281527
-0.0070056
0.0127075
-0.0074195
-0.000107924
-0.00349388
-0.00711352
-0.00042859
-0.00306525
-0.00133137
-0.0642481
0.0164286
0.0512077
-0.0460621
0.0239884
-0.0647161
-0.0402597
0.0746165
-0.0352466
0.0215631
-0.043153
0.0400263
0.0111815
0.0868892
0.0291507
-0.0343916
0.0455733
0.0626208
-0.03347
0.0418564
0.0567234
-0.0148669
0.0214769
0.0663925
-0.0457215
0.0203305
0.0448989
0.0171196
0.0760989
0.0303774
0.0239403
0.0336322
0.0523782
0.0393993
0.012979
0.0565189
-0.0283718
0.0620042
0.0385167
-0.00329063
0.0318114
0.00670567
0.0469422
0.0337805
0.013162
0.0552217
0.0370131
0.0182087
0.0622962
0.0339244
0.0329945
-0.00285273
0.0297041
0.0246345
-0.00732915
0.0217817
0.00766337
0.011573
0.0205738
0.0132435
-0.00249781
0.00907491
0.006173
-0.0470883
-0.0343554
0.0379965
-0.0612531
-0.0176561
-0.0647444
0.0584035
-0.0419748
0.0105583
-0.0506948
0.00603556
-0.040391
0.0255644
-0.0195288
-0.00233601
0.0132372
-0.0155731
-0.000290623
0.00840637
-0.00869701
0.000986879
-0.00612662
-0.00078587
-0.00534072
-0.0485385
0.00656373
0.0182315
-0.0584911
-0.030307
0.0537451
-0.0334144
0.0193535
0.0706464
-0.0491693
0.0274935
-0.0309976
0.0446157
-0.0252621
0.0311981
0.0134177
0.0767714
0.0433015
0.0619959
-0.0186943
0.047129
-0.00204019
0.0643304
-0.0339528
0.030916
0.066547
-0.010028
0.0325942
0.0339757
0.0280285
0.0469548
0.0470424
-8.76646e-05
0.0370145
-0.0233043
0.0513329
0.0563159
-0.0223914
0.0330116
0.023414
0.0062909
0.0301199
0.0244745
0.00564573
0.0376366
0.031889
0.00574801
0.0500978
0.0277064
0.0194557
0.00232692
0.025747
-0.00114715
0.0120964
0.014425
0.00245209
-0.0671964
-0.0379389
0.0579722
-0.0514084
0.00727751
-0.0599189
-0.000653429
-0.0372855
0.0211259
-0.0217793
0.00159712
0.0147793
-0.0131822
-0.000793696
0.00592093
-0.00671451
-0.00277609
0.0218692
-0.0521761
-0.0295392
0.0296432
-0.0606406
-0.0225329
0.0623971
-0.031481
0.0371351
0.0505859
-0.052626
-0.0100547
0.0447112
-0.00757591
0.0581289
0.0621942
-0.00406509
0.0435
-0.00912591
0.0575577
-0.0249634
0.0260768
0.044804
-0.0187271
0.058723
-0.0217084
0.0337596
0.0539009
-0.00256793
0.0538133
0.0577999
-0.00398659
0.0360915
0.0488958
-0.0158842
0.0463279
0.0451929
-0.0174864
0.0293087
0.020604
0.00514389
0.0262501
0.024031
0.00221948
0.0297791
0.0122929
0.0142173
0.0193609
0.00858884
-0.0685076
-0.0286966
0.0283357
-0.0578748
-0.0401719
0.00607958
-0.0347762
0.0255419
-0.0194623
0.00376253
0.0147953
-0.0110328
0.00161322
0.00673135
-0.00511803
0.0353531
-0.0578858
-0.0225217
0.0403658
-0.0504203
-0.01752
0.0578532
-0.013049
0.0502773
0.0421468
-0.0512726
-0.00827347
0.0487153
0.00156211
0.0446503
-0.00662223
0.0209391
-0.033988
0.0451876
-0.0242485
0.0526098
-0.0188501
0.0338827
-0.000105225
0.0590075
-0.0229159
0.0401575
0.0588016
-0.0124737
0.054815
0.0318992
0.0459353
-0.0166267
0.0334617
0.0289931
-0.0167002
0.0123666
0.013608
0.0158275
-0.000872745
0.0109703
-0.0511421
-0.0238058
0.0211151
-0.0436368
-0.030027
0.00839937
-0.0322052
0.0221322
-0.0137328
0.00266995
0.0131795
-0.0105096
0.00214681
0.00631363
-0.00416675
0.0227131
-0.040233
-0.0209236
0.0354081
-0.0436815
-0.00482491
0.0506063
-0.00541857
0.0521685
0.0460339
0.00613474
0.0394117
-0.0042697
0.0370045
-0.0371096
0.0127561
0.0356427
-0.0228865
0.0302242
0.0577054
-0.0175478
0.0205959
0.0462374
-0.0143381
0.0286897
0.0414755
-0.00801368
0.0271374
0.0216741
-0.00930733
0.0136604
0.0132235
0.00391608
0.00367049
-0.0336975
-0.0285347
0.0140127
-0.0349363
-0.0196847
0.000732139
-0.0292668
0.0162751
-0.0155429
0.00254231
0.0120313
-0.00948896
0.00152179
0.00508848
-0.00356662
0.0367034
-0.00647913
0.0322011
-0.037026
-0.00273516
0.0368357
-0.0411052
-0.00019028
0.0332855
0.00341797
0.0394203
-0.00168487
0.0388157
-0.0182197
0.0159292
0.0287403
-0.012811
0.0319377
-0.00319731
0.0254586
0.0415997
-0.0129099
0.02338
0.0358091
-0.00867173
0.0228993
0.0198239
-0.00616336
0.0111522
0.0101249
0.00396183
0.0313505
-0.0340856
0.0116659
-0.0176009
0.00669592
-0.0242967
0.0183173
-0.0116214
0.0027744
0.0110149
-0.0082405
0.00152602
0.00468775
-0.00316168
0.0265483
-0.00108959
0.0299663
0.0362903
-0.0364805
0.00220471
0.0351053
-0.00513896
0.0334205
-0.00305989
0.0294274
-0.00604732
0.0166165
0.0184375
-0.00182099
0.0152403
-0.0247263
0.0236368
0.0239498
-0.00870953
-0.000776396
0.0263912
-0.00349181
0.0203439
0.0154349
-0.00428259
0.0119432
0.00794194
0.00365949
0.0222905
-0.0200857
-0.00200626
0.0139047
-0.0159108
0.00228331
0.0102346
-0.0079512
0.00199411
0.0040574
-0.00206322
0.0252858
-0.00164891
0.0201469
0.0280855
-0.00793852
0.0250257
0.00494008
0.0232555
-0.00291149
0.0214345
0.012725
-0.0158005
0.0141516
0.0147513
-0.00202616
0.0139749
-0.00182552
0.0140384
-0.00209511
0.011127
0.00635812
0.00426317
0.018267
-0.0133268
0.00235621
0.0109424
-0.00858608
0.00299121
-0.000312658
0.0033039
-0.00491336
0.0170414
-0.00288967
0.00910293
0.015163
-0.00605998
0.0160806
-0.000917572
0.00275379
-0.0108204
0.00793082
0.012962
-0.00183492
0.0109359
0.0120941
-0.00115814
0.0102686
-0.00055175
0.0057461
0.00391124
0.0107905
-0.00803661
0.00220445
0.004615
-0.00241049
-0.000298354
-0.000858039
0.0116578
-0.00372695
0.00559788
0.00762115
-0.00202321
0.00670361
-0.00133298
0.0084697
-0.00902134
0.00474279
0.0052667
0.00410859
-0.00491265
0.00170342
0.00292048
-0.00425339
0.000510023
0.00103889
-0.000528839
0.00628484
-0.00154195
0.00426168
8.32012e-06
0.00204437
-0.000340871
0.000502448
0.000109681
0.00057965
-0.000571297
0.000266298
0.000768776
)
;

boundaryField
{
    top
    {
        type            symmetryPlane;
        value           uniform 0;
    }
    bottom
    {
        type            symmetryPlane;
        value           uniform 0;
    }
    inlet
    {
        type            calculated;
        value           nonuniform List<scalar> 
17
(
-0.97042
-0.92719
-0.97042
-0.8859
-0.92719
-0.85771
-0.8859
-0.85697
-0.85771
-0.85735
-0.85697
-0.85772
-0.85735
-0.85783
-0.85772
-0.85782
-0.85783
)
;
    }
    outlet
    {
        type            calculated;
        value           nonuniform List<scalar> 
17
(
0.982048
0.938656
0.897653
0.869417
0.870678
0.897675
0.8697
0.876295
0.93876
0.869076
0.814423
0.868781
0.981956
0.877397
0.762963
0.877926
0.806596
)
;
    }
    deck
    {
        type            calculated;
        value           uniform 0;
    }
    frontAndBack
    {
        type            empty;
        value           nonuniform List<scalar> 0();
    }
    defaultFaces
    {
        type            empty;
        value           nonuniform List<scalar> 0();
    }
}


// ************************************************************************* //
