/*--------------------------------*- C++ -*----------------------------------*\
  =========                 |
  \\      /  F ield         | OpenFOAM: The Open Source CFD Toolbox
   \\    /   O peration     | Website:  https://openfoam.org
    \\  /    A nd           | Version:  8
     \\/     M anipulation  |
\*---------------------------------------------------------------------------*/
FoamFile
{
    version     2.0;
    format      ascii;
    class       volVectorField;
    location    "0.011";
    object      U;
}
// * * * * * * * * * * * * * * * * * * * * * * * * * * * * * * * * * * * * * //

dimensions      [0 1 -1 0 0 0 0];

internalField   nonuniform List<vector> 
656
(
(0.743277 0.0565273 -9.66617e-25)
(0.927892 0.0140917 1.86496e-24)
(0.954226 -0.00127322 0)
(-0.0911336 0.118703 2.3507e-23)
(0.556388 0.0975744 1.11881e-23)
(0.83912 0.000843711 0)
(-0.0571685 0.067163 -4.98259e-23)
(-0.0145758 0.018855 9.71011e-24)
(0.966843 -0.000174006 0)
(-0.000635217 0.13645 -2.41777e-24)
(-0.00336504 0.189659 -7.9667e-23)
(-0.117936 0.171301 0)
(0.375172 0.13936 1.00515e-23)
(0.710972 0.00887938 0)
(0.886203 0.00111881 -1.69827e-22)
(0.898782 0.0004089 4.80559e-23)
(0.0010013 0.0812228 1.0719e-23)
(0.0013726 0.0264067 0)
(0.969491 -0.00011388 -3.44934e-23)
(0.903292 0.000147231 -1.45111e-22)
(-0.0124133 0.0880732 7.84066e-23)
(-0.00524708 0.0597896 0)
(-0.0239576 0.118227 1.3552e-24)
(-0.00855551 0.237393 1.58689e-22)
(-0.13653 0.221885 -1.71728e-22)
(0.208734 0.179303 -2.26327e-23)
(0.571286 0.0234893 0)
(0.791905 0.00583065 2.65501e-22)
(0.815425 0.00248672 -8.90759e-23)
(-0.00144685 0.0339953 0)
(-0.00015223 0.010933 0)
(0.904737 6.61472e-05 5.24094e-23)
(0.970144 -8.31986e-05 -3.72007e-23)
(0.824352 0.0011634 1.97919e-22)
(0.827493 0.000527706 -5.28812e-23)
(0.830974 3.42266e-05 -1.12272e-22)
(-0.00647824 0.0570853 -1.07029e-22)
(-0.00268471 0.0385103 1.7311e-23)
(-0.0131755 0.0769775 -1.91376e-22)
(-0.040887 0.149156 -1.60269e-22)
(-0.017948 0.275562 1.69214e-22)
(-0.144593 0.266752 -5.97886e-24)
(0.0659152 0.215551 4.5582e-22)
(0.424042 0.0451213 0)
(0.683145 0.0149102 0)
(0.718229 0.00674706 -3.71466e-22)
(-0.000788264 0.0217348 -5.4772e-24)
(-0.000125096 0.00693128 0)
(0.833097 -0.000640686 1.24923e-22)
(0.906578 2.37334e-05 -2.87768e-23)
(0.970139 -4.17245e-05 5.05512e-24)
(0.731929 0.0033035 0)
(0.736947 0.00152148 0)
(0.742289 6.33888e-05 -1.10016e-22)
(0.745513 -0.00183793 4.76812e-22)
(0.735702 -0.00489747 0)
(-0.00970563 0.0341318 2.03954e-22)
(-0.00470998 0.024198 3.00066e-22)
(-0.00191252 0.0156338 -2.92641e-22)
(-0.0238676 0.0971389 -1.88389e-22)
(-0.0180046 0.0451703 5.94612e-22)
(0.274601 0.0752341 -1.32899e-22)
(0.559931 0.0293079 1.75585e-22)
(0.60639 0.0140098 -5.24199e-22)
(-0.000530845 0.00842364 4.63623e-23)
(-7.03869e-05 0.00245421 6.19984e-23)
(0.826421 -0.00174634 -2.64916e-22)
(0.907859 -6.00923e-05 8.86365e-23)
(0.970614 1.37951e-05 5.71577e-24)
(0.706805 -0.0136786 -1.08742e-23)
(0.624962 0.00700797 0)
(0.631927 0.00332297 1.97785e-22)
(0.639428 0.000174093 2.10508e-22)
(0.644085 -0.00379292 -9.14949e-22)
(0.631344 -0.0102896 2.36294e-22)
(-0.00782502 0.0133229 9.06708e-22)
(-0.00380157 0.00896082 -5.12697e-24)
(-0.00171901 0.00554861 0)
(-0.000611403 0.00307355 1.07812e-22)
(0.423927 0.0509208 0)
(0.480485 0.0257484 6.70417e-22)
(-8.97914e-05 0.00138048 -1.02064e-22)
(4.86612e-05 0.000281862 -3.14562e-23)
(0.59327 -0.0226103 4.87934e-22)
(0.807297 -0.00530724 1.54631e-22)
(0.904328 -0.000216564 0)
(0.971232 6.40277e-05 -5.48339e-23)
(0.592098 -0.0271272 -2.99381e-22)
(0.451892 -0.0442028 7.45852e-22)
(0.246222 -0.188946 -9.02549e-22)
(0.503353 0.0132037 0)
(0.511965 0.00627209 4.8095e-23)
(0.521885 0.00055935 -1.49855e-22)
(0.528474 -0.00693004 5.30427e-22)
(0.513503 -0.0191495 -9.04011e-22)
(-0.01416 0.00578813 3.83667e-22)
(-0.00911879 0.00289122 -4.08236e-22)
(-0.00548225 0.00133658 -2.02211e-22)
(-0.0029746 0.000470003 4.01494e-22)
(-0.00130921 5.32061e-05 4.83216e-23)
(-0.00025314 -5.20353e-05 -2.92181e-23)
(-0.138204 -0.245383 5.98521e-23)
(0.408649 -0.147149 -6.27269e-23)
(0.725443 -0.00844667 -8.19938e-22)
(0.894192 -0.000956615 0)
(0.970646 0.000141686 0)
(0.463481 -0.0482708 5.70653e-22)
(0.304113 -0.0750667 -2.88077e-22)
(0.0985989 -0.226321 1.05048e-22)
(-0.144317 -0.290841 1.41129e-21)
(-0.0426614 0.00986251 0)
(-0.0315694 0.00520936 1.92891e-22)
(-0.0221535 0.00258546 -6.81376e-22)
(-0.0142244 0.00105941 1.89976e-22)
(-0.00759551 0.000286034 -4.52654e-23)
(-0.00206059 3.53914e-05 -2.81047e-23)
(-0.00913439 -0.274113 0)
(-0.12139 -0.191938 0)
(0.581081 -0.103134 5.00468e-22)
(0.846534 -0.000758239 -4.12303e-23)
(0.968578 0.000220834 -1.06844e-22)
(-0.0185968 -0.313217 -1.6803e-21)
(-0.066874 0.00816624 0)
(-0.050507 0.00458233 2.0068e-22)
(-0.0361621 0.00232476 -2.06362e-24)
(-0.0237038 0.00100846 9.94701e-23)
(-0.0129631 0.000326364 -4.67644e-23)
(-0.00376539 7.57676e-05 0)
(-0.0278379 -0.144641 -5.65494e-22)
(-0.00369674 -0.22261 0)
(-0.0952586 -0.13456 5.15923e-22)
(0.757072 -0.0597619 0)
(0.955523 0.00134731 7.93534e-23)
(-0.0469837 -0.179259 0)
(-0.083808 0.0063168 0)
(-0.0638788 0.00356657 1.25132e-22)
(-0.0461268 0.00184188 -3.63152e-22)
(-0.0304993 0.000825421 1.17651e-22)
(-0.0168864 0.000294545 5.24701e-23)
(-0.00510628 8.76836e-05 -1.7635e-23)
(-0.0142911 -0.100576 2.89167e-22)
(-0.0147001 -0.109284 0)
(-0.000573273 -0.162344 -4.52312e-22)
(-0.0605477 -0.0768721 4.36866e-22)
(0.931236 -0.0147602 0)
(-0.025781 -0.124308 0)
(-0.0894026 0.00522508 1.59471e-22)
(-0.0681411 0.00301013 -1.54086e-22)
(-0.0492343 0.00155628 1.49235e-22)
(-0.0325894 0.000696194 -2.86095e-22)
(-0.0180934 0.00024876 3.93529e-22)
(-0.00559147 7.30463e-05 -5.24896e-23)
(-0.0110776 -0.0554852 2.50894e-22)
(-0.00709201 -0.0758703 -5.37499e-22)
(-0.00605557 -0.0748627 1.55674e-22)
(0.00168017 -0.0970879 -4.68692e-22)
(-0.0141572 -0.0212547 1.32396e-23)
(-0.0198367 -0.0702824 0)
(-0.0116871 -0.0386547 -5.65679e-23)
(-0.088522 0.00553587 -1.96362e-22)
(-0.0673154 0.00359711 7.92087e-22)
(-0.0486359 0.00196974 -7.56278e-22)
(-0.0322645 0.000865675 0)
(-0.0179696 0.000277144 0)
(-0.00562959 6.32557e-05 -5.77168e-24)
(-0.0064581 -0.030463 1.20689e-22)
(-0.00555971 -0.0410498 3.19342e-24)
(-0.00279229 -0.0518692 4.09782e-22)
(-0.0012953 -0.0425502 -1.53083e-22)
(0.00231618 -0.0300206 0)
(-0.00656247 -0.0197155 9.14085e-22)
(-0.0514871 0.00289018 8.62224e-22)
(-0.0339127 0.00190201 -8.92135e-22)
(-0.0187315 0.000693477 0)
(-0.00579942 0.000127603 -8.10787e-24)
(-0.00363831 -0.0151643 -2.42294e-22)
(-0.00319074 -0.0224216 -9.43672e-23)
(-0.00227954 -0.0276272 1.95054e-22)
(-0.000591445 -0.0294874 -1.33351e-22)
(0.000169204 -0.0129076 5.07442e-23)
(-0.00362112 -0.00880013 0)
(-0.00215087 0.00602799 -1.02941e-21)
(-0.0402664 0.00076407 0)
(-0.0141546 0.00028887 -2.82381e-23)
(-0.00165875 -0.00332022 0)
(-0.00195753 -0.00666938 -2.45689e-22)
(-0.00178429 -0.0109209 -4.71489e-22)
(-0.0013102 -0.0150006 -6.44502e-23)
(-0.000599925 -0.0155384 1.31113e-22)
(7.42165e-05 -0.00921466 -5.09396e-23)
(-0.00105259 0.0030145 2.10901e-21)
(-0.0010853 0.00401241 2.19002e-21)
(-0.00233416 0.00485657 7.04015e-23)
(-0.000684799 -0.00105157 -4.90061e-22)
(-0.000868271 -0.00236627 -3.67365e-25)
(-0.000934415 -0.00471307 1.27253e-22)
(-0.000732585 -0.00716475 3.82066e-22)
(-0.000365096 -0.00839792 7.86546e-24)
(-4.9654e-05 -0.00489509 -2.35373e-23)
(-0.000479303 0.00136894 -9.55372e-25)
(-0.000490104 0.00182788 -1.76364e-21)
(-0.000478167 0.002614 -5.29452e-22)
(-0.00104666 0.00261324 0)
(-0.00236367 0.00823214 1.501e-21)
(-0.000200977 -0.000170566 -2.63254e-22)
(-0.000329103 -0.000674899 2.61314e-22)
(-0.000395526 -0.00156307 1.30475e-22)
(-0.000375541 -0.00302821 0)
(-0.000209448 -0.00394073 -1.25257e-22)
(-4.59245e-05 -0.00266022 1.76919e-23)
(-0.000243827 0.000298273 8.40256e-22)
(-0.000199184 0.00075288 3.38503e-22)
(-0.000203162 0.00102425 1.98933e-22)
(-0.000164032 0.0015637 5.39349e-23)
(-0.000266405 0.00122176 -6.13709e-23)
(-0.000345934 0.00207856 1.08071e-21)
(-2.80137e-05 2.82743e-05 1.10023e-21)
(-7.51686e-05 -3.75747e-05 -4.11645e-22)
(-0.000136333 -0.000388137 -2.68891e-22)
(-0.000149714 -0.000933105 -1.30863e-22)
(-0.00010408 -0.00162867 0)
(-3.10951e-05 -0.0012276 -1.15632e-23)
(-3.42414e-05 -0.000201063 0)
(-9.28649e-05 5.06433e-05 -2.9038e-22)
(-7.17579e-05 0.000366151 -9.99662e-22)
(-6.58046e-05 0.000508496 3.24871e-22)
(-2.94159e-05 0.000778118 -3.59881e-22)
(-1.40361e-05 0.000268673 9.67051e-24)
(3.53159e-05 4.44582e-06 -4.77814e-22)
(9.91624e-07 5.57426e-05 7.28382e-22)
(-2.32791e-05 3.7411e-05 -7.04756e-22)
(-4.57334e-05 -0.00019261 1.34794e-22)
(-3.50744e-05 -0.000462049 0)
(-1.32743e-05 -0.000491203 1.14332e-23)
(5.54625e-05 -0.000160232 0)
(4.68116e-06 -0.000264332 5.59383e-22)
(-3.02157e-05 -7.20905e-05 7.2754e-22)
(-1.78366e-05 0.000144097 9.52483e-22)
(-7.49181e-06 0.000200345 -3.37156e-22)
(3.56046e-06 0.000210942 -2.21611e-23)
(-3.80772e-05 -8.35512e-06 -5.70739e-22)
(5.83796e-05 3.746e-06 0)
(5.23924e-06 6.02928e-05 5.23056e-22)
(-4.00418e-06 6.30285e-05 0)
(-6.80484e-06 -7.29356e-05 0)
(-4.7148e-07 -0.000123135 0)
(0.000160371 -2.49532e-05 6.37172e-22)
(4.32585e-05 -0.000158254 -5.78459e-22)
(1.14093e-05 -0.000257275 -5.69204e-22)
(-5.30483e-06 -0.000107513 -4.24604e-22)
(2.50512e-06 3.37948e-05 -4.40772e-22)
(5.91011e-06 3.57091e-05 1.3214e-23)
(-8.96148e-05 1.15184e-05 0)
(2.68638e-05 -4.44901e-07 1.43016e-22)
(5.83339e-05 3.70426e-06 0)
(4.84283e-06 4.98944e-05 1.82082e-27)
(2.87025e-06 5.33664e-05 0)
(3.15977e-06 -1.07207e-05 -9.13255e-23)
(-1.8129e-05 4.76804e-05 0)
(0.000157127 2.26337e-05 -5.75071e-22)
(0.000150211 -2.03782e-05 -1.60276e-22)
(2.53842e-05 -0.000131333 2.96748e-22)
(1.07566e-05 -0.000205576 -4.21822e-22)
(4.00887e-06 -8.71111e-05 -1.33578e-22)
(5.28733e-06 -3.77364e-06 9.28463e-23)
(-4.70158e-06 7.6684e-06 -1.92014e-23)
(5.17772e-05 1.19041e-06 -2.13882e-22)
(4.63421e-05 2.75376e-06 0)
(2.622e-06 3.12913e-05 -1.10035e-22)
(3.42537e-06 2.09166e-05 9.2128e-23)
(5.35188e-05 2.41847e-05 2.13431e-24)
(0.000185344 4.95194e-06 6.458e-22)
(0.000121967 -1.27427e-05 -6.1232e-27)
(1.21356e-05 -9.38796e-05 1.08835e-25)
(7.41976e-06 -0.000128858 -2.69721e-22)
(4.62542e-06 -3.3736e-05 8.49791e-23)
(3.44269e-05 4.51476e-06 1.5116e-22)
(5.17546e-05 2.07584e-06 1.04354e-22)
(2.8521e-05 1.58557e-06 -1.28386e-22)
(1.05308e-06 9.30254e-06 2.33933e-23)
(7.91745e-05 1.14514e-05 2.12973e-24)
(0.000172712 4.19721e-07 -1.42863e-22)
(8.65521e-05 -6.76802e-06 4.6132e-22)
(4.05143e-06 -5.35184e-05 -2.16182e-22)
(4.08706e-06 -4.06169e-05 3.17384e-26)
(4.37079e-05 2.40701e-06 0)
(3.68014e-05 1.90115e-06 1.15834e-22)
(8.53687e-06 7.18808e-07 8.10853e-23)
(7.50633e-05 4.11265e-06 0)
(0.000135628 -1.89075e-06 -2.08937e-22)
(4.95789e-05 -2.67318e-06 4.02284e-22)
(8.70793e-07 -1.449e-05 4.47487e-23)
(3.43664e-05 1.15667e-06 -9.87364e-25)
(1.35531e-05 1.22432e-06 -1.45545e-22)
(5.27549e-05 5.71624e-07 9.8608e-25)
(8.52209e-05 -2.46381e-06 -1.15831e-22)
(1.40016e-05 -6.72511e-07 1.14752e-22)
(1.40375e-05 5.4216e-07 4.41421e-23)
(2.01636e-05 -3.83834e-07 0)
(2.88361e-05 -1.76919e-06 -1.11714e-23)
(-0.144883 0.299668 2.26137e-21)
(-0.0308566 0.254994 4.99052e-22)
(-0.0397354 0.117716 0)
(-0.073057 0.173238 2.83063e-21)
(-0.0630037 0.181507 -2.99131e-21)
(-0.076073 0.252435 0)
(-0.0400067 0.300921 0)
(-0.102676 0.343912 -1.04695e-21)
(-0.0940842 0.302152 0)
(-0.048105 0.258205 -1.8907e-21)
(0.137004 0.119232 4.24935e-21)
(-0.0992628 0.259263 0)
(-0.0310413 0.0579597 -3.72527e-22)
(-0.0516169 0.0943198 0)
(-0.0148601 0.0179798 -3.89807e-21)
(-0.0349624 0.0426086 3.98884e-21)
(-0.0758692 0.10716 -2.31814e-21)
(-0.106332 0.139513 0)
(-0.0920778 0.183445 0)
(-0.117908 0.21648 6.27381e-22)
(-0.118156 0.275546 0)
(-0.110385 0.272712 1.9753e-21)
(-0.0377691 0.178463 2.39822e-21)
(0.0728283 0.144053 -5.73402e-21)
(0.273875 0.0831854 1.12674e-21)
(-0.14926 0.208143 -5.9859e-22)
(-0.149787 0.226666 0)
(-0.0201435 0.010916 -3.2437e-21)
(-0.0447952 0.0254911 8.87376e-22)
(-0.0544829 0.0463161 7.38766e-22)
(-0.0813677 0.0713292 2.35704e-21)
(-0.10709 0.0688162 -4.56691e-21)
(-0.148136 0.0963755 -4.02713e-21)
(-0.146153 0.132994 -3.07118e-21)
(-0.175128 0.157403 5.75888e-21)
(-0.14664 0.182611 -1.66315e-21)
(-0.0854944 0.162364 -1.72731e-21)
(0.00521294 0.111482 0)
(0.344563 0.0433653 -5.8053e-21)
(0.152914 0.0948735 0)
(0.368415 0.023506 0)
(0.191007 0.049364 4.88217e-21)
(-0.197626 0.1419 0)
(-0.185756 0.149649 0)
(-0.0206428 -0.270388 6.18604e-21)
(-0.151651 -0.320383 0)
(0.343524 -0.0749049 0)
(0.369881 0.0105647 -2.01762e-22)
(0.205718 0.0254469 0)
(0.2139 -0.0833671 0)
(0.398976 -0.0315432 1.22915e-21)
(0.388315 0.00107006 3.82138e-21)
(0.219446 0.00559396 0)
(0.249416 -0.0365575 0)
(0.406629 -0.0125217 0)
(0.246989 -0.0128545 -3.88024e-21)
(-0.0576795 0.0193231 1.18211e-21)
(-0.0858431 0.0303764 -1.49671e-21)
(-0.105373 0.0406384 4.88512e-21)
(-0.148996 0.0434189 0)
(-0.175181 0.0672289 0)
(-0.199817 0.0737277 -3.1963e-21)
(-0.222478 0.0930084 -2.42493e-21)
(-0.170007 0.110751 0)
(0.0154456 0.0648777 3.41055e-21)
(-0.0741933 0.095068 0)
(0.0841804 0.0331421 0)
(-0.0475319 0.0529672 -3.68986e-21)
(-0.240128 0.0782577 8.06716e-21)
(-0.225518 0.08469 -2.38273e-21)
(-0.0321463 -0.249015 -3.48643e-21)
(0.146047 -0.125475 7.91726e-21)
(0.110313 -0.14025 -6.17362e-21)
(-0.125251 -0.36755 1.74602e-21)
(-0.0970935 -0.307171 -3.80541e-21)
(-0.0425205 -0.335584 2.50262e-22)
(0.00571209 -0.162222 -6.5846e-21)
(-0.00101652 -0.130753 2.15305e-21)
(0.0908411 -0.0947939 3.34183e-21)
(0.0561345 0.0047244 0)
(-0.0395344 0.0254538 0)
(0.020639 -0.076863 -3.68291e-21)
(0.115007 -0.0472574 0)
(0.0257807 -0.0380511 -3.43574e-21)
(0.119738 -0.0187406 3.13285e-21)
(-0.0129346 -0.0106699 4.76943e-21)
(-0.084768 0.0129022 1.7117e-21)
(-0.120589 0.0194449 0)
(-0.142893 0.0266535 0)
(-0.178389 0.029654 3.40446e-21)
(-0.205254 0.04317 0)
(-0.228002 0.0422841 8.52862e-21)
(-0.249883 0.0532244 -7.27308e-21)
(-0.148955 0.0367434 0)
(-0.162213 0.0488683 -5.84207e-21)
(-0.224159 0.0603167 1.18874e-20)
(-0.210269 0.0254155 0)
(-0.262088 0.050114 -7.68206e-21)
(-0.259476 0.0460061 -4.10879e-21)
(-0.110032 -0.284579 0)
(-0.102885 -0.218383 7.94614e-21)
(-0.0730434 -0.211166 0)
(-0.0725823 -0.28956 -5.41173e-22)
(-0.10326 -0.287082 4.25044e-22)
(-0.133305 -0.204256 -8.16122e-21)
(-0.103265 -0.155611 -7.52876e-21)
(-0.130609 -0.13012 1.00179e-20)
(-0.0910218 -0.0920839 3.10275e-21)
(-0.148142 -0.0614246 -4.05884e-21)
(-0.108768 -0.0407716 0)
(-0.129773 -0.0182012 -3.29697e-21)
(-0.195056 0.000990322 0)
(-0.10463 0.00985021 0)
(-0.139751 0.0145268 -1.33333e-21)
(-0.16417 0.0186172 -5.20512e-21)
(-0.189748 0.022378 4.46559e-21)
(-0.212866 0.0295806 -1.58267e-21)
(-0.22619 0.0301377 -2.03422e-21)
(-0.251392 0.0374031 6.41919e-21)
(-0.255232 0.0279449 -7.19091e-21)
(-0.266258 0.0381155 8.7597e-21)
(-0.244317 0.00739869 0)
(-0.259083 0.0236438 -1.22447e-21)
(-0.263704 0.0393377 0)
(-0.254639 0.0364012 0)
(-0.0426753 -0.143812 -1.27221e-20)
(-0.0886682 -0.208962 4.38561e-21)
(-0.10933 -0.212593 5.29424e-21)
(-0.131653 -0.242292 -7.31388e-22)
(-0.153553 -0.213272 6.74798e-22)
(-0.176096 -0.163404 -7.65106e-21)
(-0.184984 -0.129912 0)
(-0.199738 -0.0823785 -9.66217e-21)
(-0.225884 0.0108088 -4.50865e-21)
(-0.21807 -0.0626785 7.02877e-21)
(-0.243173 -0.0158256 2.87585e-21)
(-0.112386 0.0081639 4.70015e-21)
(-0.234442 0.0354054 2.78861e-21)
(-0.141674 0.0124981 -3.3573e-21)
(-0.161726 0.0163267 -2.89964e-21)
(-0.18172 0.0217491 -6.28053e-21)
(-0.20955 0.0271232 1.40512e-21)
(-0.215548 0.0297939 -3.54743e-21)
(-0.233208 0.0309944 -2.76245e-21)
(-0.255599 0.0397307 6.91691e-22)
(-0.255519 0.0328469 1.2681e-21)
(-0.212748 0.0410871 4.92985e-21)
(-0.229982 0.0387366 2.05587e-21)
(-0.237838 0.0436096 -1.31531e-21)
(-0.231366 0.0415241 -1.97489e-21)
(-0.183956 0.0472114 -6.80887e-21)
(-0.0318382 -0.0839357 0)
(-0.0544032 -0.131541 8.5164e-21)
(-0.135961 0.0513266 0)
(-0.165944 0.0419816 4.46347e-21)
(-0.08861 0.0498368 8.57639e-21)
(-0.107417 0.0465631 -5.66306e-21)
(-0.0741525 -0.140895 0)
(-0.115861 -0.173453 -5.03243e-21)
(-0.1489 -0.15016 1.5371e-20)
(-0.16394 0.0218659 -5.94138e-21)
(-0.188312 0.00630665 4.72006e-21)
(-0.151783 -0.116962 -1.0962e-20)
(-0.191578 -0.0569449 1.16723e-22)
(-0.173189 -0.0342043 -9.63916e-21)
(-0.110578 0.00818263 0)
(-0.209288 0.0368639 0)
(-0.194035 0.0274617 2.68316e-22)
(-0.197471 0.0325005 -3.66217e-22)
(-0.135992 0.0142008 -5.21398e-21)
(-0.157863 0.0185777 5.54542e-21)
(-0.171237 0.0219941 4.80779e-21)
(-0.221651 0.049289 1.87755e-21)
(-0.214443 0.04937 -4.25915e-22)
(-0.189697 0.0566588 3.71051e-21)
(-0.173275 0.0568253 1.34991e-21)
(-0.202496 0.0405312 -5.6264e-21)
(-0.20544 0.0516231 1.72268e-23)
(-0.211822 0.0450015 4.80441e-21)
(-0.152336 0.0622088 2.33866e-21)
(-0.132271 0.0620322 -7.615e-21)
(-0.0890485 0.05837 2.91761e-21)
(-0.108727 0.0629838 2.4147e-21)
(-0.0711853 0.0572107 -3.39268e-21)
(-0.042527 0.0444222 0)
(-0.0559409 0.0489887 2.81869e-21)
(-0.0671228 0.0455929 -2.4274e-22)
(-0.0605349 0.0400843 0)
(-0.0186658 -0.0459245 -4.3219e-21)
(-0.0377931 -0.0752196 4.22874e-21)
(-0.0453442 -0.0799159 2.96387e-21)
(-0.0750809 -0.104967 0)
(-0.0773486 0.0275793 1.03747e-20)
(-0.102078 0.0285962 0)
(-0.122713 0.0162692 5.76314e-21)
(-0.0935869 -0.0860604 1.33873e-22)
(-0.109736 -0.0182027 1.56611e-21)
(-0.118422 -0.0915805 -4.32508e-21)
(-0.134415 -0.0398952 8.6716e-21)
(-0.0103379 -0.0243942 -5.08895e-22)
(-0.0186709 -0.0374488 0)
(-0.101107 0.00750842 0)
(-0.0688446 0.00247136 -5.35801e-22)
(-0.0829401 0.00323964 5.40119e-22)
(-0.175591 0.0316382 -3.10123e-21)
(-0.183015 0.039128 2.72681e-21)
(-0.119316 0.011729 0)
(-0.146348 0.0181908 -2.54812e-21)
(-0.158207 0.025237 3.05064e-21)
(-0.151853 0.0653954 1.26157e-21)
(-0.184606 0.0564064 -2.06632e-21)
(-0.178668 0.0605732 -2.61463e-21)
(-0.170117 0.0443462 -3.5112e-21)
(-0.169457 0.0531431 6.93925e-22)
(-0.134698 0.0643652 0)
(-0.112706 0.0652365 0)
(-0.101591 0.0647091 0)
(-0.0808689 0.0628018 -2.99506e-21)
(-0.0655931 0.0585281 -1.68087e-21)
(-0.0506193 0.0537843 4.00986e-21)
(-0.0376968 0.0453559 0)
(-0.00581303 0.0146113 0)
(-0.00366179 0.0103521 -6.67631e-22)
(-0.0106449 0.0235166 3.5989e-21)
(-0.0170494 0.0309118 -3.1548e-21)
(-0.0271732 0.0399229 0)
(-0.0191921 0.0300233 -5.88468e-21)
(-0.0290292 0.0357974 2.63737e-23)
(-0.00814616 0.0165363 0)
(-0.0110923 0.0205579 -4.62666e-21)
(-0.00380804 0.00876828 0)
(-0.0305382 0.0324665 7.92354e-24)
(-0.0433525 0.0355061 1.27834e-23)
(-0.0426261 0.0280404 3.5961e-21)
(-0.0661667 0.0233242 -4.39879e-21)
(-0.0261076 -0.0406051 9.02027e-21)
(-0.0434246 -0.0529302 -1.89928e-20)
(-0.0638448 -0.0508579 4.04347e-21)
(-0.0625607 0.00964237 -2.3173e-21)
(-0.068726 -0.0284864 8.56516e-21)
(-0.0828953 -0.0151259 -6.01965e-21)
(-0.00552397 -0.0108102 0)
(-0.010044 -0.0176748 0)
(-0.0123365 -0.018599 -3.72502e-21)
(-0.0235237 -0.0263678 -5.45334e-21)
(-0.00309841 0.00780078 5.64814e-22)
(-0.0932438 0.00743196 1.32171e-21)
(-0.0555555 0.000311621 0)
(-0.0695242 0.00174964 -1.15663e-21)
(-0.115243 0.021831 1.57803e-21)
(-0.135952 0.0277989 -4.62782e-21)
(-0.147551 0.0411247 -6.64525e-23)
(-0.126009 0.0515816 4.13888e-21)
(-0.140228 0.0576508 -4.84641e-21)
(-0.130101 0.0622365 3.29711e-21)
(-0.075474 0.0623465 -3.94135e-21)
(-0.0988713 0.0604507 6.15446e-23)
(-0.0962825 0.0644129 1.11922e-21)
(-0.0281052 0.0436996 4.02866e-21)
(-0.0429057 0.0522455 -3.61154e-23)
(-0.0601032 0.0569675 1.96542e-21)
(-0.00833046 0.0236038 1.74995e-21)
(-0.0207784 0.0371425 -2.12764e-21)
(-0.00462395 0.0156738 -1.57289e-21)
(-0.012544 0.019976 5.26572e-21)
(-0.0195374 0.0242505 0)
(-0.0041758 0.00917403 4.14879e-21)
(-0.00598341 0.0115594 -7.33583e-21)
(-0.00202859 0.00477859 0)
(-0.00243255 -0.00427315 0)
(-0.00435199 -0.00708705 -1.17864e-21)
(-0.0201462 0.0208013 5.30493e-21)
(-0.0304406 0.0217707 -8.75927e-24)
(-0.030579 0.0150926 -1.0939e-20)
(-0.0454514 0.00835812 1.10592e-20)
(-0.028507 -0.0176492 3.89313e-21)
(-0.0389002 -0.015509 -3.15705e-21)
(-0.0351605 -0.00165679 -3.87323e-21)
(-0.00614374 -0.00791297 7.31596e-22)
(-0.0108164 -0.0110796 2.0815e-21)
(-0.0170356 -0.00977738 1.43597e-21)
(-0.00369837 0.0120087 -3.02036e-21)
(-0.0227003 0.0393648 0)
(-0.047628 0.0504289 0)
(-0.0727767 0.0277463 3.98818e-21)
(-0.0846969 0.0426612 -2.78097e-21)
(-0.0782017 0.0522598 0)
(-0.0174551 0.00201551 3.18592e-23)
(-0.0490153 0.0114264 0)
(-0.00781671 0.0246877 -1.02466e-22)
(-0.00187229 -0.00272069 -6.19696e-22)
(-0.00102693 -0.00143906 3.04698e-21)
(-0.00775066 0.0115495 7.5836e-21)
(-0.011852 0.0142745 0)
(-0.00205207 0.00457869 -3.44074e-21)
(-0.00360638 0.00633456 -1.09268e-20)
(-0.000993745 0.00232237 6.03172e-21)
(-0.00263298 -0.00313045 4.29496e-22)
(-0.0058956 -0.00544035 0)
(-0.0133798 0.00965702 0)
(-0.020147 0.00995524 0)
(-0.0221638 0.00132442 0)
(-0.00822748 -0.00426499 4.90133e-21)
(-0.0144187 -0.00533782 -4.18808e-21)
(-0.0161537 0.000246258 0)
(-0.00104512 0.0079725 0)
(-0.002487 -0.00216335 2.77043e-21)
(-0.00042879 -0.000375924 -6.94802e-21)
(-0.000805518 -0.000867798 1.20935e-20)
(-0.0012819 -0.00122674 -7.30993e-21)
(-0.000279906 -0.00021115 -2.37901e-21)
(-8.29491e-05 -1.93198e-05 0)
(-0.00403191 0.00522224 3.56728e-21)
(-0.00717859 0.00588875 0)
(-0.0009656 0.00177619 0)
(-0.00158286 0.00257787 0)
(-0.000517167 0.000704928 -1.31435e-21)
(-0.00348897 -0.00200662 2.27502e-21)
(-0.00555445 -0.0022157 0)
(-0.00552279 9.49975e-05 6.87988e-21)
(-0.00646516 0.00366765 1.81821e-21)
(-0.00784167 0.00207278 -6.86076e-21)
(-0.00136324 -0.000894765 0)
(-0.00240072 -0.000975248 5.36993e-21)
(-0.000382938 -0.000299883 8.71052e-21)
(-0.00087357 -0.000543179 -9.88028e-21)
(-1.41759e-05 -2.23117e-05 -1.77405e-22)
(-0.000184548 -0.00011589 7.35904e-21)
(-0.00154708 0.00167845 1.47579e-21)
(-0.00259568 0.00199739 -1.10665e-21)
(-0.000137579 -4.35738e-05 -8.50028e-21)
(-0.000343491 0.00031164 1.1615e-20)
(-0.000683762 0.000733776 0)
(-0.00231988 -0.000265035 -5.45051e-21)
(-0.00324379 0.000589777 -7.97661e-21)
(-0.00231866 0.000696911 1.18262e-20)
(-0.00200295 0.00114647 0)
(1.32818e-06 -6.0238e-05 0)
(4.32109e-05 -0.00012354 4.53255e-21)
(-0.000911956 -0.00021045 3.4156e-21)
(-0.00139951 -8.45316e-05 -6.05607e-21)
(-0.000179595 -6.72158e-05 -1.33032e-22)
(-0.000486742 -7.83549e-05 1.39467e-24)
(-9.28812e-05 0.000135311 0)
(-0.000412482 0.0004459 1.98247e-21)
(-0.000766248 0.000666307 -1.71265e-21)
(-0.000950808 0.000104809 -2.81047e-24)
(-0.000640599 0.000342055 8.12829e-22)
(-0.00126235 0.000263292 6.42822e-21)
(0.00014051 -9.012e-06 -6.00807e-21)
(7.3012e-05 7.20382e-05 0)
(-0.000265663 6.94549e-06 -8.98273e-21)
(-0.00054453 8.82519e-05 4.28215e-21)
(-0.000178734 0.000104415 4.55719e-21)
(5.005e-05 0.000116931 0)
(-0.000285719 0.000231634 -4.99262e-21)
)
;

boundaryField
{
    movingWall
    {
        type            fixedValue;
        value           uniform (1 0 0);
    }
    fixedWalls
    {
        type            noSlip;
    }
    frontAndBack
    {
        type            empty;
    }
    defaultFaces
    {
        type            empty;
    }
}


// ************************************************************************* //
