/*--------------------------------*- C++ -*----------------------------------*\
  =========                 |
  \\      /  F ield         | OpenFOAM: The Open Source CFD Toolbox
   \\    /   O peration     | Website:  https://openfoam.org
    \\  /    A nd           | Version:  8
     \\/     M anipulation  |
\*---------------------------------------------------------------------------*/
FoamFile
{
    version     2.0;
    format      ascii;
    class       labelList;
    note        "nPoints: 1012 nCells: 656 nFaces: 2473 nInternalFaces: 1107";
    location    "constant/polyMesh";
    object      neighbour;
}
// * * * * * * * * * * * * * * * * * * * * * * * * * * * * * * * * * * * * * //


1107
(
1
4
5
6
2
7
5
8
4
6
9
11
12
13
13
14
7
16
17
14
18
10
16
21
11
20
23
12
24
25
26
26
27
15
27
18
19
28
17
29
30
32
31
32
33
21
22
36
29
37
23
38
39
24
40
25
41
42
43
43
44
28
44
33
45
30
46
47
34
49
50
50
34
51
35
52
48
49
53
37
38
57
46
58
56
59
40
59
304
41
306
42
300
61
301
61
62
45
62
51
63
47
64
65
54
66
67
67
68
68
52
70
53
71
54
72
55
73
66
69
74
57
60
76
58
77
64
78
60
302
75
312
79
310
63
79
70
80
65
81
82
84
85
85
86
86
83
84
87
71
90
72
91
73
92
74
93
87
94
76
95
314
77
96
78
97
81
98
80
324
90
338
82
99
100
88
102
103
103
104
104
105
105
88
106
89
107
101
102
108
91
340
92
347
93
351
94
354
106
350
96
110
327
97
111
98
112
99
113
100
114
115
109
116
117
117
118
118
119
119
120
120
107
346
108
371
109
344
121
345
111
122
356
112
123
113
124
114
125
115
126
127
121
128
129
129
130
130
131
131
132
132
133
375
123
134
386
124
135
125
136
126
137
127
138
139
133
140
141
141
142
142
143
143
144
144
145
401
135
146
412
136
147
137
148
138
149
139
150
151
145
152
153
153
154
154
155
155
156
156
157
425
147
159
436
148
160
149
161
150
162
151
163
164
157
165
166
166
167
167
168
168
169
169
158
451
165
170
488
160
465
503
161
502
162
171
163
172
164
173
174
175
176
176
177
177
178
178
179
179
175
180
499
172
502
548
173
547
174
182
183
185
186
186
187
187
188
188
189
189
184
185
541
190
191
522
530
183
547
588
587
193
194
569
194
195
195
196
196
197
197
198
198
199
200
568
200
201
545
201
202
545
563
204
205
591
205
206
206
207
207
208
208
209
209
210
211
596
211
212
212
213
213
214
581
214
215
581
589
216
217
607
217
218
218
219
219
220
220
221
221
222
223
616
223
224
224
225
225
226
226
227
227
605
228
229
611
229
230
230
231
231
232
232
233
233
234
235
630
235
236
236
237
237
238
238
239
239
240
241
626
241
242
242
243
243
244
244
245
245
246
247
638
247
248
248
249
249
250
250
251
251
252
253
641
253
254
254
255
255
256
256
257
257
259
260
649
260
261
261
262
262
263
263
264
264
258
265
651
265
266
266
267
267
268
268
269
269
259
270
653
271
654
271
272
272
273
273
274
274
275
275
270
276
276
277
277
278
278
279
279
271
280
281
281
282
282
283
283
284
284
280
285
285
286
286
287
287
281
288
289
289
290
290
291
291
288
292
292
293
293
289
294
295
295
296
296
294
297
297
295
298
299
299
298
299
301
307
309
303
313
304
318
305
306
311
307
308
309
321
310
323
319
320
313
315
316
315
327
329
317
330
318
333
319
325
321
326
322
323
336
324
339
326
334
335
328
329
356
330
331
332
358
333
360
334
342
336
343
337
339
365
339
341
341
348
364
343
362
363
345
370
373
349
372
348
352
366
350
378
353
352
355
379
354
382
355
384
357
358
386
359
360
388
361
362
390
368
365
369
365
367
367
380
394
369
392
395
371
374
372
376
374
375
399
402
377
400
378
405
381
380
385
393
382
407
383
384
409
385
410
387
388
412
389
390
414
391
392
416
398
394
396
395
397
411
419
398
420
418
400
403
404
402
426
403
428
405
429
406
407
431
408
409
432
410
411
421
413
414
436
415
416
439
417
418
441
424
420
422
423
422
435
445
424
444
437
426
452
427
428
458
429
430
431
459
432
434
435
443
461
435
463
438
442
447
439
465
440
441
470
442
467
445
446
445
448
450
473
449
466
449
472
478
454
475
452
489
457
454
456
480
460
456
481
486
493
458
491
459
462
461
494
464
463
497
464
498
469
468
476
468
471
504
470
501
471
507
473
477
474
475
511
479
478
505
478
510
480
509
482
482
483
516
485
518
485
520
527
486
487
492
532
489
500
490
491
536
495
493
534
494
496
497
537
498
540
498
500
542
535
503
506
503
505
508
512
507
546
508
550
511
514
511
513
513
551
553
515
554
516
557
517
518
555
519
520
559
525
522
523
528
545
524
561
525
526
558
527
529
531
529
530
564
566
532
565
533
534
572
538
536
544
537
539
540
574
540
576
542
570
543
544
579
575
548
549
548
550
584
551
552
553
585
554
556
557
560
557
586
559
562
560
583
562
563
582
581
565
567
571
567
568
592
594
570
590
578
572
593
573
574
600
577
576
580
577
601
579
598
580
603
583
589
586
585
588
586
588
605
591
597
608
593
595
599
595
596
612
614
598
606
602
600
613
601
604
603
618
604
621
609
617
608
610
609
622
611
624
626
613
615
620
615
616
628
631
618
623
619
621
634
621
629
623
625
633
625
627
639
627
641
629
632
636
631
637
632
644
634
640
635
636
648
645
638
643
649
640
642
646
642
651
644
650
645
647
648
652
648
655
650
654
652
653
655
655
)


// ************************************************************************* //
