/*--------------------------------*- C++ -*----------------------------------*\
  =========                 |
  \\      /  F ield         | OpenFOAM: The Open Source CFD Toolbox
   \\    /   O peration     | Website:  https://openfoam.org
    \\  /    A nd           | Version:  8
     \\/     M anipulation  |
\*---------------------------------------------------------------------------*/
FoamFile
{
    version     2.0;
    format      ascii;
    class       surfaceScalarField;
    location    "0.203";
    object      phi;
}
// * * * * * * * * * * * * * * * * * * * * * * * * * * * * * * * * * * * * * //

dimensions      [0 3 -1 0 0 0 0];

internalField   nonuniform List<scalar> 
662
(
-2.03105e-05
1.61454e-05
4.16509e-06
2.07817e-05
-4.10923e-05
-8.80991e-05
3.59287e-05
6.83159e-05
-1.73855e-05
2.15506e-05
-0.000152204
8.48867e-05
1.04195e-05
-5.15117e-05
9.37783e-05
-7.52351e-05
-2.26139e-05
4.41646e-05
-0.000181053
3.92679e-05
1.72379e-06
-5.32355e-05
2.20361e-06
-0.00012187
-4.69586e-06
0.000124362
-3.42413e-05
3.64449e-05
0.000164469
-9.33044e-05
5.5987e-05
-1.18225e-05
-0.000184027
4.69837e-06
-7.66992e-07
-5.24685e-05
1.15418e-06
-0.000117014
-6.01078e-06
-3.30871e-05
5.77074e-05
-1.72034e-06
0.000196194
-4.3548e-05
-0.000182037
-2.75668e-06
-2.22608e-06
-5.02424e-05
3.6589e-06
-0.000103378
-1.72948e-05
-2.94282e-05
5.74492e-05
2.58201e-07
0.000198886
-4.41198e-06
-1.52523e-06
0.000123344
-0.000123548
1.72968e-06
3.45901e-05
-3.61153e-05
-0.000177606
-6.65746e-06
-4.10779e-05
-9.16457e-06
-2.19092e-05
-1.91687e-05
-1.71668e-05
-4.74232e-06
4.83495e-06
-8.8146e-05
-2.00667e-05
-2.45933e-05
-0.00014148
-0.000756497
0.000897976
6.07207e-05
-3.27149e-06
8.98386e-05
-2.91179e-05
-5.1641e-05
0.000199601
-4.56794e-07
-4.22317e-07
0.000120575
3.19156e-06
3.41678e-05
-0.000153318
-3.34526e-05
-9.6315e-05
-7.61716e-05
-4.39852e-05
-6.94967e-05
2.21554e-05
-2.68977e-05
3.45682e-06
-7.68249e-05
-1.47778e-05
-2.11365e-05
-0.000390677
0.000705378
-0.0010712
-0.000953909
0.00185189
0.000217055
-2.07253e-05
0.00029373
-0.000105794
-0.000148587
-3.59048e-06
0.00010694
1.72251e-05
3.05773e-05
-0.000116436
9.46066e-05
2.72888e-05
-5.41865e-05
-2.77613e-07
-3.90907e-07
-7.61564e-05
-2.14141e-05
0.00135493
-0.00160346
-0.000107485
0.00195937
-4.16534e-06
9.28752e-05
1.82302e-05
2.6412e-05
-0.000198016
0.000108868
-6.59419e-05
1.17554e-05
0.00161603
-0.000368589
0.00199296
-3.35889e-05
-2.85573e-06
8.01329e-05
1.5598e-05
2.35562e-05
-6.82644e-05
2.32246e-06
-0.000228845
4.25842e-05
0.00199105
1.90965e-06
0.00171142
-0.000128976
-5.42444e-06
2.96377e-05
5.59197e-05
1.81318e-05
-6.76908e-05
-5.73913e-07
-0.000233015
6.49222e-06
-1.641e-08
-0.000112383
0.000108946
3.45362e-06
-3.15665e-05
3.15501e-05
0.00196113
2.99164e-05
0.00173163
-1.8294e-05
-0.00180573
0.00095013
0.000855597
-6.82512e-05
5.60452e-07
0.00191699
4.41436e-05
0.00187819
3.88003e-05
7.24623e-05
0.000156766
0.000793364
9.93934e-05
5.73729e-05
3.11422e-05
-0.000233736
1.48046e-07
-4.12197e-07
-0.000113125
1.15437e-06
-3.19788e-05
0.00171204
4.9503e-05
-0.000171977
-7.87473e-06
4.15471e-05
0.000138305
-0.00136395
0.00078364
0.00143591
-0.000244778
1.16025e-05
0.00167152
8.46651e-05
0.00158412
0.000126195
0.000292633
0.000416298
0.00116071
0.000321943
0.000151728
0.000108307
-8.54035e-08
-0.000112028
-1.01193e-06
-3.20645e-05
-0.000179479
-1.51402e-06
9.01545e-06
-5.32868e-05
4.54121e-05
4.78184e-07
-0.000109921
-2.58528e-06
-3.15864e-05
-0.000164353
4.63709e-06
-1.97632e-05
-5.48008e-05
1.66138e-06
-9.97379e-05
-1.1844e-05
-2.99251e-05
-0.00014251
7.19283e-06
-2.90353e-05
-5.01637e-05
7.86474e-06
-4.25099e-05
-6.50928e-05
-2.20604e-05
-0.000127553
4.22665e-06
-1.91843e-05
-4.29709e-05
3.91998e-06
-2.01398e-05
-0.000111333
-3.87442e-05
-3.48243e-05
0.000501762
-0.000416875
-0.000139732
0.000208047
0.00036203
0.000132812
-0.00095737
0.000520332
0.000437038
-0.000538513
-0.000418858
-0.000667569
0.000371604
0.000295965
-0.000147237
-0.000750011
0.000211499
-0.000121661
-0.00062835
-0.000367764
0.000246103
0.000210724
-0.000627599
-0.000643913
0.000854636
-0.00106277
4.16032e-05
-0.000669954
-0.00102117
-0.000588331
-0.000100978
-0.000568976
-0.00037246
-0.000473437
-0.000415857
0.00054867
-0.000800809
0.00123785
-5.38271e-05
0.000115798
0.00112205
0.000487402
0.000455365
9.92383e-05
0.000388164
0.000423096
-0.000127131
0.000522335
-0.000471172
0.000344041
-0.000618409
-0.00040691
-0.000160807
3.64449e-05
0.000213601
-0.000801932
-0.000807566
-0.00137654
-0.000797233
-5.82074e-05
-0.00131833
-0.000479448
-0.000537656
-0.000241637
0.000697002
0.000880413
0.00126858
0.000653454
0.000241837
0.00102674
0.000404943
0.000117392
0.00064678
0.000184377
0.000159664
0.000301769
3.61153e-05
0.000121069
-0.000918303
-0.00119727
-0.00092106
2.97324e-05
-0.001227
-0.00055495
-0.000525218
-0.000169706
0.00082316
0.000857033
0.000818748
0.000442089
0.000204691
0.00129912
0.000303499
0.00050819
1.38849e-05
-0.000934944
-0.00121311
-0.000941602
-0.00127477
6.16579e-05
-0.000832299
-0.000442472
-0.000545285
-0.000483627
0.00078182
3.6928e-05
0.000781364
0.00131184
-1.27213e-05
0.00134877
0.000511382
0.00049866
-0.00033019
-0.000611412
-0.00116249
-0.000947841
-0.000214648
-0.000644864
-0.000391721
-0.00055612
0.00039737
-0.000612018
-0.00070012
0.000257648
-0.00030275
-0.000498405
-0.000240757
0.00091995
-0.000138586
0.000899225
0.00142442
-7.56519e-05
0.00128584
0.000515885
0.000440233
0.00030883
-0.000460177
0.000151347
-0.000303188
-0.000694909
-0.000135475
-0.000324702
0.00035282
-0.000428992
-0.000292044
-0.000848164
6.11309e-05
-0.000909295
-0.000633778
-0.000127668
-0.000301324
-0.000197165
-0.000102559
-0.000392915
9.0165e-05
-0.000241568
-0.000241148
-0.000150983
-0.000160712
-8.08553e-05
-0.000296188
-0.000134319
-0.000161869
0.00144146
-0.00159005
0.0020058
-0.000564334
0.0009346
-0.000668861
0.000856606
4.26181e-05
0.000750813
-0.000839239
-0.000832797
0.000875415
0.0013528
-6.69671e-05
0.000520007
0.000458464
0.000391497
0.000559199
-0.00139844
0.00139334
-0.000834139
0.000495434
-0.000629753
-0.000170732
-0.000463046
0.000100481
-0.000401804
0.000808815
-0.00127186
-0.000504363
-0.000438607
-0.000191146
-0.000395494
-0.000532087
9.34804e-05
2.39094e-05
-0.000555997
-0.000248553
9.75705e-05
-0.000329408
0.000491278
-0.000397797
-2.14141e-05
-0.00224377
0.00167944
-0.000850431
0.00101057
-0.000739923
-0.000110508
0.000641986
0.00124747
-0.000372056
-0.000150967
0.000656847
-0.00013684
0.000284791
0.000407095
0.000270254
0.00051649
-1.82002e-05
-0.00049829
-8.49192e-05
-0.00074922
-0.000824842
-0.000308352
0.000306931
-0.000457898
-0.000442289
-0.000866957
-0.000404904
-0.0010581
-0.00103419
-0.000800398
-0.000757814
-8.54226e-05
-0.000948771
-0.000499516
-5.64803e-05
-0.000584939
-0.000257301
-0.000140496
-0.000313782
-3.15501e-05
-0.000728307
0.000617799
-0.000746507
0.00125978
0.00113081
-0.000290281
-0.000456225
0.000485427
-0.000775709
0.00049234
-0.000207549
3.44418e-05
0.000730291
-0.000244864
0.000232001
0.000299892
9.2343e-05
0.00033992
-0.000107919
3.15681e-05
0.00022726
-0.000192818
-0.000215029
-0.000183461
-0.00037895
0.000134087
-0.00012232
-0.000826451
-0.000880134
-0.000873641
-0.000443629
-0.000141309
-0.00127008
-0.000310328
-0.000451638
0.000184674
-0.0006409
0.00131548
0.00129719
-0.000438744
-0.000336965
-0.00107964
-0.000337403
-0.000674368
0.000166394
-7.40515e-05
-2.6424e-05
-0.000209885
0.000317804
-0.000183717
1.81318e-05
-4.54121e-05
-0.000929227
5.55859e-05
-0.000929079
-0.0012307
-3.93803e-05
-0.00117511
-0.000450483
-0.000489863
0.00128173
1.54606e-05
0.00133123
-0.00101687
-6.27752e-05
-0.00100141
-0.000665353
-0.000728128
0.00117282
0.000263089
0.00233353
-0.000915879
-1.32005e-05
-0.000904276
-0.00102785
-0.000147261
-0.00104105
-0.000490875
-0.000638136
0.0013259
5.32779e-06
0.00141057
-0.00113247
0.000131058
-0.00112714
-0.000747891
-0.000616833
0.00113911
-0.000846478
0.0014022
-0.000899266
-5.01009e-06
-0.000790959
0.0012634
0.00014717
0.00138959
0.000543115
-0.00181156
0.0010206
-0.000673698
0.0020759
-0.00165983
0.00110504
-8.44404e-05
0.000866502
-0.000871512
-0.00124808
0.000207031
-0.000381582
-0.000640721
-0.00043369
0.000630041
-0.00048287
-0.00120431
7.71708e-05
-0.000574268
-0.000645868
-0.000568698
-0.000299074
0.00084219
0.00177682
0.00116835
-6.33171e-05
0.000296841
-0.000838259
0.000355388
3.93106e-06
0.000783388
0.000993435
0.000698947
0.00044433
0.000254618
0.000381013
-0.000646988
0.000265406
-0.000350147
-0.000445534
-0.000180128
-0.000771382
0.000197114
-0.000415993
-0.000587882
-0.000390768
-0.000590236
0.000594167
0.000403199
-0.000491795
0.000141648
-0.000110783
-0.000633111
0.000217117
-3.89436e-05
-0.000311093
0.000200311
-5.64757e-05
0.000346724
-0.000222638
-8.09897e-05
-0.000410908
-0.000193791
-0.000339948
0.000146157
-0.000168143
8.71532e-05
3.21679e-05
-0.000378892
-2.20604e-05
3.48243e-05
)
;

boundaryField
{
    movingWall
    {
        type            calculated;
        value           uniform 0;
    }
    fixedWalls
    {
        type            calculated;
        value           uniform 0;
    }
    frontAndBack
    {
        type            empty;
        value           nonuniform List<scalar> 0();
    }
    defaultFaces
    {
        type            empty;
        value           nonuniform List<scalar> 0();
    }
}


// ************************************************************************* //
