/*--------------------------------*- C++ -*----------------------------------*\
  =========                 |
  \\      /  F ield         | OpenFOAM: The Open Source CFD Toolbox
   \\    /   O peration     | Website:  https://openfoam.org
    \\  /    A nd           | Version:  8
     \\/     M anipulation  |
\*---------------------------------------------------------------------------*/
FoamFile
{
    version     2.0;
    format      ascii;
    class       surfaceScalarField;
    location    "0.042";
    object      phi;
}
// * * * * * * * * * * * * * * * * * * * * * * * * * * * * * * * * * * * * * //

dimensions      [0 3 -1 0 0 0 0];

internalField   nonuniform List<scalar> 
662
(
-2.02824e-05
1.61196e-05
4.16316e-06
2.07456e-05
-4.1028e-05
-8.79546e-05
3.58804e-05
6.81938e-05
-1.73563e-05
2.15195e-05
-0.000151939
8.47296e-05
1.04038e-05
-5.14318e-05
9.36195e-05
-7.50954e-05
-2.2573e-05
4.40925e-05
-0.00018074
3.92054e-05
1.7227e-06
-5.31545e-05
2.19747e-06
-0.000121676
-4.68412e-06
0.000124163
-3.41918e-05
3.63893e-05
0.000164172
-9.31258e-05
5.58967e-05
-1.18042e-05
-0.000183715
4.69749e-06
-7.67172e-07
-5.23873e-05
1.15266e-06
-0.000116826
-6.00208e-06
-3.30392e-05
5.76189e-05
-1.72217e-06
0.000195846
-4.34775e-05
-0.000181725
-2.75745e-06
-2.22599e-06
-5.01613e-05
3.65397e-06
-0.000103212
-1.72681e-05
-2.93852e-05
5.73596e-05
2.59245e-07
0.000198545
-4.4219e-06
-1.52073e-06
0.000123154
-0.000123358
1.7245e-06
3.45428e-05
-3.60635e-05
-0.000177291
-6.65938e-06
-4.10118e-05
-9.14948e-06
-2.18791e-05
-1.91327e-05
-1.7138e-05
-4.74108e-06
4.82747e-06
-8.8007e-05
-2.00328e-05
-2.45578e-05
-0.000141452
-0.000756528
0.000897981
6.06305e-05
-3.27089e-06
8.97715e-05
-2.91409e-05
-5.16809e-05
0.000199256
-4.51712e-07
-4.23503e-07
0.000120385
3.19284e-06
3.41193e-05
-0.000153046
-3.33949e-05
-9.61574e-05
-7.60213e-05
-4.39277e-05
-6.93676e-05
2.21197e-05
-2.68608e-05
3.45053e-06
-7.6708e-05
-1.47495e-05
-2.11072e-05
-0.000390523
0.000705336
-0.00107134
-0.000953876
0.00185186
0.000216707
-2.07211e-05
0.000293453
-0.000105888
-0.000148751
-3.58515e-06
0.000106773
1.71968e-05
3.05341e-05
-0.000116244
9.44357e-05
2.72398e-05
-5.41006e-05
-2.76315e-07
-3.90452e-07
-7.60412e-05
-2.13836e-05
0.00135477
-0.00160331
-0.000107436
0.00195929
-4.15824e-06
9.27337e-05
1.81978e-05
2.63759e-05
-0.000197664
0.00010866
-6.58383e-05
1.17378e-05
0.00161572
-0.000368382
0.00199286
-3.357e-05
-2.85172e-06
8.00061e-05
1.55793e-05
2.35241e-05
-6.81587e-05
2.32035e-06
-0.000228442
4.25159e-05
0.00199096
1.90682e-06
0.00171105
-0.000128901
-5.42721e-06
2.96435e-05
5.57899e-05
1.80969e-05
-6.75836e-05
-5.75119e-07
-0.00023261
6.48862e-06
-1.87845e-08
-0.000112203
0.000108771
3.45152e-06
-3.15206e-05
3.15019e-05
0.00196104
2.9915e-05
0.00173126
-1.83079e-05
-0.00180569
0.000950127
0.000855567
-6.81445e-05
5.6094e-07
0.0019169
4.41414e-05
0.00187812
3.87798e-05
7.24253e-05
0.000156725
0.000793402
9.93124e-05
5.74123e-05
3.11678e-05
-0.000233325
1.40021e-07
-4.11953e-07
-0.000112945
1.15336e-06
-3.19326e-05
0.00171168
4.94951e-05
-0.000172147
-7.87442e-06
4.15552e-05
0.000138466
-0.00136378
0.000783566
0.00143578
-0.000244366
1.16018e-05
0.00167117
8.46565e-05
0.00158383
0.000126115
0.000292473
0.000416095
0.00116087
0.000321612
0.000151895
0.000108414
-8.55905e-08
-0.00011185
-1.0095e-06
-3.20181e-05
-0.000179648
-1.51406e-06
9.01462e-06
-5.33301e-05
4.54557e-05
4.75652e-07
-0.00010975
-2.57524e-06
-3.15425e-05
-0.000164502
4.64193e-06
-1.97879e-05
-5.48442e-05
1.65759e-06
-9.95799e-05
-1.18278e-05
-2.98848e-05
-0.000142638
7.19888e-06
-2.90624e-05
-5.02024e-05
7.86759e-06
-4.2513e-05
-6.49345e-05
-2.20173e-05
-0.000127671
4.22929e-06
-1.91968e-05
-4.30035e-05
3.91627e-06
-2.01285e-05
-0.000111458
-3.87742e-05
-3.4858e-05
0.000500798
-0.000416069
-0.000139494
0.000207688
0.000361304
0.000132592
-0.000955539
0.000519372
0.000436168
-0.000537474
-0.000418066
-0.000666345
0.000370911
0.000295434
-0.000146973
-0.000748607
0.000211133
-0.000121438
-0.000627168
-0.000367118
0.00024568
0.000210318
-0.000626387
-0.000642567
0.000852885
-0.00106063
4.1492e-05
-0.00066866
-0.00101914
-0.000587182
-0.000100789
-0.000567872
-0.000371802
-0.000472591
-0.000415011
0.000547603
-0.000799179
0.00123535
-5.37069e-05
0.000115568
0.00111978
0.000486479
0.000454478
9.90505e-05
0.000387429
0.000422337
-0.000126903
0.000521388
-0.000470391
0.000343488
-0.000617364
-0.000406231
-0.000160552
3.63893e-05
0.000213229
-0.000800411
-0.000805912
-0.00137378
-0.000795713
-5.80858e-05
-0.0013157
-0.000478593
-0.000536679
-0.000241153
0.00069563
0.000878625
0.00126605
0.000652153
0.000241351
0.0010247
0.000404199
0.000117189
0.000645549
0.000184066
0.000159422
0.000301255
3.60635e-05
0.000120839
-0.000916552
-0.00119486
-0.00091931
2.96717e-05
-0.00122453
-0.000553947
-0.000524275
-0.000169424
0.000821577
0.000855279
0.000817155
0.000441245
0.000204304
0.00129652
0.00030298
0.000507284
1.3813e-05
-0.000933123
-0.00121072
-0.000939782
-0.00127224
6.15229e-05
-0.000830599
-0.000441641
-0.000544308
-0.000482785
0.000780345
3.68106e-05
0.000779893
0.00130924
-1.27125e-05
0.00134605
0.000510477
0.000497764
-0.00032957
-0.000610212
-0.00116017
-0.000945929
-0.00021424
-0.000643607
-0.000390951
-0.000554978
0.00039661
-0.00061085
-0.000698817
0.000257176
-0.000302208
-0.000497535
-0.000240359
0.000918165
-0.000138272
0.000897444
0.00142154
-7.54972e-05
0.00128327
0.000514961
0.000439464
0.000308263
-0.000459337
0.000151075
-0.000302587
-0.000693538
-0.000135233
-0.000324104
0.000352149
-0.00042817
-0.000291458
-0.000846436
6.09981e-05
-0.000907434
-0.00063254
-0.000127463
-0.000300707
-0.000196831
-0.000102395
-0.000392223
9.00151e-05
-0.000241148
-0.000240749
-0.000150734
-0.000160436
-8.07119e-05
-0.000295669
-0.000134083
-0.000161586
0.00144037
-0.00158912
0.00200562
-0.000565253
0.000934284
-0.000669025
0.000855384
4.20608e-05
0.000749496
-0.000839627
-0.000831236
0.000873297
0.00135012
-6.68477e-05
0.000518884
0.000457662
0.000390814
0.000557143
-0.00139677
0.00139172
-0.000834578
0.000494512
-0.000628595
-0.000170408
-0.000462132
0.000100296
-0.000401003
0.000807138
-0.00126927
-0.000503398
-0.000437783
-0.000190812
-0.000394739
-0.00053111
9.33262e-05
2.38459e-05
-0.000554956
-0.000248159
9.74248e-05
-0.000328871
0.000490457
-0.00039713
-2.13836e-05
-0.0022439
0.00167864
-0.000852176
0.00100962
-0.000739511
-0.000112665
0.000641236
0.001245
-0.000371706
-0.000151768
0.000655575
-0.000136691
0.000283869
0.000406393
0.000269703
0.000517843
-1.90032e-05
-0.00049884
-8.63961e-05
-0.000748181
-0.000825907
-0.000308064
0.000305699
-0.000457467
-0.000442483
-0.000865182
-0.000404088
-0.00105599
-0.00103215
-0.000798826
-0.00075631
-8.52412e-05
-0.000946907
-0.00049858
-5.63756e-05
-0.000583821
-0.000256858
-0.000140273
-0.000313233
-3.15019e-05
-0.00072993
0.000617265
-0.000748933
0.0012585
0.0011296
-0.000290588
-0.000458345
0.000486411
-0.000776999
0.00049123
-0.000207361
3.37633e-05
0.000731466
-0.000245055
0.000232626
0.000299346
9.19849e-05
0.000340446
-0.000107819
3.2382e-05
0.000226624
-0.000192861
-0.000215859
-0.000183477
-0.000379418
0.000134363
-0.00012213
-0.000824778
-0.00087844
-0.000871951
-0.00044277
-0.000141051
-0.00126755
-0.000309782
-0.000450833
0.000184342
-0.000642687
0.00131394
0.00129564
-0.00043963
-0.000337369
-0.00108232
-0.000337863
-0.000675232
0.000165872
-7.38868e-05
-2.69888e-05
-0.000210466
0.000318285
-0.000183922
1.80969e-05
-4.54557e-05
-0.000927428
5.54768e-05
-0.000927288
-0.00122824
-3.93058e-05
-0.00117276
-0.00044968
-0.000488986
0.00128008
1.55529e-05
0.00132958
-0.0010195
-6.28181e-05
-0.00100395
-0.000666218
-0.000729036
0.00117235
0.000263437
0.00233322
-0.000914084
-1.32043e-05
-0.000902482
-0.00102578
-0.000146989
-0.00103898
-0.000489995
-0.000636985
0.00132417
5.40733e-06
0.00140883
-0.00113517
0.000131228
-0.00112977
-0.000748824
-0.000617596
0.00113802
-0.000845543
0.00140145
-0.000897858
-4.62403e-06
-0.000789444
0.0012621
0.000146722
0.00138822
0.000542676
-0.00181049
0.00102105
-0.000674622
0.00207608
-0.0016586
0.00110363
-8.25793e-05
0.000864856
-0.00086948
-0.0012456
0.000206624
-0.000380747
-0.00063956
-0.000432936
0.000631746
-0.000485024
-0.00120704
7.72715e-05
-0.000575292
-0.000646658
-0.000569387
-0.000301069
0.000843745
0.00177501
0.00116608
-6.24518e-05
0.0002966
-0.000840791
0.000355767
2.95426e-06
0.000780931
0.000994075
0.000698352
0.000443181
0.000255171
0.000380729
-0.00064577
0.000265023
-0.00034917
-0.000444764
-0.000179741
-0.000772628
0.000197336
-0.000416861
-0.000588584
-0.000391248
-0.000591841
0.000594795
0.000402233
-0.000490753
0.000141583
-0.000110024
-0.000634136
0.000217275
-3.93402e-05
-0.000310393
0.000200369
-5.52216e-05
0.000347012
-0.000222254
-8.06706e-05
-0.000411377
-0.000194102
-0.000340418
0.000146316
-0.000167622
8.69517e-05
3.27464e-05
-0.000379758
-2.20173e-05
3.4858e-05
)
;

boundaryField
{
    movingWall
    {
        type            calculated;
        value           uniform 0;
    }
    fixedWalls
    {
        type            calculated;
        value           uniform 0;
    }
    frontAndBack
    {
        type            empty;
        value           nonuniform List<scalar> 0();
    }
    defaultFaces
    {
        type            empty;
        value           nonuniform List<scalar> 0();
    }
}


// ************************************************************************* //
