/*--------------------------------*- C++ -*----------------------------------*\
  =========                 |
  \\      /  F ield         | OpenFOAM: The Open Source CFD Toolbox
   \\    /   O peration     | Website:  https://openfoam.org
    \\  /    A nd           | Version:  8
     \\/     M anipulation  |
\*---------------------------------------------------------------------------*/
FoamFile
{
    version     2.0;
    format      ascii;
    class       volScalarField;
    location    "0.093";
    object      p;
}
// * * * * * * * * * * * * * * * * * * * * * * * * * * * * * * * * * * * * * //

dimensions      [0 2 -2 0 0 0 0];

internalField   nonuniform List<scalar> 
424
(
-5.5336e-07
0.0549464
0.0135842
0.118135
0.0956801
0.247629
0.102428
0.0550573
0.277535
0.495547
0.479009
0.491894
0.0114828
-0.150467
0.508117
0.749811
0.508326
0.513995
-0.421985
-0.184041
0.749243
1.00249
0.672882
0.673599
-0.674177
-0.436591
-0.38099
-0.396403
0.988433
1.26993
1.476
1.53837
0.850208
0.848289
-3.52155
-0.889
-1.11167
-1.3891
-0.676886
-0.412365
-0.417515
1.23578
1.42966
1.5256
1.41535
1.00686
1.0045
-2.88775
-2.65085
-0.887292
-1.12253
-1.18074
-0.576914
-0.578134
1.4328
1.47052
1.02533
1.02155
-2.26891
-1.12622
-0.759546
-0.757238
1.51791
1.67541
-1.05153
-0.621379
-0.946255
-0.945197
1.92539
1.70871
-0.020656
-0.598825
-1.01221
-1.03643
2.1817
1.93778
1.89832
1.91154
0.728328
0.0085288
4.3759
2.40412
1.47386
2.10453
2.68241
5.2552
2.88579
2.61767
2.17948
1.94304
1.94878
0.733724
-0.386795
3.94779
2.39747
1.45939
2.0823
2.56929
4.53664
2.64153
2.62752
2.10508
2.10581
-0.162734
-0.412595
2.29277
2.29032
0.393145
-0.16311
2.4881
2.49279
0.979271
0.392577
2.57514
2.60595
1.56103
0.978239
1.82269
1.55617
1.84082
0.130971
0.0406196
0.0477972
0.0788474
0.09462
0.165944
-0.0272715
0.0103203
0.224521
0.318166
0.333389
0.151111
0.177738
0.219216
0.336168
0.303768
0.294939
0.44545
0.461674
0.44647
0.0655025
-0.000487809
0.0704103
0.035926
-0.0162606
-0.0625745
-0.0402063
-0.160884
-0.0822106
-0.18913
0.00097129
0.0449885
0.0690664
0.113931
0.305991
0.169846
0.363398
0.353395
0.490775
0.511378
0.584007
0.513451
0.599119
-0.0307926
-0.0330298
-0.185967
-0.202712
-0.231939
-0.267436
-0.271625
-0.0484774
-0.281759
-0.0948379
-0.23347
0.643121
0.639072
0.751054
0.783364
0.679205
0.784471
-0.293671
-0.281601
-0.439137
-0.338933
-0.401499
-0.381387
-0.348943
0.885768
0.885158
0.985876
0.958338
1.05254
0.85381
0.943812
-0.546822
-0.672289
-0.503749
-0.554932
-0.419949
-0.51527
1.13597
1.15074
1.20721
1.21799
1.27456
1.2213
1.10959
1.18322
1.00481
1.08282
-0.788774
-0.883626
-0.69632
-0.776864
-0.583074
-0.70053
1.32539
1.30433
1.31731
1.35457
1.40206
1.38623
1.38255
1.38614
1.39078
1.49792
1.50042
1.44977
1.18467
1.27085
1.03845
1.18546
1.35378
1.38436
1.45394
-1.26539
-1.65517
-2.50195
-2.08795
-1.01827
-1.1173
-1.2315
-1.01887
-0.868084
-0.935369
-0.764237
-0.86998
-1.14724
-1.25485
1.50178
1.44761
1.45842
1.45283
1.51799
1.45796
1.46853
1.51758
1.5627
1.58836
1.68706
1.3404
1.43591
1.51167
1.49517
1.13831
1.26318
-1.48759
-1.41867
-1.63487
-1.23537
-1.08019
-1.10402
-1.14897
-1.00607
-1.0705
-0.942547
-1.01911
-0.854644
-1.19491
-1.10098
-1.07425
-1.11786
-1.22074
1.56628
1.62306
1.69908
1.55626
1.73552
1.73054
1.76243
1.78545
1.56426
1.77377
1.6119
1.7381
-0.817788
-0.723141
-0.94101
-0.594317
-0.698812
-0.564762
-1.09592
-1.10537
-0.746696
-0.756842
-1.0229
-1.12657
-1.0385
-1.07744
-1.24114
-1.17199
-1.05084
-0.753261
1.77594
1.78999
1.94085
1.86886
1.91346
1.88616
1.87285
-0.395459
-0.399228
0.0271728
-0.35706
-0.0567627
-0.411738
-0.344853
-1.40074
-1.31498
-1.0818
-1.21411
-1.15622
-1.51012
-1.48561
-1.19795
2.06705
2.18189
2.01576
2.06496
1.94687
2.03004
0.31138
0.738196
0.0737701
0.32759
-0.160593
0.145257
-1.13431
3.71447
4.06681
2.31328
2.39275
2.18871
2.31082
2.11145
2.20105
1.14675
1.45225
0.806045
1.13724
0.417352
0.79243
2.57848
3.13397
2.5337
2.62169
1.88887
2.07567
2.37381
2.73886
3.01106
2.74798
3.21761
2.65034
2.52465
2.4009
2.47263
2.29178
2.39322
1.90381
1.44095
1.52928
0.981566
1.35577
2.28351
2.92142
2.65902
2.62054
2.17946
2.20521
2.79793
2.68011
2.70142
2.67883
2.58137
2.59596
2.479
2.58926
1.79191
2.03817
1.56982
1.7724
2.39698
2.65507
2.62625
2.64325
2.15866
2.35993
2.76897
2.63489
2.67418
2.59413
2.66897
1.84545
2.12327
2.62705
2.97748
2.88876
2.53057
2.56605
3.09529
3.05862
2.63791
2.55885
)
;

boundaryField
{
    movingWall
    {
        type            zeroGradient;
    }
    fixedWalls
    {
        type            zeroGradient;
    }
    frontAndBack
    {
        type            empty;
    }
    defaultFaces
    {
        type            empty;
    }
}


// ************************************************************************* //
