/*--------------------------------*- C++ -*----------------------------------*\
  =========                 |
  \\      /  F ield         | OpenFOAM: The Open Source CFD Toolbox
   \\    /   O peration     | Website:  https://openfoam.org
    \\  /    A nd           | Version:  8
     \\/     M anipulation  |
\*---------------------------------------------------------------------------*/
FoamFile
{
    version     2.0;
    format      ascii;
    class       surfaceScalarField;
    location    "0.093";
    object      phi;
}
// * * * * * * * * * * * * * * * * * * * * * * * * * * * * * * * * * * * * * //

dimensions      [0 3 -1 0 0 0 0];

internalField   nonuniform List<scalar> 
1107
(
0.000315988
-0.000643388
0.000633494
-0.000306094
0.000616968
-0.00030098
-2.96871e-05
0.000646655
0.000304962
0.000538556
-0.000106654
-0.000736865
-0.000968717
0.000630291
-9.76567e-05
0.000701464
0.000286064
-5.36017e-05
-1.49161e-05
-3.72724e-05
0.000683927
-3.30511e-05
1.43466e-05
-8.79493e-05
0.000180751
-0.000148833
-6.49697e-05
0.000300272
-0.000856385
-0.00126768
0.000599238
-0.000207466
0.000740101
0.000760967
-9.67759e-05
4.17077e-05
0.000814912
-9.56523e-05
3.58087e-06
-4.28357e-05
-1.13353e-05
0.000725635
0.000853069
2.99217e-05
-6.80791e-05
6.44731e-05
-0.000126751
-8.6555e-05
2.51489e-05
-4.86251e-05
0.000227394
-0.000140758
-0.000213387
0.000277847
-0.000115422
0.000296552
-0.00087509
-0.0015106
0.000539473
-0.000366498
0.00075827
0.000828767
-0.000185442
0.000899231
-0.000166116
5.21561e-06
-2.29025e-05
-6.11971e-06
-2.22934e-05
0.000865051
1.03118e-05
0.000755557
0.000946176
-0.000115025
0.000963479
-3.95961e-05
0.000951864
-2.38971e-05
3.55123e-05
3.54042e-05
-7.27549e-05
-4.92043e-05
1.3622e-05
-2.68429e-05
-8.23991e-05
-0.000131114
0.000322166
-0.000215172
-0.000320381
0.00039717
-0.000190427
0.000306686
-0.000784606
0.000459871
-0.00166379
-0.000570356
0.000743331
0.000880866
-0.000308038
0.000968446
-0.000253696
2.99796e-06
-1.22784e-05
-3.12175e-06
8.81595e-05
0.000916906
-5.32021e-05
0.000853473
-1.23192e-05
0.000765868
0.00102612
-0.000172695
0.00105049
-6.39672e-05
0.00103966
4.63449e-05
0.000999444
0.000128371
-0.000118509
0.000932835
0.000185118
5.74523e-05
-0.000104205
-3.56467e-05
2.76045e-05
-1.93566e-05
1.0414e-05
-9.65234e-06
-0.000129769
-0.000216517
-6.1916e-05
-0.000172058
0.000691201
-0.000801687
0.000902307
-0.000467014
0.00101091
-0.000362296
2.20817e-06
-4.07263e-06
-9.1358e-07
0.000865657
-6.72598e-05
0.000823942
-2.36708e-05
0.000753549
0.000822863
-0.000147403
0.000257375
0.0010796
-0.000241386
0.0011107
-9.50738e-05
0.0011024
5.46534e-05
0.00105829
0.000172472
0.00097452
0.000268892
4.56506e-05
-3.06057e-05
-7.69609e-05
2.44409e-05
-1.4437e-05
1.14678e-05
-6.38346e-06
4.27926e-06
-2.46381e-06
0.000877239
-0.000653052
0.00100527
-0.000490329
8.82547e-07
-6.75915e-07
-3.10332e-08
0.000334144
0.000670019
-0.000181301
0.000790611
-7.23572e-05
0.000785617
-2.89352e-05
0.000729878
0.000827247
0.000404648
0.000622684
0.000538707
0.000388299
-0.00129507
0.00152945
0.00108448
-0.000320593
0.00112436
-0.000134951
0.00112318
5.5833e-05
0.00107778
0.000217874
0.00097524
0.000371427
-3.58706e-05
-5.57963e-05
6.10611e-05
-1.92675e-05
-3.104e-05
-9.09202e-06
-1.6559e-05
-3.37977e-06
-8.17606e-06
-6.70571e-07
-3.38512e-06
-7.01604e-07
0.000987996
0.000345413
-0.00094511
0.000371512
-0.00099656
0.000688051
-7.87404e-05
0.000739103
-2.58427e-05
0.000700943
0.000793491
0.000586397
0.000547571
0.000784627
0.000411899
0.00166512
0.000483368
0.000916527
-5.78824e-05
-9.54244e-05
9.75106e-05
-3.13309e-05
-5.75915e-05
-1.47863e-05
-3.31037e-05
-5.47327e-06
-1.7489e-05
-1.09568e-06
-7.76271e-06
-1.79728e-06
0.000101441
0.000300671
-5.66991e-05
0.000227768
-0.000801366
0.000357809
-0.000666317
0.000680878
-2.05163e-05
0.000675101
0.000415916
0.000168893
-4.4625e-05
-0.00012534
7.45407e-05
-2.45273e-05
-7.76891e-05
-1.18012e-05
-4.58298e-05
-4.48912e-06
-2.48011e-05
-9.73172e-07
-1.12787e-05
-2.77046e-06
0.000246467
0.000202981
-0.000148778
0.000201338
-3.02689e-05
0.000136232
-0.00057979
0.000342994
-0.000328433
0.000654584
0.000297752
0.00036463
-1.4761e-05
-0.000134216
2.36365e-05
-8.36458e-06
-8.40855e-05
-4.13945e-06
-5.00549e-05
-1.66042e-06
-2.72801e-05
-4.05109e-07
-1.2534e-05
-3.17557e-06
0.000150015
0.000136511
-8.35444e-05
0.000129104
-7.65435e-05
0.000120991
-1.50279e-05
7.0008e-05
-0.000306804
0.000326151
0.000201953
0.000245814
1.39928e-05
-0.000122564
-2.56448e-05
7.11043e-06
-7.72032e-05
3.16838e-06
-4.61129e-05
1.11781e-06
-2.52296e-05
1.79574e-07
-1.15957e-05
-2.99599e-06
0.000129939
7.89315e-05
-7.23598e-05
8.60018e-05
-4.04423e-05
7.42018e-05
-2.9754e-05
5.93511e-05
-4.37098e-06
1.93474e-05
0.000120021
0.000211871
-8.92991e-05
6.00157e-05
0.000149304
1.62175e-05
-3.57557e-05
-0.000103025
7.57569e-06
-6.85614e-05
3.23835e-06
-4.17755e-05
1.16856e-06
-2.31598e-05
2.24991e-07
-1.06522e-05
-2.771e-06
3.85181e-05
-4.88857e-05
4.86459e-05
-3.50038e-05
4.90655e-05
-1.5306e-05
3.54309e-05
-5.83374e-06
1.49764e-05
-5.23193e-05
2.40143e-05
8.83207e-05
-3.18899e-05
5.77152e-05
-6.76008e-05
-1.256e-05
-4.24897e-05
-2.81565e-06
-2.03965e-05
-5.58665e-06
1.4524e-05
-2.83251e-05
2.314e-05
-2.33799e-05
2.72536e-05
-1.31919e-05
2.32059e-05
-3.08101e-06
9.14265e-06
4.93304e-06
-2.58508e-05
4.4932e-05
-2.07597e-06
7.0732e-06
7.25698e-06
-1.22542e-05
-1.29807e-05
5.60456e-05
-6.34613e-05
-1.85674e-05
-1.93358e-06
-8.23237e-06
1.5099e-05
2.33181e-06
-1.36586e-05
8.2211e-06
-1.34062e-05
1.2659e-05
-8.7852e-06
1.27299e-05
-2.71596e-06
6.06164e-06
1.56698e-06
4.38487e-06
-8.02782e-06
-4.98738e-07
3.47099e-06
4.10095e-06
-1.88988e-06
8.48181e-06
-1.68638e-05
1.02718e-05
-3.10779e-06
-3.3615e-07
1.51035e-06
-1.79608e-06
-4.10447e-06
8.96844e-07
-6.33436e-06
4.24624e-06
-4.99347e-06
5.79589e-06
-1.85121e-06
3.34568e-06
3.51211e-06
1.70887e-06
-3.65401e-06
1.6782e-06
2.20793e-06
1.1781e-07
1.4633e-06
-7.53733e-07
3.04903e-06
6.18651e-06
-2.68439e-06
4.81527e-06
-2.38963e-05
2.17654e-05
-2.17788e-06
2.17468e-06
-3.10459e-06
-2.24125e-06
1.09022e-07
-1.41894e-06
-1.78869e-06
2.3608e-07
-2.3242e-06
1.84547e-06
-1.04305e-06
1.49447e-06
3.85095e-06
-3.38267e-07
-5.68312e-10
2.66475e-06
7.22319e-07
1.33942e-06
9.86315e-07
2.42315e-07
4.67249e-07
-2.01087e-07
5.65719e-07
-5.83382e-07
5.39865e-06
-1.216e-06
1.74374e-06
-2.70561e-06
-1.4073e-06
1.34073e-06
-1.48304e-06
1.73126e-07
-9.41127e-07
-6.11483e-07
3.48065e-09
-4.82202e-07
4.51421e-07
2.70983e-06
-2.27849e-06
3.41961e-06
2.65961e-06
-3.33129e-07
1.80195e-06
2.59793e-07
8.83752e-07
3.44879e-07
1.82769e-07
8.3392e-08
-1.76627e-08
-1.68948e-06
-9.53173e-07
1.42664e-06
-6.61848e-07
9.98289e-07
-8.42974e-07
7.00665e-07
-8.74339e-07
1.06338e-07
-4.96954e-07
-1.11049e-07
-3.07813e-08
1.50455e-06
-2.03697e-06
3.24224e-06
1.72792e-06
-1.34681e-06
1.68558e-06
-2.16757e-07
1.07598e-06
6.75676e-08
4.62548e-07
6.50996e-08
6.57293e-08
-2.4739e-06
-1.39809e-06
2.18251e-06
-1.04775e-06
-5.6727e-07
-3.37287e-07
4.92602e-07
-4.55597e-07
2.81923e-07
-4.2376e-07
3.31443e-08
-1.4183e-07
2.15808e-06
1.27861e-06
-1.93215e-06
8.3665e-07
-1.14569e-06
1.01822e-06
-6.79452e-07
9.59498e-07
-1.00278e-07
5.24482e-07
5.63387e-09
1.30829e-07
-2.93898e-06
-7.53863e-07
1.21895e-06
-1.63569e-06
-8.10153e-07
-6.10877e-07
-2.9368e-07
-1.52771e-07
1.89776e-07
-2.04156e-07
6.23186e-08
-1.08686e-07
-2.83752e-06
1.91711e-07
-2.93171e-07
1.29757e-06
-1.97701e-06
1.35313e-06
7.62133e-07
4.32321e-07
-5.59791e-07
5.44587e-07
-2.64541e-07
4.50619e-07
-2.64154e-08
1.36463e-07
-1.96159e-06
-4.27959e-07
-1.01474e-06
-4.06287e-07
-3.25884e-07
-1.20567e-07
-5.36018e-08
3.92223e-08
-4.63676e-08
-1.88585e-06
1.1597e-07
7.64844e-07
7.99405e-07
3.95049e-07
1.99204e-07
-2.14408e-07
2.42186e-07
-5.61074e-08
1.10047e-07
-1.22994e-06
-2.12765e-07
-5.72317e-07
-1.59854e-07
-1.46264e-07
-2.79045e-08
-7.14533e-09
-1.17534e-06
6.13752e-08
3.88906e-07
4.32058e-07
1.62195e-07
7.16423e-08
-4.38651e-08
5.39399e-08
-7.00579e-07
-8.45032e-08
-2.70277e-07
-3.58413e-08
-3.50498e-08
-6.65804e-07
2.65996e-08
1.5516e-07
1.96165e-07
3.76715e-08
1.00747e-08
-3.35008e-07
-1.97721e-08
-7.08911e-08
-3.15753e-07
7.34415e-09
3.5573e-08
4.77462e-08
-9.06632e-08
-8.33191e-08
0.000597177
-0.00138178
-0.00106661
0.000323398
-0.000539915
0.000860691
-0.000537292
0.00054031
0.00130424
-0.000763927
0.00111381
-0.000267973
0.00157007
-0.00183804
0.000503455
-0.000298232
-0.00139491
0.000630982
0.000139432
-0.00031149
-0.000400483
4.44254e-05
-0.000121386
-0.000267064
0.00033185
-0.000732334
0.00117716
-0.000845312
0.00063987
-0.000755039
0.00207405
-0.00144306
0.000236006
0.00130968
-0.00107367
0.00101145
0.000358396
0.00101926
-0.0017743
-0.000423804
-6.03251e-05
0.000230334
-0.000290659
-3.67308e-05
-0.000769064
-6.73793e-05
-0.000701685
0.00137395
-0.00144133
0.000528637
-0.00124566
0.00142816
-0.00185196
0.000354481
0.000887056
-0.000532574
-0.00124545
0.000755123
-0.0013792
0.00105861
-0.000624081
0.000990113
-0.00223577
-0.000861847
0.000861471
0.000803654
0.001778
-0.000412958
0.000999355
-0.00149415
0.0013592
-0.00043554
-0.00116239
0.000749428
-0.000790958
-0.00132533
0.00138116
3.38684e-05
-0.0012936
0.00050264
-0.00107572
0.00030544
-0.000193148
0.000132845
-0.000325993
-0.00056884
0.000281263
-0.000850103
-0.00116007
0.000202728
-0.00136279
-0.00203305
0.00114368
-0.00200553
-0.000611106
-1.2975e-05
-0.000667343
0.000231804
-0.000680318
-2.44656e-05
-0.00200858
-0.00202999
-0.000901732
0.00170539
-0.000117105
0.00088225
0.000281891
0.00149611
0.00198728
0.001665
-2.67906e-05
0.00090904
-0.00101702
0.000990225
-0.000267588
-0.000587163
0.000621032
-0.000355359
-0.000971555
0.000703967
-0.000468915
-0.000798057
0.000329142
-0.000492617
0.000128415
-0.000251452
8.12183e-05
-0.000332671
-0.000768885
3.49868e-05
-0.000803871
-0.00132781
-0.00035087
-0.000976937
-0.00235945
0.000884656
-0.00124002
0.000204338
-0.00182565
-0.00142581
0.000185792
0.00092021
-0.00274587
-0.00143924
0.000538702
0.00144858
0.00144774
-0.00100918
0.00137382
0.000655816
0.00210439
9.87615e-05
0.00134898
0.00108899
4.39536e-05
0.00104503
0.00074792
0.000217724
0.000530196
0.000546866
0.000675281
-0.000750527
-0.000309034
1.00547e-05
-0.000319089
-0.000793817
-0.000349423
-0.000444394
-0.00132636
-0.00042479
-0.00090157
-0.00186403
0.00201385
-0.00182806
-0.000732017
0.00173274
-0.00248327
-9.53122e-05
0.00128856
-0.00202058
-0.00057547
-0.000617195
0.000863009
0.00075662
-0.00121316
0.00196978
0.000891229
0.00224021
0.00140606
0.000834146
0.0024511
0.00298129
-0.000632481
0.0020593
-0.00142682
0.00311575
-0.000134459
-0.000344734
0.000565041
-0.00114051
-9.40124e-05
-0.000250721
-0.000538406
-0.000119133
-0.000419273
-0.0010207
-0.000455662
0.00182451
0.000234797
-0.0017292
-0.000291382
-0.000733449
0.000968246
-0.000977302
-0.000163209
0.000648003
-0.000939386
-0.000329299
-0.00117903
0.000445582
-0.000325388
0.00053726
0.000537621
2.80696e-05
-0.00060587
0.0005778
-0.00115096
-0.000122757
0.00034928
-0.000226523
-0.000728627
-0.000703148
0.00124077
0.00126663
0.00210078
-0.000341404
-0.000809557
-0.00176823
0.00121701
0.000883771
0.00108255
-0.000685677
-0.000286477
0.000394877
-0.000558086
-0.000676777
0.000221115
-0.0002819
-0.000125807
-0.00016067
-0.000545079
-0.000323964
-0.00126106
0.000321673
-0.000292812
-0.000608686
0.000315873
-0.000163104
-0.000503041
-5.50441e-05
0.00083234
-0.000510668
-0.000676765
0.000513662
-9.89654e-05
0.000369133
-1.98528e-05
0.000270168
-0.000219655
0.000199802
1.72222e-05
0.00014469
-0.000161912
-0.000202433
-0.000428956
-0.000259315
-0.000169641
-0.00011303
0.000262334
0.00042423
-0.000149319
0.000573549
0.00109145
0.000317409
-0.000576724
-0.000411217
-0.00122077
0.00046874
0.000622709
-0.000666834
-0.000553941
0.00135251
-2.15661e-05
0.000109887
0.000240768
0.000113872
-0.000274542
-1.08462e-05
-0.000466345
0.000184445
-0.00052139
-0.000100945
-0.000173597
-0.000424909
-0.000240464
0.000483839
2.98225e-05
-0.000799712
0.000289045
-0.000532027
1.06377e-05
-0.000242982
-0.000300947
0.000330769
-0.000346574
4.56269e-05
-7.64061e-05
-0.000238838
0.000162432
-3.9036e-05
-0.000132059
9.30232e-05
1.26306e-05
5.50584e-06
2.43901e-05
-2.9896e-05
1.27628e-05
-2.40514e-05
4.84415e-05
6.98298e-05
-9.38811e-05
8.24603e-05
-4.69427e-05
-4.69384e-05
-0.000208855
-2.42639e-05
-5.63204e-06
-7.12023e-05
-1.78863e-05
-0.000102311
-0.000106544
-0.000271952
-0.00010421
-0.000167742
-0.000680935
-9.43058e-05
0.000335074
0.000479243
0.00110195
-0.000443762
-0.000237173
0.000997703
0.00010425
1.87279e-05
2.62041e-05
0.000128615
4.66008e-05
8.20139e-05
0.000381675
5.4045e-05
-0.000227642
1.35558e-05
-7.32801e-05
-0.000154362
-0.000313744
-0.000303106
-0.000234945
-6.81609e-05
-0.000477928
-0.000147158
0.000192025
-2.95927e-05
-0.000237652
9.04935e-05
5.34931e-05
2.89672e-05
0.000146516
0.000116924
4.10035e-05
7.43795e-06
6.99707e-05
1.77098e-05
-4.91632e-05
-2.20392e-05
-0.000155707
-2.31057e-05
5.21944e-06
-4.51449e-05
-2.80838e-06
1.52505e-05
-1.51543e-07
4.14546e-05
-0.000103324
-5.23828e-05
-0.000271066
-0.00014875
-0.000122316
-0.000385922
0.000342327
3.93477e-05
0.000446577
6.06542e-05
9.45487e-06
3.19997e-05
9.14688e-05
0.000130817
9.71348e-05
-2.71641e-05
0.000214058
-0.000236391
8.20287e-05
-0.000304552
-1.85674e-05
-5.39865e-06
-8.07334e-06
7.92179e-06
-6.56298e-06
-4.08157e-05
-4.32911e-06
-9.31985e-05
-1.27298e-05
9.92142e-06
-1.70589e-05
6.2674e-06
1.14646e-05
-3.54279e-06
4.34643e-05
-7.53197e-05
-1.78788e-05
-0.000197636
-0.000136982
3.34934e-05
9.97096e-06
0.00016431
2.73283e-05
-8.42527e-06
4.88248e-06
5.09501e-06
-8.19961e-06
-1.46797e-06
-9.89324e-06
-7.68393e-07
-7.43121e-06
-3.47401e-06
-3.03855e-05
1.33266e-05
-4.82643e-05
-1.8165e-06
8.08391e-06
1.15101e-05
8.08333e-06
1.31598e-05
-8.27734e-06
2.31308e-05
3.05213e-05
-7.39054e-06
-5.78496e-05
9.58533e-06
-4.51054e-07
-9.44219e-06
-8.72839e-06
-2.52318e-06
-4.90803e-06
-1.19654e-05
-2.04736e-06
-6.95539e-06
2.832e-06
8.67806e-06
1.24173e-05
-4.25858e-06
7.67819e-06
3.82475e-06
1.25028e-05
-2.58168e-06
-6.14671e-06
-9.97222e-06
-1.12818e-05
1.30959e-06
1.13551e-06
8.3131e-07
6.84688e-06
4.07355e-06
-8.19669e-06
-3.76868e-06
-1.43434e-05
-4.77288e-06
-8.54156e-06
4.986e-07
6.34828e-06
1.30014e-05
1.41369e-05
-1.30107e-05
-1.3327e-06
1.17011e-05
2.43582e-06
2.1414e-06
8.48968e-06
-7.32262e-06
-8.65532e-06
-8.94849e-06
6.51267e-06
)
;

boundaryField
{
    movingWall
    {
        type            calculated;
        value           uniform 0;
    }
    fixedWalls
    {
        type            calculated;
        value           uniform 0;
    }
    frontAndBack
    {
        type            empty;
        value           nonuniform List<scalar> 0();
    }
    defaultFaces
    {
        type            empty;
        value           nonuniform List<scalar> 0();
    }
}


// ************************************************************************* //
