/*--------------------------------*- C++ -*----------------------------------*\
  =========                 |
  \\      /  F ield         | OpenFOAM: The Open Source CFD Toolbox
   \\    /   O peration     | Website:  https://openfoam.org
    \\  /    A nd           | Version:  8
     \\/     M anipulation  |
\*---------------------------------------------------------------------------*/
FoamFile
{
    version     2.0;
    format      ascii;
    class       surfaceScalarField;
    location    "0.018";
    object      phi;
}
// * * * * * * * * * * * * * * * * * * * * * * * * * * * * * * * * * * * * * //

dimensions      [0 3 -1 0 0 0 0];

internalField   nonuniform List<scalar> 
662
(
-1.94223e-05
1.53197e-05
4.10326e-06
1.96463e-05
-3.90686e-05
-8.35446e-05
3.44006e-05
6.44638e-05
-1.64639e-05
2.05671e-05
-0.000143853
7.99544e-05
9.93851e-06
-4.90071e-05
8.87732e-05
-7.08365e-05
-2.13316e-05
4.18987e-05
-0.000171263
3.73491e-05
1.70209e-06
-5.07092e-05
2.01685e-06
-0.00011586
-4.35135e-06
0.000118195
-3.27131e-05
3.47299e-05
0.000155151
-8.77092e-05
5.31601e-05
-1.12614e-05
-0.000174279
4.7182e-06
-7.71526e-07
-4.99377e-05
1.10664e-06
-0.000111221
-5.74622e-06
-3.16064e-05
5.49518e-05
-1.79168e-06
0.000185277
-4.13876e-05
-0.000172275
-2.77592e-06
-2.23873e-06
-4.7699e-05
3.50691e-06
-9.82542e-05
-1.64733e-05
-2.80996e-05
5.46622e-05
2.89578e-07
0.000188262
-4.77685e-06
-1.38892e-06
0.000117463
-0.000117663
1.58842e-06
3.31227e-05
-3.45116e-05
-0.000167736
-6.77746e-06
-3.89891e-05
-8.70985e-06
-2.09479e-05
-1.80412e-05
-1.62491e-05
-4.69877e-06
4.60217e-06
-8.38454e-05
-1.9011e-05
-2.34974e-05
-0.000140607
-0.00075749
0.000898097
5.78983e-05
-3.2361e-06
8.77212e-05
-2.98229e-05
-5.28858e-05
0.000188855
-3.03039e-07
-4.55407e-07
0.00011469
3.22874e-06
3.26673e-05
-0.000144727
-3.17196e-05
-9.13018e-05
-7.1466e-05
-4.21451e-05
-6.54058e-05
2.10206e-05
-2.57193e-05
3.26222e-06
-7.32133e-05
-1.38943e-05
-2.02352e-05
-0.00038578
0.000703982
-0.00107569
-0.000952818
0.00185092
0.000206146
-2.05271e-05
0.000284986
-0.000108663
-0.000153679
-3.42454e-06
0.00010177
1.63445e-05
2.92428e-05
-0.00011032
8.91951e-05
2.57459e-05
-5.14652e-05
-2.39844e-07
-3.63576e-07
-7.26099e-05
-2.04751e-05
0.00134972
-0.00159856
-0.000105967
0.00195688
-3.94612e-06
8.84932e-05
1.7223e-05
2.52966e-05
-0.000186884
0.000102311
-6.2688e-05
1.12228e-05
0.0016059
-0.000362143
0.00198989
-3.3007e-05
-2.73122e-06
7.62104e-05
1.50139e-05
2.25654e-05
-6.49608e-05
2.27286e-06
-0.000216183
4.05212e-05
0.00198809
1.80051e-06
0.00169956
-0.000126673
-5.49702e-06
2.9762e-05
5.19454e-05
1.70684e-05
-6.43327e-05
-6.28147e-07
-0.000220344
6.43408e-06
-8.54394e-08
-0.000106839
0.000103555
3.36918e-06
-3.015e-05
3.00645e-05
0.00195823
2.98576e-05
0.00172018
-1.88169e-05
-0.00180466
0.00095001
0.000854648
-6.49018e-05
5.69126e-07
0.00191415
4.40853e-05
0.00187595
3.81995e-05
7.12891e-05
0.000155456
0.000794554
9.68604e-05
5.85961e-05
3.19586e-05
-0.000220828
-1.44711e-07
-4.04452e-07
-0.000107555
1.12057e-06
-3.05544e-05
0.00170084
4.91948e-05
-0.000177187
-7.87042e-06
4.18242e-05
0.000143233
-0.00135856
0.000781291
0.00143192
-0.000231847
1.15888e-05
0.0016605
8.44322e-05
0.00157486
0.000123832
0.000287592
0.000409895
0.00116595
0.000311583
0.000156908
0.000111695
-8.13616e-08
-0.000106525
-9.48287e-07
-3.06357e-05
-0.000184675
-1.51753e-06
9.00571e-06
-5.46142e-05
4.67438e-05
4.101e-07
-0.00010464
-2.29533e-06
-3.02256e-05
-0.000168951
4.77956e-06
-2.05037e-05
-5.61317e-05
1.54319e-06
-9.48581e-05
-1.13253e-05
-2.86824e-05
-0.000146454
7.37834e-06
-2.98753e-05
-5.13522e-05
7.948e-06
-4.25821e-05
-6.0224e-05
-2.07344e-05
-0.000131165
4.3153e-06
-1.96044e-05
-4.39739e-05
3.81059e-06
-1.98151e-05
-0.000115161
-3.96586e-05
-3.58481e-05
0.000471433
-0.000391479
-0.000132234
0.000196698
0.000339199
0.000125861
-0.000900369
0.000490488
0.000409881
-0.000506148
-0.000394221
-0.000629573
0.000350096
0.000279477
-0.000139086
-0.000706341
0.000200193
-0.000114711
-0.00059163
-0.000347727
0.000233016
0.000198055
-0.000589534
-0.000601682
0.000799737
-0.000995902
3.80271e-05
-0.000629657
-0.000957875
-0.000552184
-9.50423e-05
-0.000534615
-0.000352078
-0.000447121
-0.000389239
0.0005151
-0.000749697
0.00115958
-5.00396e-05
0.000108599
0.00105098
0.000458695
0.000427391
9.33421e-05
0.000365353
0.00039958
-0.000120104
0.000492922
-0.000447048
0.000326944
-0.000586133
-0.00038594
-0.000152925
3.47299e-05
0.00020213
-0.000754314
-0.000755746
-0.00129036
-0.000749596
-5.43663e-05
-0.00123599
-0.000452867
-0.000507233
-0.000226565
0.000653955
0.000824415
0.00118977
0.000612568
0.000226571
0.000963197
0.000381869
0.000111053
0.000608441
0.000174769
0.000152175
0.000285823
3.45117e-05
0.000113978
-0.000863574
-0.00112202
-0.00086635
2.78372e-05
-0.00114985
-0.000523707
-0.000495869
-0.000161089
0.000773657
0.000802107
0.00076888
0.000415843
0.000192598
0.00121795
0.000287411
0.000480009
1.15134e-05
-0.000877864
-0.00113834
-0.000884641
-0.00119571
5.73737e-05
-0.000778993
-0.000416721
-0.00051488
-0.000457507
0.000735736
3.31447e-05
0.000735433
0.00123044
-1.24861e-05
0.00126358
0.000483237
0.000470751
-0.000311066
-0.000573575
-0.00109006
-0.000887936
-0.000202123
-0.000605294
-0.000367803
-0.000520133
0.000373594
-0.000575717
-0.000659647
0.000242926
-0.000286053
-0.000471401
-0.000228475
0.000864128
-0.000128695
0.0008436
0.00133441
-7.08305e-05
0.00120572
0.000487096
0.000416265
0.000291393
-0.000434268
0.000142876
-0.000284324
-0.000652127
-0.000128033
-0.000306236
0.000331501
-0.000402967
-0.000273794
-0.000793927
5.68906e-05
-0.000850817
-0.000595237
-0.000121134
-0.000281832
-0.00018654
-9.73452e-05
-0.000371549
8.54959e-05
-0.000228673
-0.000228838
-0.000143342
-0.000152213
-7.64606e-05
-0.000280245
-0.000127097
-0.000153148
0.00140684
-0.00156052
0.00200009
-0.000593251
0.000924402
-0.000674157
0.000818081
2.55194e-05
0.000709418
-0.000851105
-0.000783883
0.000809402
0.00126892
-6.32048e-05
0.000485039
0.000433488
0.000370284
0.000494849
-0.00134595
0.0013424
-0.000847549
0.000466909
-0.000594006
-0.000160673
-0.000434563
9.46725e-05
-0.000376505
0.000756145
-0.00119071
-0.00047385
-0.000413077
-0.000180929
-0.000371539
-0.000501863
8.87863e-05
2.18384e-05
-0.000523701
-0.000236427
9.3085e-05
-0.000312888
0.000466036
-0.00037725
-2.04751e-05
-0.00224738
0.00165413
-0.000904978
0.000979969
-0.000727238
-0.00017774
0.000617826
0.00117033
-0.000360929
-0.000175623
0.000617181
-0.000132142
0.000256252
0.000385298
0.000253155
0.000558462
-4.30462e-05
-0.000515416
-0.000130665
-0.000716884
-0.000857904
-0.000299442
0.000268793
-0.000444416
-0.00044809
-0.000811326
-0.000379382
-0.000992255
-0.000970417
-0.000750921
-0.0007104
-7.9662e-05
-0.000890755
-0.000470525
-5.31767e-05
-0.000550187
-0.00024363
-0.00013362
-0.000296807
-3.00646e-05
-0.000779079
0.000601339
-0.000822125
0.00121916
0.00109249
-0.000299869
-0.000522256
0.000515844
-0.000815712
0.000457803
-0.000201551
1.33868e-05
0.000766671
-0.000250827
0.000251255
0.000282917
8.13662e-05
0.000356165
-0.00010491
5.67237e-05
0.000207415
-0.000194028
-0.000240675
-0.000183951
-0.00039336
0.000142533
-0.000116686
-0.000774069
-0.000827086
-0.000820652
-0.000416946
-0.000133241
-0.00119101
-0.000293438
-0.000426679
0.000174661
-0.000696917
0.00126715
0.00124834
-0.000466175
-0.000349538
-0.00116309
-0.000351536
-0.000701074
0.00015038
-6.90138e-05
-4.36483e-05
-0.0002276
0.00033251
-0.000189977
1.70684e-05
-4.67437e-05
-0.000872839
5.21868e-05
-0.000872983
-0.00115399
-3.70288e-05
-0.0011018
-0.000425558
-0.000462587
0.0012302
1.81313e-05
0.0012794
-0.00109884
-6.42537e-05
-0.00108071
-0.000692068
-0.000756322
0.0011578
0.00027412
0.00232375
-0.00085936
-1.36237e-05
-0.000847771
-0.000962945
-0.000138854
-0.000976569
-0.000463535
-0.000602389
0.00127162
7.78377e-06
0.00135605
-0.00121701
0.000136304
-0.00120923
-0.000776825
-0.000640521
0.00110454
-0.000816952
0.00137866
-0.000855358
7.58689e-06
-0.000743663
0.00122257
0.000133477
0.0013464
0.00052945
-0.00177813
0.00103447
-0.000702524
0.00208119
-0.00162122
0.00106096
-2.649e-05
0.000815303
-0.000807716
-0.00117095
0.000194382
-0.000355648
-0.000604685
-0.000410303
0.000683578
-0.000550101
-0.00128959
8.03614e-05
-0.000606011
-0.000670396
-0.000590035
-0.000360694
0.000890144
0.00172049
0.00109703
-3.60692e-05
0.000289313
-0.000917981
0.00036788
-2.78372e-05
0.000706979
0.00101352
0.000680489
0.000408274
0.000272215
0.000372205
-0.0006091
0.000253452
-0.000319787
-0.000421628
-0.000168176
-0.000810231
0.00020422
-0.000442351
-0.00060964
-0.000405419
-0.000640884
0.000613047
0.000372632
-0.000459396
0.000139609
-8.71915e-05
-0.000664319
0.000221968
-5.12722e-05
-0.000289009
0.000201818
-1.67945e-05
0.000355837
-0.000210758
-7.1149e-05
-0.000425234
-0.000203267
-0.000354275
0.000151009
-0.000152107
8.09584e-05
4.97103e-05
-0.000405547
-2.07344e-05
3.58481e-05
)
;

boundaryField
{
    movingWall
    {
        type            calculated;
        value           uniform 0;
    }
    fixedWalls
    {
        type            calculated;
        value           uniform 0;
    }
    frontAndBack
    {
        type            empty;
        value           nonuniform List<scalar> 0();
    }
    defaultFaces
    {
        type            empty;
        value           nonuniform List<scalar> 0();
    }
}


// ************************************************************************* //
