/*--------------------------------*- C++ -*----------------------------------*\
  =========                 |
  \\      /  F ield         | OpenFOAM: The Open Source CFD Toolbox
   \\    /   O peration     | Website:  https://openfoam.org
    \\  /    A nd           | Version:  8
     \\/     M anipulation  |
\*---------------------------------------------------------------------------*/
FoamFile
{
    version     2.0;
    format      ascii;
    class       volVectorField;
    location    "0.018";
    object      U;
}
// * * * * * * * * * * * * * * * * * * * * * * * * * * * * * * * * * * * * * //

dimensions      [0 1 -1 0 0 0 0];

internalField   nonuniform List<vector> 
424
(
(-0.00285889 -0.000158733 6.78152e-26)
(-0.0139335 0.000935672 0)
(-0.0125627 0.0026607 2.06828e-23)
(0.000145471 0.00305704 -1.09402e-24)
(-0.0447619 0.00489721 -2.501e-23)
(-0.0218889 0.000819577 -3.37993e-23)
(-0.00287319 0.0132316 3.02271e-24)
(-0.000966774 0.014714 -5.97074e-25)
(-0.0649315 0.0024934 -3.60263e-23)
(-0.0245295 0.000293389 3.10253e-23)
(-0.0668506 0.00214864 9.44355e-23)
(-0.0229531 0.000434189 0)
(-0.00494201 0.0474857 1.26654e-24)
(-0.000931141 0.0232049 0)
(-0.0704721 0.000560695 3.29303e-23)
(-0.0243731 -4.15951e-05 1.74738e-23)
(-0.0561436 0.000658245 0)
(-0.0187815 7.49835e-05 0)
(-0.000339398 0.0257773 0)
(-0.0025741 0.0690728 -2.8198e-23)
(-0.0695309 3.36749e-05 3.48757e-23)
(-0.0245353 -0.000336361 -1.87147e-23)
(-0.0544766 0.000232384 0)
(-0.0187528 5.54346e-05 0)
(1.27137e-05 0.02481 1.31124e-23)
(-0.00021298 0.073869 2.54463e-23)
(-0.00220263 0.0652353 -3.68786e-23)
(-0.000389947 0.0223372 -3.8241e-23)
(-0.0709689 -0.000352586 5.86607e-23)
(-0.0220288 -0.00081916 0)
(-0.0142836 -0.000939193 -1.30956e-22)
(-0.00296676 0.000181861 0)
(-0.0504366 -1.50285e-05 -1.05539e-22)
(-0.0172427 3.8769e-05 9.86905e-23)
(-0.0222325 0.0479004 6.84067e-23)
(0.000236706 0.0254721 0)
(0.000119304 0.0283399 -2.26655e-22)
(0.00336925 0.0624197 2.33495e-22)
(7.9184e-05 0.0707121 2.80352e-23)
(-0.000412294 0.0572026 3.92283e-24)
(-9.57607e-06 0.0191359 -3.85047e-24)
(-0.0660195 -0.00245635 -1.0512e-22)
(-0.046278 -0.00520132 1.32766e-22)
(-0.0135324 -0.00297339 0)
(0.000180622 -0.00327668 -2.95881e-22)
(-0.0470907 -0.000260197 3.47192e-22)
(-0.0155116 -3.21332e-05 0)
(-0.106185 0.152207 -1.89158e-22)
(0.809154 0.0278776 -5.03618e-23)
(-0.000676635 0.0739369 -1.62652e-23)
(-0.00586451 0.0826012 0)
(-0.00526061 0.164182 -3.61305e-24)
(-0.000235112 0.0551156 0)
(-4.35342e-05 0.0190397 0)
(-0.0038366 -0.0145542 5.94622e-23)
(-0.00121746 -0.0162238 2.58796e-22)
(-0.0506801 -0.000597542 0)
(-0.0167531 -0.000145501 0)
(0.405132 0.118589 1.41999e-22)
(0.860601 -0.00379148 -1.20324e-23)
(0.000139969 0.0518737 -9.30994e-23)
(-9.31685e-06 0.017922 8.82481e-23)
(-0.00637353 -0.0513973 0)
(-0.00100679 -0.0254355 0)
(0.548648 0.0126696 1.57907e-22)
(0.881411 -0.00215552 0)
(0.000377905 0.0491999 -8.01643e-23)
(9.44e-05 0.0167541 7.37702e-23)
(-0.000329872 -0.0278702 6.02053e-23)
(-0.00287261 -0.0745393 -1.85792e-23)
(0.879348 -0.0012891 -1.36823e-23)
(0.622095 0.00198095 -1.16652e-22)
(-0.00233037 0.0531746 0)
(-0.000219674 0.0201635 0)
(7.83956e-05 -0.0274814 4.72272e-23)
(-0.000376152 -0.0789349 1.90854e-23)
(-0.00178135 -0.0626509 -3.95314e-22)
(-0.000320156 -0.0214209 0)
(0.87782 -0.000318364 1.29259e-23)
(0.632627 -0.000738975 -4.98808e-23)
(0.826538 -0.0267802 0)
(0.000333771 -0.0273487 -9.09026e-23)
(0.880427 0.0014084 0)
(0.885464 0.0020548 0)
(0.865044 0.00377019 0)
(-0.0194911 -0.0489679 0)
(0.00357558 -0.0674023 -4.79445e-22)
(0.000145486 -0.0294507 5.94092e-22)
(0.00029379 -0.0776982 4.36126e-23)
(-0.000526835 -0.0548843 0)
(-3.45293e-05 -0.0183907 0)
(0.635066 -0.000731558 -2.07736e-23)
(-0.107787 0.00181746 -4.18274e-23)
(0.446777 -0.115076 9.6432e-22)
(-0.000488527 -0.079259 -8.90332e-23)
(0.637339 0.00129255 -1.2357e-22)
(0.639081 -0.0013161 2.57009e-22)
(0.567184 -0.010646 -1.24132e-21)
(-0.108588 -0.153186 -1.80589e-22)
(-0.00660927 -0.176201 6.99471e-22)
(-0.00666463 -0.0860117 -5.67895e-22)
(5.076e-05 -0.0545195 -3.09312e-23)
(3.35538e-05 -0.0188191 2.99969e-23)
(-0.0959934 3.30991e-05 0)
(-0.0414351 -6.11304e-05 -4.06011e-23)
(0.000375804 -0.0565154 -1.38313e-22)
(5.89761e-05 -0.0195818 -1.31502e-22)
(-0.0982987 -0.000325399 2.38608e-23)
(-0.0347057 -1.84407e-07 0)
(-5.79683e-05 -0.0552588 9.95097e-23)
(8.59222e-05 -0.0191245 -9.48638e-23)
(-0.0917973 -0.000140914 -2.47765e-22)
(-0.0360182 -0.000113121 -2.25929e-23)
(-0.00307136 -0.0576329 0)
(-0.000244652 -0.0225864 0)
(-0.0847154 0.000325169 1.35439e-22)
(-0.033441 -6.75477e-05 0)
(-0.0961291 -0.00156516 0)
(-0.0301422 -4.14308e-06 1.21152e-22)
(-0.0358747 -9.86412e-05 0)
(-0.0749705 0.0160277 2.51735e-24)
(-0.0224381 0.0111285 0)
(-0.0598506 0.033045 0)
(-0.0114013 0.0235547 -1.72494e-24)
(-0.122161 0.100777 2.59651e-23)
(-0.14813 0.069818 4.69962e-22)
(-0.081494 0.128338 3.65385e-23)
(-0.10134 0.110015 -1.23072e-23)
(-0.145482 0.0589894 -7.90888e-22)
(-0.150014 0.0352363 -2.59538e-23)
(-0.128952 0.0269731 -7.09523e-22)
(-0.1152 0.0270675 -1.91779e-22)
(-0.136979 0.0447583 -6.32372e-22)
(-0.155657 0.0480813 8.25833e-22)
(-0.162592 0.0230127 -5.93415e-22)
(-0.169124 0.0254643 1.06996e-22)
(-0.105326 0.00630914 1.80574e-22)
(-0.155283 0.00697904 1.23079e-21)
(-0.103593 0.00519599 2.58388e-22)
(-0.128357 0.00276512 3.36596e-22)
(-0.0344251 0.0606257 2.76291e-23)
(-0.0970519 0.1061 0)
(-0.0671397 0.0636542 -2.28705e-23)
(-0.0952202 0.0856892 0)
(-0.0690145 0.130215 5.48048e-23)
(-0.0706974 0.139357 -1.41131e-22)
(-0.0180448 0.0811104 -5.47135e-25)
(-0.04724 0.155327 2.1911e-22)
(-0.0659074 0.126566 -4.85379e-23)
(-0.0445586 0.148604 2.84173e-22)
(-0.0582992 0.0986001 -6.42011e-23)
(-0.0924573 0.0875062 -2.7108e-23)
(-0.103139 0.0627722 0)
(-0.0902504 0.0340825 1.21346e-22)
(-0.0221514 0.00230473 -2.94505e-22)
(-0.0621871 0.0133737 3.39773e-22)
(-0.150538 0.00833294 0)
(-0.168128 0.00871003 0)
(-0.176423 0.00216961 -8.54116e-22)
(-0.117534 0.000702961 -1.54017e-21)
(-0.170428 0.00221698 2.78682e-21)
(-0.0967302 0.00146999 7.04197e-22)
(-0.135988 -0.00024231 7.37271e-22)
(-0.0326896 0.123173 -2.54758e-23)
(-0.0415693 0.143618 2.48156e-23)
(-0.0319913 0.167026 -2.35069e-22)
(-0.00604153 0.111196 7.85134e-22)
(-0.0194508 0.171459 1.16454e-22)
(-0.0245708 0.142333 4.91193e-23)
(-0.0140106 0.158155 -2.98731e-22)
(-0.0317925 0.0846329 1.74224e-22)
(-0.0195087 0.124492 -1.15848e-21)
(-0.0136335 0.0611142 0)
(-0.00232618 0.0218122 0)
(-0.159818 -0.000878579 8.71773e-22)
(-0.1756 -0.000167348 -2.60026e-21)
(-0.120097 0.000665943 -9.18202e-22)
(-0.167774 0.00012549 2.90887e-21)
(-0.0946595 -4.26871e-05 -1.15196e-21)
(-0.136722 -0.000440185 1.43598e-21)
(-0.00519087 0.154399 -7.02157e-22)
(-0.00632602 0.171538 5.23883e-22)
(0.00107913 0.121017 0)
(-0.00465538 0.150617 0)
(-0.00169414 0.176085 -1.05566e-21)
(-0.00376619 0.0979904 7.90956e-22)
(-0.000386554 0.125835 0)
(-0.159665 0.00191791 8.72717e-22)
(-0.173763 0.00115416 1.99427e-22)
(-0.123725 0.00064289 1.25853e-21)
(-0.167123 -0.00164704 -1.91344e-21)
(-0.172375 -0.003243 -2.01468e-21)
(-0.091119 -0.000681587 -2.26605e-21)
(-0.128599 -0.000634294 9.84322e-22)
(0.00346118 0.158283 7.69037e-22)
(0.000847721 0.11572 -8.14345e-22)
(-0.000503561 0.170543 2.56131e-21)
(0.00211429 0.175899 -1.97943e-21)
(-0.000663962 0.0994492 0)
(0.000588379 0.137352 0)
(-0.152045 -0.00602558 -1.44787e-21)
(-0.170236 -0.00845946 0)
(-0.169105 -0.0258868 1.76431e-21)
(-0.107352 -0.00615396 1.05485e-21)
(-0.159497 -0.0333579 -1.96513e-21)
(-0.160911 -0.0309585 -3.24532e-21)
(-0.145767 -0.00702023 1.95941e-21)
(-0.1518 -0.0228383 1.79043e-21)
(-0.0904114 -0.000752961 -2.94549e-22)
(-0.115954 0.000360961 0)
(-0.000363492 0.158107 -4.29284e-22)
(-0.00387516 0.124873 0)
(0.000983948 0.169251 0)
(-0.000300857 0.174268 3.28409e-22)
(-4.80637e-05 0.0937818 0)
(0.00163384 0.135864 0)
(-0.140113 -0.0617141 0)
(-0.152036 -0.0547259 -2.16021e-21)
(-0.152055 -0.0584381 2.91795e-21)
(-0.126861 -0.0822725 0)
(-0.073947 -0.0152852 0)
(-0.119472 -0.0260234 -1.21691e-21)
(-0.137185 -0.0330519 -2.28029e-21)
(-0.125608 -0.0647419 2.8e-21)
(-0.13706 -0.07704 -1.47769e-22)
(-0.060831 -0.0317758 -7.01093e-22)
(-0.0236016 -0.0112103 0)
(-0.0129566 -0.0243684 2.14804e-21)
(-0.129091 -0.0315988 7.39439e-22)
(-0.133078 -0.0535683 -1.83696e-21)
(-0.0824714 -0.00141436 -1.30449e-21)
(-0.111997 -0.0252822 1.86408e-21)
(-0.111221 -0.0680917 8.62142e-22)
(-0.114475 -0.0834752 0)
(-0.0987755 -0.0965844 1.57234e-21)
(-0.03146 0.229828 3.1884e-24)
(-0.130738 0.295606 -2.99042e-21)
(-0.142025 0.222607 3.13592e-21)
(0.117329 0.186009 -2.53094e-21)
(-0.0158242 0.161604 1.44269e-21)
(-0.0182594 0.132185 -1.74686e-21)
(-0.0502003 0.199797 -8.9354e-22)
(-0.0171552 0.172348 -3.08461e-21)
(0.000734151 0.165909 -7.92582e-22)
(-0.00787964 0.169844 3.19769e-21)
(0.00108009 0.0891715 0)
(0.00212782 0.126714 2.91354e-22)
(-0.0655935 0.190054 4.23984e-21)
(-0.105389 0.184464 -1.32158e-21)
(-0.101495 -0.112372 4.14943e-21)
(-0.120863 -0.0985181 2.47506e-21)
(-0.118585 -0.100481 -3.32809e-21)
(-0.0723285 -0.0580187 5.3214e-22)
(-0.0904448 -0.113075 0)
(-0.0956424 -0.0809404 2.47647e-22)
(-0.0358192 -0.0591681 -3.00239e-21)
(-0.0800514 -0.133092 -5.84035e-21)
(-0.0212051 -0.0834585 0)
(-0.0660462 -0.134109 2.05053e-21)
(-0.0469844 -0.150605 0)
(-0.0750544 -0.0260541 3.18581e-21)
(-0.0910183 -0.0588158 0)
(-0.0571175 -0.100578 -4.67358e-21)
(-0.0818281 -0.0897765 1.13929e-21)
(-0.0164821 -0.00137024 1.36636e-21)
(-0.0483097 -0.00898615 -5.48718e-21)
(-0.110455 0.233944 -5.35138e-22)
(-0.134595 0.196511 0)
(0.00602953 0.192536 1.97603e-21)
(-0.143748 0.104162 -1.29856e-21)
(0.259791 0.0560711 9.63097e-22)
(-0.028534 0.168963 2.02111e-21)
(-0.0511836 0.167666 -2.27703e-21)
(-0.00882735 0.140996 -1.6748e-21)
(-0.0196758 0.143224 2.89052e-21)
(0.00076311 0.0866127 1.35068e-21)
(-0.00645882 0.111395 -8.93237e-22)
(-0.16479 0.0156855 0)
(-0.114619 0.11809 -1.92146e-21)
(-0.147664 0.0822282 1.0783e-22)
(-0.154776 0.0433815 3.15079e-21)
(-0.0567271 0.128592 -1.23203e-21)
(-0.09048 0.105735 1.20032e-21)
(-0.0594468 -0.138137 2.24917e-22)
(-0.0591709 -0.152444 5.05394e-22)
(-0.0445093 -0.162319 0)
(-0.0352964 -0.119817 -2.8398e-22)
(-0.00810624 -0.1217 1.9024e-23)
(-0.0265782 -0.167502 -3.58357e-21)
(-0.0290238 -0.145885 1.83288e-21)
(-0.020032 -0.157543 -2.02692e-21)
(-0.0314651 -0.0879015 3.19442e-21)
(-0.0230915 -0.124804 -2.6525e-21)
(-0.0119187 -0.0579466 0)
(-0.00207541 -0.0203522 0)
(-0.0624608 0.0549951 -4.56645e-22)
(-0.12506 0.024906 1.64519e-21)
(0.0972679 0.0585943 -6.74791e-22)
(0.368229 0.0172066 1.68614e-21)
(-0.134616 0.0151604 0)
(-0.182686 0.00951757 0)
(-0.0179833 0.110578 -2.09594e-21)
(-0.0361139 0.105834 0)
(-0.172063 -0.00634393 0)
(-0.169653 -0.000696357 0)
(-0.00706298 0.0810138 0)
(-0.00731095 0.0904269 -9.52987e-22)
(-0.129983 0.00131965 0)
(-0.128623 0.0285687 -3.19113e-21)
(-0.0474014 0.0575095 0)
(-0.0873178 0.0614111 0)
(-0.102395 0.0348426 2.70376e-21)
(-0.156983 -0.0121943 5.68126e-22)
(-0.0114143 -0.170657 2.50935e-21)
(-0.010795 -0.156951 0)
(0.00022686 -0.127163 -4.01547e-23)
(-0.00683377 -0.149832 0)
(-0.00331822 -0.174597 0)
(-0.00427541 -0.0966875 -3.50881e-21)
(-0.00262066 -0.124641 3.20111e-21)
(-0.0557634 0.0164917 0)
(0.114465 0.0120631 -1.39851e-21)
(0.368027 0.00260614 0)
(-0.19203 0.00399238 -4.7055e-22)
(-0.164893 0.00882846 1.37875e-23)
(-0.147771 0.00523554 -2.51579e-22)
(-0.180124 0.00594945 1.31038e-22)
(-0.00569387 0.0272874 5.50013e-21)
(-0.0350585 0.0210408 -1.03186e-21)
(-0.0738251 0.00797958 -2.12577e-21)
(-0.0865401 -0.0158252 0)
(-0.0874913 -0.00680484 0)
(0.000206328 0.00825961 1.73023e-21)
(-0.000545212 0.020424 -6.52925e-21)
(-0.0663093 -0.00616327 0)
(0.00189502 -0.16389 -5.43577e-22)
(0.000388401 -0.126944 3.98057e-23)
(-0.00170518 -0.168442 -4.62394e-21)
(0.00111372 -0.175427 4.30101e-21)
(-0.0013939 -0.0944239 0)
(0.00025422 -0.134734 -5.3491e-22)
(0.0883659 -0.00253222 0)
(0.35586 -0.00154683 0)
(-0.178237 -0.00173846 4.21741e-22)
(-0.104849 -0.00198215 -3.60979e-22)
(-0.153799 0.000231945 3.3315e-22)
(-0.190537 0.00676518 -5.51936e-22)
(-0.0254422 -0.000958602 0)
(0.129589 -0.18556 -5.75523e-21)
(-0.151064 -0.225287 9.81379e-21)
(-0.000440442 -0.161941 1.67116e-22)
(-0.00334125 -0.129187 0)
(0.000970996 -0.168043 3.94614e-21)
(-0.00049159 -0.174333 -2.87633e-21)
(0.000599679 -0.0918301 0)
(0.00231349 -0.139566 -1.02788e-21)
(0.0802557 -0.000325932 -3.83037e-23)
(0.349959 -0.00333185 -2.09111e-21)
(-0.200224 -0.00308743 -2.13231e-21)
(-0.11373 -0.000417847 -6.21277e-22)
(-0.156825 0.00166261 5.28446e-22)
(-0.198257 -0.00175604 0)
(0.262476 -0.0521725 -6.95493e-21)
(0.0220095 -0.164331 -6.39959e-21)
(-0.0151823 -0.162679 0)
(-0.0196566 -0.136189 0)
(0.121084 -0.00808629 -3.05981e-21)
(0.376031 -0.0153297 2.60471e-21)
(0.120863 -0.0575259 1.15721e-20)
(-0.0562112 -0.203871 0)
(-0.117173 -0.215288 9.18195e-21)
(-0.036326 -0.244971 1.59982e-21)
(-0.150053 -0.301767 -2.59233e-21)
(-0.0692398 -0.185322 -1.23388e-23)
(-0.0156006 -0.171888 -3.83576e-21)
(0.000262968 -0.167008 1.64907e-21)
(-0.0064242 -0.169504 6.0699e-21)
(0.00115285 -0.100946 -3.64281e-21)
(0.000249448 -0.136858 2.36535e-21)
(-0.0593653 -0.013647 2.44894e-21)
(-0.180401 0.00255518 3.71955e-21)
(-0.176121 -0.00579351 -3.36403e-21)
(-0.148686 7.52228e-05 2.47726e-22)
(-0.181739 -0.000158352 0)
(-0.071284 -0.0629295 -3.84095e-21)
(-0.154303 -0.167754 -2.62571e-21)
(-0.0467187 -0.164813 -6.3834e-21)
(-0.0281949 -0.165975 7.54895e-22)
(-0.13754 -0.0137167 0)
(-0.125551 -0.0258313 -9.94993e-22)
(-0.13645 -0.166201 -6.73615e-21)
(-0.0933505 -0.169233 8.6909e-21)
(-0.0776812 -0.121995 6.38509e-21)
(-0.0541536 -0.130365 0)
(-0.00783252 -0.134756 0)
(-0.0185514 -0.138328 -2.50977e-21)
(-0.00135292 -0.094077 0)
(-0.0076166 -0.114773 0)
(-0.195564 0.000372843 2.81121e-21)
(-0.186662 -0.00414499 -5.42417e-21)
(-0.141255 0.00219971 -2.6085e-22)
(-0.175115 -0.0029478 -1.59017e-21)
(-0.164044 -0.0155101 5.15613e-21)
(-0.15464 -0.0677602 -4.4553e-21)
(-0.0201055 -0.109179 1.50625e-21)
(-0.036925 -0.107509 3.62018e-21)
(-0.1815 0.00622766 4.44573e-21)
(-0.163414 0.00529834 -1.78541e-22)
(-0.0465576 -0.0582225 -7.99753e-21)
(-0.0812737 -0.0714781 3.84692e-22)
(-0.114864 -0.0566097 1.41794e-21)
(-0.00751489 -0.0793169 0)
(-0.00934135 -0.0879679 -2.74873e-21)
(-0.141818 -0.00444389 -2.15278e-21)
(-0.16432 0.0093061 1.52675e-21)
(-0.0920671 0.0180848 1.42293e-21)
(-0.00810787 -0.024241 0)
(-0.0368538 -0.0165822 3.55819e-21)
(-0.107776 0.0138518 1.60091e-22)
(-0.0980305 -0.0051298 0)
(4.23961e-05 -0.00865386 0)
(-0.00172721 -0.0202747 0)
(-0.0637844 0.00719247 -3.73359e-21)
(-0.0234373 0.00120968 2.93848e-21)
)
;

boundaryField
{
    movingWall
    {
        type            fixedValue;
        value           uniform (1 0 0);
    }
    fixedWalls
    {
        type            noSlip;
    }
    frontAndBack
    {
        type            empty;
    }
    defaultFaces
    {
        type            empty;
    }
}


// ************************************************************************* //
