/*--------------------------------*- C++ -*----------------------------------*\
  =========                 |
  \\      /  F ield         | OpenFOAM: The Open Source CFD Toolbox
   \\    /   O peration     | Website:  https://openfoam.org
    \\  /    A nd           | Version:  8
     \\/     M anipulation  |
\*---------------------------------------------------------------------------*/
FoamFile
{
    version     2.0;
    format      ascii;
    class       volVectorField;
    location    "0.085";
    object      U;
}
// * * * * * * * * * * * * * * * * * * * * * * * * * * * * * * * * * * * * * //

dimensions      [0 1 -1 0 0 0 0];

internalField   nonuniform List<vector> 
424
(
(-0.00293621 -0.000190004 6.81185e-26)
(-0.0146521 0.000961576 0)
(-0.0131023 0.00276779 2.04597e-23)
(0.000179604 0.00315106 -1.1671e-24)
(-0.0473551 0.00514745 -2.47657e-23)
(-0.0230457 0.000844539 -3.38784e-23)
(-0.00299442 0.0138302 3.23467e-24)
(-0.000995359 0.015506 -7.93814e-25)
(-0.0687383 0.00259474 -3.61314e-23)
(-0.0257661 0.000296804 3.10979e-23)
(-0.0703258 0.00228288 9.63786e-23)
(-0.0240388 0.000465984 0)
(-0.00519776 0.0503256 1.16754e-24)
(-0.000963651 0.0244887 0)
(-0.0744426 0.000564815 3.30263e-23)
(-0.025582 -4.07924e-05 1.75111e-23)
(-0.059051 0.00068922 0)
(-0.0196488 7.81014e-05 0)
(-0.000341382 0.0271142 0)
(-0.00267694 0.0732649 -2.78434e-23)
(-0.073405 4.81247e-05 3.49547e-23)
(-0.0258216 -0.000338613 -1.87546e-23)
(-0.0573218 0.000236503 0)
(-0.019638 5.60108e-05 0)
(1.31928e-05 0.0260444 1.30696e-23)
(-0.0001726 0.0781354 2.51263e-23)
(-0.0023337 0.0684533 -3.74645e-23)
(-0.000418222 0.0233108 -3.89039e-23)
(-0.0750865 -0.000327184 5.88744e-23)
(-0.0232417 -0.000848011 0)
(-0.0150337 -0.000969418 -1.31699e-22)
(-0.00303884 0.000215714 0)
(-0.0530535 -1.92104e-05 -1.05689e-22)
(-0.0180556 3.82493e-05 9.88302e-23)
(-0.0222842 0.0479302 6.83822e-23)
(0.000239871 0.026801 0)
(0.000145883 0.0295885 -2.27069e-22)
(0.00335075 0.0631454 2.33921e-22)
(8.24676e-05 0.0746661 2.79495e-23)
(-0.000419356 0.0601159 3.92267e-24)
(-6.77568e-06 0.0199989 -3.85032e-24)
(-0.0699971 -0.00256862 -1.05446e-22)
(-0.0489927 -0.00549415 1.33518e-22)
(-0.0141029 -0.00310155 0)
(0.000224067 -0.00336418 -2.9552e-22)
(-0.0494753 -0.000265433 3.47001e-22)
(-0.0162229 -3.37427e-05 0)
(-0.106049 0.152678 -1.89065e-22)
(0.809203 0.0278417 -5.01856e-23)
(-0.000696196 0.0781785 -1.62202e-23)
(-0.00573081 0.0866585 0)
(-0.00507353 0.16685 -3.61594e-24)
(-0.0002445 0.0579456 0)
(-4.4391e-05 0.0199182 0)
(-0.0040005 -0.0151981 5.94385e-23)
(-0.00125643 -0.0170692 2.58428e-22)
(-0.0531167 -0.000629314 0)
(-0.0174759 -0.000155198 0)
(0.405639 0.118729 1.41482e-22)
(0.861377 -0.00378849 -1.19167e-23)
(0.000144676 0.0544645 -9.27303e-23)
(-8.89673e-06 0.0187232 8.78982e-23)
(-0.00671242 -0.0544276 0)
(-0.0010417 -0.02681 0)
(0.551439 0.0129209 1.56435e-22)
(0.882731 -0.00213942 0)
(0.000408104 0.0516102 -7.97502e-23)
(9.87664e-05 0.0174754 7.33891e-23)
(-0.000335117 -0.0292969 6.02646e-23)
(-0.00298283 -0.0790299 -1.8595e-23)
(0.880718 -0.00128592 -1.38277e-23)
(0.626377 0.00206135 -1.15916e-22)
(-0.00228602 0.0558801 0)
(-0.000204674 0.0209853 0)
(7.71695e-05 -0.0288871 4.72764e-23)
(-0.000366265 -0.0834874 1.91048e-23)
(-0.00189941 -0.0659018 -3.97209e-22)
(-0.000343536 -0.0224368 0)
(0.879097 -0.000317033 1.30633e-23)
(0.637005 -0.000768032 -4.91207e-23)
(0.826678 -0.0267487 0)
(0.000338166 -0.0288254 -9.09961e-23)
(0.881774 0.0014074 0)
(0.886712 0.00204224 0)
(0.86584 0.00377292 0)
(-0.019522 -0.0491257 0)
(0.00355481 -0.0683083 -4.80777e-22)
(0.000174796 -0.0308338 5.95672e-22)
(0.000290599 -0.0821773 4.36576e-23)
(-0.000559853 -0.0577274 0)
(-3.69127e-05 -0.0192448 0)
(0.639157 -0.000725824 -2.08443e-23)
(-0.104736 0.00186898 -4.20516e-23)
(0.447584 -0.115196 9.64676e-22)
(-0.000518012 -0.083959 -8.91269e-23)
(0.641641 0.00131802 -1.2372e-22)
(0.643165 -0.00139844 2.57371e-22)
(0.570046 -0.010839 -1.24185e-21)
(-0.1084 -0.154019 -1.80905e-22)
(-0.00644842 -0.179398 7.01051e-22)
(-0.00653524 -0.0905129 -5.69201e-22)
(5.52882e-05 -0.0573295 -3.09734e-23)
(3.51871e-05 -0.019693 3.00378e-23)
(-0.0932053 5.79663e-05 0)
(-0.0405074 -4.34188e-05 -4.09737e-23)
(0.000387572 -0.0594267 -1.38401e-22)
(6.08836e-05 -0.020491 -1.31588e-22)
(-0.0956108 -0.000318147 2.40235e-23)
(-0.0338638 6.27949e-06 0)
(-6.40105e-05 -0.0579805 9.95371e-23)
(8.55278e-05 -0.0199462 -9.48901e-23)
(-0.0893454 -0.000141652 -2.48829e-22)
(-0.0351831 -0.000111242 -2.27469e-23)
(-0.00299843 -0.0605838 0)
(-0.000220433 -0.023498 0)
(-0.0824071 0.000297714 1.35986e-22)
(-0.0326823 -6.71747e-05 0)
(-0.0935474 -0.0016189 0)
(-0.0294516 -9.46659e-06 1.21641e-22)
(-0.03509 -0.000114702 0)
(-0.0797322 0.017104 2.51296e-24)
(-0.0236561 0.0118481 0)
(-0.0636808 0.0352367 0)
(-0.0121548 0.0248785 -1.84933e-24)
(-0.129976 0.107082 2.7049e-23)
(-0.157667 0.0741227 4.77137e-22)
(-0.0864191 0.136106 3.60158e-23)
(-0.107478 0.11659 -1.33056e-23)
(-0.154489 0.0625106 -8.02909e-22)
(-0.15926 0.0373131 -2.63921e-23)
(-0.1365 0.0285388 -7.20604e-22)
(-0.122902 0.028831 -1.92554e-22)
(-0.146446 0.0477396 -6.42766e-22)
(-0.166192 0.0511778 8.3911e-22)
(-0.173064 0.0243202 -6.00141e-22)
(-0.18049 0.0268219 1.08108e-22)
(-0.112014 0.00669866 1.81304e-22)
(-0.165211 0.00739678 1.24484e-21)
(-0.109432 0.00549313 2.62645e-22)
(-0.136146 0.00295641 3.40127e-22)
(-0.0367951 0.0645068 2.99006e-23)
(-0.103697 0.113236 0)
(-0.0718244 0.0680871 -2.47508e-23)
(-0.101903 0.0915946 0)
(-0.0735692 0.138996 5.29985e-23)
(-0.0750859 0.148147 -1.36482e-22)
(-0.0193365 0.0863867 -2.96716e-25)
(-0.0501187 0.165081 2.19493e-22)
(-0.0697592 0.133919 -4.78425e-23)
(-0.0472397 0.157529 2.86958e-22)
(-0.0615908 0.10386 -5.76496e-23)
(-0.0975241 0.0922586 -2.77383e-23)
(-0.108765 0.066213 0)
(-0.0950895 0.0359807 1.22423e-22)
(-0.0232888 0.00244746 -2.99283e-22)
(-0.065453 0.0141522 3.45285e-22)
(-0.16069 0.00870843 0)
(-0.179709 0.00904305 0)
(-0.188163 0.00221193 -8.63637e-22)
(-0.124783 0.000722849 -1.54644e-21)
(-0.181815 0.00212983 2.80048e-21)
(-0.102248 0.00153802 7.08787e-22)
(-0.144518 -0.000259792 7.39603e-22)
(-0.0349225 0.131605 -2.11255e-23)
(-0.044321 0.153552 2.0578e-23)
(-0.0339303 0.178059 -2.34685e-22)
(-0.00640149 0.118415 7.74651e-22)
(-0.0204744 0.182829 1.15939e-22)
(-0.0260385 0.15076 4.82123e-23)
(-0.0147849 0.168128 -3.00195e-22)
(-0.0335776 0.089048 1.67344e-22)
(-0.0206284 0.131577 -1.1726e-21)
(-0.0144274 0.0642292 0)
(-0.00246985 0.0228902 0)
(-0.170578 -0.000968544 8.7542e-22)
(-0.187707 -0.000297735 -2.61182e-21)
(-0.127502 0.000711342 -9.19982e-22)
(-0.178982 0.000117982 2.91445e-21)
(-0.100097 -4.62386e-05 -1.15726e-21)
(-0.145377 -0.000447481 1.4386e-21)
(-0.00533172 0.164868 -6.92779e-22)
(-0.00649979 0.183319 5.23056e-22)
(0.00121433 0.128622 0)
(-0.00490276 0.160078 0)
(-0.00167917 0.187763 -1.05471e-21)
(-0.00396856 0.103317 8.01919e-22)
(-0.000375951 0.133327 0)
(-0.17038 0.00217821 8.74409e-22)
(-0.185668 0.001381 1.97117e-22)
(-0.131552 0.000716776 1.261e-21)
(-0.178106 -0.00155612 -1.91414e-21)
(-0.183752 -0.00332111 -2.01379e-21)
(-0.0963178 -0.000686808 -2.26911e-21)
(-0.13644 -0.000602633 9.84815e-22)
(0.00381303 0.168856 7.66838e-22)
(0.000864428 0.122818 -8.12002e-22)
(-0.000312745 0.181908 2.55928e-21)
(0.00248018 0.187942 -1.97768e-21)
(-0.000652051 0.105071 0)
(0.000628262 0.145956 0)
(-0.162263 -0.0062505 -1.45071e-21)
(-0.181826 -0.00877913 0)
(-0.18036 -0.0274054 1.76531e-21)
(-0.114265 -0.00652882 1.05929e-21)
(-0.17028 -0.0355171 -1.96641e-21)
(-0.171154 -0.032846 -3.24545e-21)
(-0.154731 -0.00740734 1.95861e-21)
(-0.161121 -0.0241944 1.79043e-21)
(-0.0954483 -0.000730655 -2.94385e-22)
(-0.122675 0.000427557 0)
(-0.000571302 0.168874 -4.27417e-22)
(-0.00393657 0.132696 0)
(0.0011336 0.180574 0)
(-0.000381228 0.186297 3.26982e-22)
(-6.54135e-05 0.0991032 0)
(0.00167036 0.144388 0)
(-0.148563 -0.0653406 0)
(-0.161663 -0.0580388 -2.1617e-21)
(-0.162013 -0.0621516 2.9199e-21)
(-0.134407 -0.0871565 0)
(-0.0786447 -0.0163426 0)
(-0.127569 -0.0277475 -1.22212e-21)
(-0.146688 -0.0352269 -2.28638e-21)
(-0.134202 -0.0691474 2.80832e-21)
(-0.146145 -0.0820314 -1.4793e-22)
(-0.064745 -0.0339416 -7.03441e-22)
(-0.0248713 -0.0119635 0)
(-0.0137942 -0.0257318 2.1484e-21)
(-0.13647 -0.0334229 7.37919e-22)
(-0.140755 -0.0566629 -1.83379e-21)
(-0.0868082 -0.00147803 -1.29961e-21)
(-0.11818 -0.0266909 1.85713e-21)
(-0.117378 -0.0719278 8.6123e-22)
(-0.121012 -0.0882663 0)
(-0.104342 -0.102068 1.57276e-21)
(-0.0302052 0.234871 3.19097e-24)
(-0.128204 0.299479 -2.98934e-21)
(-0.141198 0.2238 3.13432e-21)
(0.11856 0.18675 -2.51992e-21)
(-0.015448 0.171949 1.44027e-21)
(-0.0177908 0.139175 -1.74392e-21)
(-0.0481458 0.20791 -8.93421e-22)
(-0.0168484 0.183939 -3.07492e-21)
(0.000772262 0.176801 -7.8775e-22)
(-0.00789494 0.181165 3.18216e-21)
(0.00109409 0.0941247 0)
(0.00223929 0.134328 2.89811e-22)
(-0.0626408 0.19977 4.23152e-21)
(-0.0997077 0.192644 -1.31935e-21)
(-0.107519 -0.119149 4.15217e-21)
(-0.128714 -0.104843 2.4784e-21)
(-0.125954 -0.106708 -3.33255e-21)
(-0.0773419 -0.0621165 5.3392e-22)
(-0.0964969 -0.120793 0)
(-0.102262 -0.0866785 2.48067e-22)
(-0.0382329 -0.0629172 -3.0029e-21)
(-0.084719 -0.141334 -5.8435e-21)
(-0.0226885 -0.0888593 0)
(-0.0698217 -0.142169 2.05127e-21)
(-0.0497002 -0.159884 0)
(-0.0788918 -0.0274559 3.18106e-21)
(-0.0957408 -0.0620456 0)
(-0.0602294 -0.10603 -4.67065e-21)
(-0.0861546 -0.0946141 1.13909e-21)
(-0.017282 -0.00145215 1.35887e-21)
(-0.0507197 -0.00948901 -5.47205e-21)
(-0.105469 0.238431 -5.34549e-22)
(-0.127765 0.20261 0)
(0.00997155 0.194911 1.96851e-21)
(-0.135426 0.1091 -1.29744e-21)
(0.264747 0.0573693 9.57976e-22)
(-0.0273371 0.180244 2.01689e-21)
(-0.0485773 0.178462 -2.2714e-21)
(-0.0085018 0.150352 -1.66482e-21)
(-0.0187017 0.153299 2.87485e-21)
(0.000855263 0.0913695 1.34302e-21)
(-0.00632754 0.118255 -8.88796e-22)
(-0.155129 0.0189399 0)
(-0.108121 0.126072 -1.91578e-21)
(-0.13949 0.0884277 1.08995e-22)
(-0.146368 0.048568 3.14563e-21)
(-0.0530428 0.137961 -1.22836e-21)
(-0.0850102 0.11389 1.19671e-21)
(-0.0634103 -0.147594 2.24966e-22)
(-0.0629155 -0.162591 5.05551e-22)
(-0.0471756 -0.172972 0)
(-0.0377286 -0.127873 -2.84041e-22)
(-0.00865087 -0.129644 1.90402e-23)
(-0.0279935 -0.178664 -3.58784e-21)
(-0.0307189 -0.154787 1.83877e-21)
(-0.021204 -0.16754 -2.03165e-21)
(-0.0332077 -0.0926046 3.19133e-21)
(-0.0244247 -0.132069 -2.661e-21)
(-0.0126081 -0.0609832 0)
(-0.00220223 -0.0213964 0)
(-0.0530292 0.0573312 -4.54544e-22)
(-0.113839 0.0269367 1.63241e-21)
(0.105246 0.0607376 -6.67999e-22)
(0.37544 0.0176544 1.67353e-21)
(-0.123018 0.0162646 0)
(-0.172582 0.0106477 0)
(-0.0163134 0.11915 -2.08481e-21)
(-0.0331322 0.11446 0)
(-0.163598 -0.00422678 0)
(-0.160853 0.00215935 0)
(-0.00694387 0.0859446 0)
(-0.00615587 0.0972083 -9.49255e-22)
(-0.123091 0.00539128 0)
(-0.121482 0.0338205 -3.18303e-21)
(-0.0434853 0.0642329 0)
(-0.082122 0.0683805 0)
(-0.0965801 0.0406599 2.69347e-21)
(-0.15018 -0.0106021 5.6779e-22)
(-0.0119628 -0.182394 2.513e-21)
(-0.0113697 -0.167619 0)
(0.00025255 -0.135176 -4.01939e-23)
(-0.00728747 -0.159292 0)
(-0.0035116 -0.186137 0)
(-0.00453416 -0.102101 -3.52124e-21)
(-0.00281883 -0.132143 3.21295e-21)
(-0.0441252 0.0167196 0)
(0.124829 0.0123442 -1.38807e-21)
(0.375688 0.00255079 0)
(-0.182731 0.00432351 -4.68444e-22)
(-0.153119 0.00878666 1.18145e-23)
(-0.142648 0.0053715 -2.50513e-22)
(-0.172592 0.00599822 1.30656e-22)
(-0.00425771 0.0314644 5.48588e-21)
(-0.0320758 0.0259315 -1.03255e-21)
(-0.0693662 0.0123291 -2.1179e-21)
(-0.082375 -0.0142282 0)
(-0.0825941 -0.00359434 0)
(0.000298182 0.00911772 1.72035e-21)
(-2.28926e-05 0.0229908 -6.5031e-21)
(-0.0634981 -0.00552297 0)
(0.00202327 -0.175053 -5.4429e-22)
(0.000380847 -0.134966 3.98485e-23)
(-0.00164375 -0.179633 -4.63203e-21)
(0.00125196 -0.187524 4.30828e-21)
(-0.00146795 -0.0997899 0)
(0.000229438 -0.143154 -5.3596e-22)
(0.099093 -0.00268345 0)
(0.363313 -0.00154231 0)
(-0.166798 -0.00193056 4.27496e-22)
(-0.092794 -0.00224105 -3.64905e-22)
(-0.148394 0.000225629 3.31488e-22)
(-0.182006 0.00674319 -5.56595e-22)
(-0.0244858 -0.000849019 0)
(0.131224 -0.186402 -5.76534e-21)
(-0.150136 -0.226962 9.82751e-21)
(-0.000619286 -0.173005 1.67242e-22)
(-0.00342861 -0.137474 0)
(0.000954994 -0.17922 3.94843e-21)
(-0.000664186 -0.186345 -2.8781e-21)
(0.000625346 -0.0970352 0)
(0.00241494 -0.148323 -1.02843e-21)
(0.0909821 -0.000121606 -3.84593e-23)
(0.357841 -0.00326452 -2.0955e-21)
(-0.189021 -0.00314947 -2.14093e-21)
(-0.101893 -0.000177901 -6.25799e-22)
(-0.15164 0.00168138 5.32876e-22)
(-0.189759 -0.00175636 0)
(0.267642 -0.0533256 -6.96174e-21)
(0.0263781 -0.16661 -6.40575e-21)
(-0.0150104 -0.173318 0)
(-0.0192392 -0.143806 0)
(0.131367 -0.00836383 -3.06327e-21)
(0.383165 -0.0157358 2.61088e-21)
(0.128938 -0.0594238 1.15832e-20)
(-0.0540534 -0.212811 0)
(-0.112194 -0.219811 9.1946e-21)
(-0.0350483 -0.250749 1.60225e-21)
(-0.147575 -0.306097 -2.59642e-21)
(-0.0665399 -0.195537 -1.80329e-23)
(-0.0153804 -0.183525 -3.8379e-21)
(0.000210811 -0.178017 1.65009e-21)
(-0.00636359 -0.180817 6.07318e-21)
(0.00117437 -0.106714 -3.64512e-21)
(0.000157341 -0.145253 2.36684e-21)
(-0.0479148 -0.013828 2.45578e-21)
(-0.169378 0.00266202 3.73796e-21)
(-0.164808 -0.00565766 -3.37347e-21)
(-0.143884 7.0972e-05 2.48791e-22)
(-0.174275 -0.000250886 0)
(-0.0616508 -0.0658554 -3.84541e-21)
(-0.147683 -0.173658 -2.63116e-21)
(-0.0446727 -0.175865 -6.38868e-21)
(-0.0270791 -0.177155 7.55009e-22)
(-0.126358 -0.0150691 0)
(-0.114874 -0.028626 -9.97056e-22)
(-0.130297 -0.173511 -6.74511e-21)
(-0.0889183 -0.178286 8.70804e-21)
(-0.0734738 -0.13109 6.39506e-21)
(-0.0510662 -0.140301 0)
(-0.00744724 -0.143667 0)
(-0.0175684 -0.147979 -2.51028e-21)
(-0.00140215 -0.0992767 0)
(-0.00755863 -0.121877 0)
(-0.186492 0.00012222 2.82188e-21)
(-0.177037 -0.00531157 -5.44354e-21)
(-0.136607 0.00214877 -2.61904e-22)
(-0.168411 -0.002955 -1.59655e-21)
(-0.155212 -0.019821 5.16631e-21)
(-0.147628 -0.074291 -4.46189e-21)
(-0.0183608 -0.117653 1.505e-21)
(-0.0341587 -0.116475 3.62303e-21)
(-0.173418 0.00442169 4.46161e-21)
(-0.155495 0.00194154 -1.78856e-22)
(-0.0429276 -0.0654255 -8.0097e-21)
(-0.0769076 -0.0786354 3.85608e-22)
(-0.109516 -0.0626824 1.41767e-21)
(-0.00735666 -0.0840881 0)
(-0.00803353 -0.0946657 -2.74651e-21)
(-0.137208 -0.00455778 -2.16307e-21)
(-0.157896 0.0080566 1.53814e-21)
(-0.0879516 0.0166486 1.42689e-21)
(-0.00658545 -0.0285029 0)
(-0.0340081 -0.0216173 3.56602e-21)
(-0.102336 0.0107548 1.60376e-22)
(-0.0931691 -0.00936197 0)
(0.000154894 -0.00962625 0)
(-0.00109512 -0.0231285 0)
(-0.0611988 0.00665155 -3.74767e-21)
(-0.0225736 0.00111852 2.94956e-21)
)
;

boundaryField
{
    movingWall
    {
        type            fixedValue;
        value           uniform (1 0 0);
    }
    fixedWalls
    {
        type            noSlip;
    }
    frontAndBack
    {
        type            empty;
    }
    defaultFaces
    {
        type            empty;
    }
}


// ************************************************************************* //
