/*--------------------------------*- C++ -*----------------------------------*\
| =========                 |                                                 |
| \\      /  F ield         | OpenFOAM: The Open Source CFD Toolbox           |
|  \\    /   O peration     | Version:  5.0                                   |
|   \\  /    A nd           | Web:      www.OpenFOAM.org                      |
|    \\/     M anipulation  |                                                 |
\*---------------------------------------------------------------------------*/
FoamFile
{
    version     2.0;
    format      ascii;
    class       vectorField;
    location    "constant/polyMesh";
    object      points;
}
// * * * * * * * * * * * * * * * * * * * * * * * * * * * * * * * * * * * * * //


440
(
(-0.15 -0.15 0)
(-0.03025 -0.15 0)
(-0.15 -0.00625 0)
(-0.03025 -0.00625 0)
(-0.15 -0.15 0.1)
(-0.03025 -0.15 0.1)
(-0.15 -0.00625 0.1)
(-0.03025 -0.00625 0.1)
(-0.015125 -0.15 0)
(-0.015125 -0.00625 0)
(-0.015125 -0.15 0.1)
(-0.015125 -0.00625 0.1)
(-0.0120045 -0.15 0)
(-0.0120045 -0.00625 0)
(-0.0120045 -0.15 0.1)
(-0.0120045 -0.00625 0.1)
(-0.0108125 -0.15 0)
(-0.0108125 -0.00625 0)
(-0.0108125 -0.15 0.1)
(-0.0108125 -0.00625 0.1)
(-0.0089375 -0.15 0)
(-0.0089375 -0.00625 0)
(-0.0089375 -0.15 0.1)
(-0.0089375 -0.00625 0.1)
(-0.0077391 -0.15 0)
(-0.0077391 -0.00625 0)
(-0.0077391 -0.15 0.1)
(-0.0077391 -0.00625 0.1)
(0 -0.15 0)
(0 -0.00625 0)
(0 -0.15 0.1)
(0 -0.00625 0.1)
(0.0077391 -0.15 0)
(0.0077391 -0.00625 0)
(0.0077391 -0.15 0.1)
(0.0077391 -0.00625 0.1)
(0.0089375 -0.15 0)
(0.0089375 -0.00625 0)
(0.0089375 -0.15 0.1)
(0.0089375 -0.00625 0.1)
(0.0108125 -0.15 0)
(0.0108125 -0.00625 0)
(0.0108125 -0.15 0.1)
(0.0108125 -0.00625 0.1)
(0.0120045 -0.15 0)
(0.0120045 -0.00625 0)
(0.0120045 -0.15 0.1)
(0.0120045 -0.00625 0.1)
(0.015125 -0.15 0)
(0.015125 -0.00625 0)
(0.015125 -0.15 0.1)
(0.015125 -0.00625 0.1)
(0.03025 -0.15 0)
(0.03025 -0.00625 0)
(0.03025 -0.15 0.1)
(0.03025 -0.00625 0.1)
(0.0512375 -0.15 0)
(0.072225 -0.15 0)
(0.0932125 -0.15 0)
(0.1142 -0.15 0)
(0.1351875 -0.15 0)
(0.156175 -0.15 0)
(0.1771625 -0.15 0)
(0.19815 -0.15 0)
(0.2191375 -0.15 0)
(0.240125 -0.15 0)
(0.2611125 -0.15 0)
(0.2821 -0.15 0)
(0.3030875 -0.15 0)
(0.324075 -0.15 0)
(0.3450625 -0.15 0)
(0.36605 -0.15 0)
(0.3870375 -0.15 0)
(0.408025 -0.15 0)
(0.4290125 -0.15 0)
(0.45 -0.15 0)
(0.0512375 -0.00625 0)
(0.072225 -0.00625 0)
(0.0932125 -0.00625 0)
(0.1142 -0.00625 0)
(0.1351875 -0.00625 0)
(0.156175 -0.00625 0)
(0.1771625 -0.00625 0)
(0.19815 -0.00625 0)
(0.2191375 -0.00625 0)
(0.240125 -0.00625 0)
(0.2611125 -0.00625 0)
(0.2821 -0.00625 0)
(0.3030875 -0.00625 0)
(0.324075 -0.00625 0)
(0.3450625 -0.00625 0)
(0.36605 -0.00625 0)
(0.3870375 -0.00625 0)
(0.408025 -0.00625 0)
(0.4290125 -0.00625 0)
(0.45 -0.00625 0)
(0.0512375 -0.15 0.1)
(0.072225 -0.15 0.1)
(0.0932125 -0.15 0.1)
(0.1142 -0.15 0.1)
(0.1351875 -0.15 0.1)
(0.156175 -0.15 0.1)
(0.1771625 -0.15 0.1)
(0.19815 -0.15 0.1)
(0.2191375 -0.15 0.1)
(0.240125 -0.15 0.1)
(0.2611125 -0.15 0.1)
(0.2821 -0.15 0.1)
(0.3030875 -0.15 0.1)
(0.324075 -0.15 0.1)
(0.3450625 -0.15 0.1)
(0.36605 -0.15 0.1)
(0.3870375 -0.15 0.1)
(0.408025 -0.15 0.1)
(0.4290125 -0.15 0.1)
(0.45 -0.15 0.1)
(0.0512375 -0.00625 0.1)
(0.072225 -0.00625 0.1)
(0.0932125 -0.00625 0.1)
(0.1142 -0.00625 0.1)
(0.1351875 -0.00625 0.1)
(0.156175 -0.00625 0.1)
(0.1771625 -0.00625 0.1)
(0.19815 -0.00625 0.1)
(0.2191375 -0.00625 0.1)
(0.240125 -0.00625 0.1)
(0.2611125 -0.00625 0.1)
(0.2821 -0.00625 0.1)
(0.3030875 -0.00625 0.1)
(0.324075 -0.00625 0.1)
(0.3450625 -0.00625 0.1)
(0.36605 -0.00625 0.1)
(0.3870375 -0.00625 0.1)
(0.408025 -0.00625 0.1)
(0.4290125 -0.00625 0.1)
(0.45 -0.00625 0.1)
(-0.15 -0.00125 0)
(-0.03025 -0.00125 0)
(-0.15 -0.00125 0.1)
(-0.03025 -0.00125 0.1)
(-0.015125 -0.00125 0)
(-0.015125 -0.00125 0.1)
(-0.0120045 -0.00125 0)
(-0.0120045 -0.00125 0.1)
(-0.0108125 -0.00125 0)
(-0.0108125 -0.00125 0.1)
(-0.0089375 -0.00125 0)
(-0.0089375 -0.00125 0.1)
(-0.0077391 -0.00125 0)
(-0.0077391 -0.00125 0.1)
(0 -0.00125 0)
(0 -0.00125 0.1)
(0.0077391 -0.00125 0)
(0.0077391 -0.00125 0.1)
(0.0089375 -0.00125 0)
(0.0089375 -0.00125 0.1)
(0.0108125 -0.00125 0)
(0.0108125 -0.00125 0.1)
(0.0120045 -0.00125 0)
(0.0120045 -0.00125 0.1)
(0.015125 -0.00125 0)
(0.015125 -0.00125 0.1)
(0.03025 -0.00125 0)
(0.03025 -0.00125 0.1)
(0.0512375 -0.00125 0)
(0.072225 -0.00125 0)
(0.0932125 -0.00125 0)
(0.1142 -0.00125 0)
(0.1351875 -0.00125 0)
(0.156175 -0.00125 0)
(0.1771625 -0.00125 0)
(0.19815 -0.00125 0)
(0.2191375 -0.00125 0)
(0.240125 -0.00125 0)
(0.2611125 -0.00125 0)
(0.2821 -0.00125 0)
(0.3030875 -0.00125 0)
(0.324075 -0.00125 0)
(0.3450625 -0.00125 0)
(0.36605 -0.00125 0)
(0.3870375 -0.00125 0)
(0.408025 -0.00125 0)
(0.4290125 -0.00125 0)
(0.45 -0.00125 0)
(0.0512375 -0.00125 0.1)
(0.072225 -0.00125 0.1)
(0.0932125 -0.00125 0.1)
(0.1142 -0.00125 0.1)
(0.1351875 -0.00125 0.1)
(0.156175 -0.00125 0.1)
(0.1771625 -0.00125 0.1)
(0.19815 -0.00125 0.1)
(0.2191375 -0.00125 0.1)
(0.240125 -0.00125 0.1)
(0.2611125 -0.00125 0.1)
(0.2821 -0.00125 0.1)
(0.3030875 -0.00125 0.1)
(0.324075 -0.00125 0.1)
(0.3450625 -0.00125 0.1)
(0.36605 -0.00125 0.1)
(0.3870375 -0.00125 0.1)
(0.408025 -0.00125 0.1)
(0.4290125 -0.00125 0.1)
(0.45 -0.00125 0.1)
(-0.15 0.000635 0)
(-0.03025 0.000635 0)
(-0.15 0.000635 0.1)
(-0.03025 0.000635 0.1)
(-0.015125 0.000635 0)
(-0.015125 0.000635 0.1)
(-0.0120045 0.0006974 0)
(-0.0120045 0.0006974 0.1)
(-0.0110664 0.0005273 0)
(-0.0110664 0.0005273 0.1)
(-0.0086766 0.0005765 0)
(-0.0077391 0.0007827 0)
(-0.0086766 0.0005765 0.1)
(-0.0077391 0.0007827 0.1)
(0 0.0009375 0)
(0 0.0009375 0.1)
(0.0077391 0.0007827 0)
(0.0077391 0.0007827 0.1)
(0.0086766 0.0005765 0)
(0.0086766 0.0005765 0.1)
(0.0110668 0.0005287 0)
(0.0120045 0.0006974 0)
(0.0110668 0.0005287 0.1)
(0.0120045 0.0006974 0.1)
(0.015125 0.000635 0)
(0.015125 0.000635 0.1)
(0.03025 0.000635 0)
(0.03025 0.000635 0.1)
(0.0512375 0.000635 0)
(0.072225 0.000635 0)
(0.0932125 0.000635 0)
(0.1142 0.000635 0)
(0.1351875 0.000635 0)
(0.156175 0.000635 0)
(0.1771625 0.000635 0)
(0.19815 0.000635 0)
(0.2191375 0.000635 0)
(0.240125 0.000635 0)
(0.2611125 0.000635 0)
(0.2821 0.000635 0)
(0.3030875 0.000635 0)
(0.324075 0.000635 0)
(0.3450625 0.000635 0)
(0.36605 0.000635 0)
(0.3870375 0.000635 0)
(0.408025 0.000635 0)
(0.4290125 0.000635 0)
(0.45 0.000635 0)
(0.0512375 0.000635 0.1)
(0.072225 0.000635 0.1)
(0.0932125 0.000635 0.1)
(0.1142 0.000635 0.1)
(0.1351875 0.000635 0.1)
(0.156175 0.000635 0.1)
(0.1771625 0.000635 0.1)
(0.19815 0.000635 0.1)
(0.2191375 0.000635 0.1)
(0.240125 0.000635 0.1)
(0.2611125 0.000635 0.1)
(0.2821 0.000635 0.1)
(0.3030875 0.000635 0.1)
(0.324075 0.000635 0.1)
(0.3450625 0.000635 0.1)
(0.36605 0.000635 0.1)
(0.3870375 0.000635 0.1)
(0.408025 0.000635 0.1)
(0.4290125 0.000635 0.1)
(0.45 0.000635 0.1)
(-0.15 0.0009525 0)
(-0.03025 0.0009525 0)
(-0.15 0.0009525 0.1)
(-0.03025 0.0009525 0.1)
(-0.015125 0.0009525 0)
(-0.015125 0.0009525 0.1)
(0.015125 0.0009525 0)
(0.03025 0.0009525 0)
(0.015125 0.0009525 0.1)
(0.03025 0.0009525 0.1)
(0.0512375 0.0009525 0)
(0.072225 0.0009525 0)
(0.0932125 0.0009525 0)
(0.1142 0.0009525 0)
(0.1351875 0.0009525 0)
(0.156175 0.0009525 0)
(0.1771625 0.0009525 0)
(0.19815 0.0009525 0)
(0.2191375 0.0009525 0)
(0.240125 0.0009525 0)
(0.2611125 0.0009525 0)
(0.2821 0.0009525 0)
(0.3030875 0.0009525 0)
(0.324075 0.0009525 0)
(0.3450625 0.0009525 0)
(0.36605 0.0009525 0)
(0.3870375 0.0009525 0)
(0.408025 0.0009525 0)
(0.4290125 0.0009525 0)
(0.45 0.0009525 0)
(0.0512375 0.0009525 0.1)
(0.072225 0.0009525 0.1)
(0.0932125 0.0009525 0.1)
(0.1142 0.0009525 0.1)
(0.1351875 0.0009525 0.1)
(0.156175 0.0009525 0.1)
(0.1771625 0.0009525 0.1)
(0.19815 0.0009525 0.1)
(0.2191375 0.0009525 0.1)
(0.240125 0.0009525 0.1)
(0.2611125 0.0009525 0.1)
(0.2821 0.0009525 0.1)
(0.3030875 0.0009525 0.1)
(0.324075 0.0009525 0.1)
(0.3450625 0.0009525 0.1)
(0.36605 0.0009525 0.1)
(0.3870375 0.0009525 0.1)
(0.408025 0.0009525 0.1)
(0.4290125 0.0009525 0.1)
(0.45 0.0009525 0.1)
(-0.15 0.00625 0)
(-0.03025 0.00625 0)
(-0.15 0.00625 0.1)
(-0.03025 0.00625 0.1)
(-0.015125 0.00625 0)
(-0.015125 0.00625 0.1)
(-0.014875 0.0009525 0)
(-0.014875 0.00625 0)
(-0.014875 0.0009525 0.1)
(-0.014875 0.00625 0.1)
(0 0.00125 0)
(0 0.00625 0)
(0 0.00125 0.1)
(0 0.00625 0.1)
(0.014875 0.0009525 0)
(0.014875 0.00625 0)
(0.014875 0.0009525 0.1)
(0.014875 0.00625 0.1)
(0.015125 0.00625 0)
(0.015125 0.00625 0.1)
(0.03025 0.00625 0)
(0.03025 0.00625 0.1)
(0.0512375 0.00625 0)
(0.072225 0.00625 0)
(0.0932125 0.00625 0)
(0.1142 0.00625 0)
(0.1351875 0.00625 0)
(0.156175 0.00625 0)
(0.1771625 0.00625 0)
(0.19815 0.00625 0)
(0.2191375 0.00625 0)
(0.240125 0.00625 0)
(0.2611125 0.00625 0)
(0.2821 0.00625 0)
(0.3030875 0.00625 0)
(0.324075 0.00625 0)
(0.3450625 0.00625 0)
(0.36605 0.00625 0)
(0.3870375 0.00625 0)
(0.408025 0.00625 0)
(0.4290125 0.00625 0)
(0.45 0.00625 0)
(0.0512375 0.00625 0.1)
(0.072225 0.00625 0.1)
(0.0932125 0.00625 0.1)
(0.1142 0.00625 0.1)
(0.1351875 0.00625 0.1)
(0.156175 0.00625 0.1)
(0.1771625 0.00625 0.1)
(0.19815 0.00625 0.1)
(0.2191375 0.00625 0.1)
(0.240125 0.00625 0.1)
(0.2611125 0.00625 0.1)
(0.2821 0.00625 0.1)
(0.3030875 0.00625 0.1)
(0.324075 0.00625 0.1)
(0.3450625 0.00625 0.1)
(0.36605 0.00625 0.1)
(0.3870375 0.00625 0.1)
(0.408025 0.00625 0.1)
(0.4290125 0.00625 0.1)
(0.45 0.00625 0.1)
(-0.15 0.15 0)
(-0.03025 0.15 0)
(-0.15 0.15 0.1)
(-0.03025 0.15 0.1)
(-0.015125 0.15 0)
(-0.015125 0.15 0.1)
(-0.014875 0.15 0)
(-0.014875 0.15 0.1)
(0 0.15 0)
(0 0.15 0.1)
(0.014875 0.15 0)
(0.014875 0.15 0.1)
(0.015125 0.15 0)
(0.015125 0.15 0.1)
(0.03025 0.15 0)
(0.03025 0.15 0.1)
(0.0512375 0.15 0)
(0.072225 0.15 0)
(0.0932125 0.15 0)
(0.1142 0.15 0)
(0.1351875 0.15 0)
(0.156175 0.15 0)
(0.1771625 0.15 0)
(0.19815 0.15 0)
(0.2191375 0.15 0)
(0.240125 0.15 0)
(0.2611125 0.15 0)
(0.2821 0.15 0)
(0.3030875 0.15 0)
(0.324075 0.15 0)
(0.3450625 0.15 0)
(0.36605 0.15 0)
(0.3870375 0.15 0)
(0.408025 0.15 0)
(0.4290125 0.15 0)
(0.45 0.15 0)
(0.0512375 0.15 0.1)
(0.072225 0.15 0.1)
(0.0932125 0.15 0.1)
(0.1142 0.15 0.1)
(0.1351875 0.15 0.1)
(0.156175 0.15 0.1)
(0.1771625 0.15 0.1)
(0.19815 0.15 0.1)
(0.2191375 0.15 0.1)
(0.240125 0.15 0.1)
(0.2611125 0.15 0.1)
(0.2821 0.15 0.1)
(0.3030875 0.15 0.1)
(0.324075 0.15 0.1)
(0.3450625 0.15 0.1)
(0.36605 0.15 0.1)
(0.3870375 0.15 0.1)
(0.408025 0.15 0.1)
(0.4290125 0.15 0.1)
(0.45 0.15 0.1)
)


// ************************************************************************* //
