/*--------------------------------*- C++ -*----------------------------------*\
  =========                 |
  \\      /  F ield         | OpenFOAM: The Open Source CFD Toolbox
   \\    /   O peration     | Website:  https://openfoam.org
    \\  /    A nd           | Version:  8
     \\/     M anipulation  |
\*---------------------------------------------------------------------------*/
FoamFile
{
    version     2.0;
    format      ascii;
    class       surfaceScalarField;
    location    "2000";
    object      phi;
}
// * * * * * * * * * * * * * * * * * * * * * * * * * * * * * * * * * * * * * //

dimensions      [0 3 -1 0 0 0 0];

internalField   nonuniform List<scalar> 
6926
(
-1.05308
0.0710304
-0.652857
-0.575153
0.174931
-0.941648
0.0740222
-0.11292
-0.539937
0.0688486
-0.756921
-0.752278
-0.0144388
-0.635251
-0.0481789
0.234424
-1.05805
-0.0648818
0.0131677
-0.583536
0.177766
-0.717703
-0.644037
0.466534
-0.586708
0.133342
0.0251469
-0.66014
-0.828081
-0.244412
-0.409726
-0.067918
0.0526743
-0.568293
0.156253
-0.873956
-0.555702
-0.534205
0.000170974
-0.533755
0.257371
-0.680505
-0.165025
-0.767876
-0.57277
-0.794974
-0.217314
-0.210007
0.0233041
-0.38159
-0.191513
-0.574195
-0.122765
-0.751191
-0.896195
0.12969
-0.13117
-0.592823
0.119815
-0.423187
-0.812396
0.072386
-0.511072
0.000171648
-0.528536
-0.00504826
-0.53411
-0.00349319
-0.102483
-0.938837
-0.388219
0.252407
-0.436958
-0.563079
-0.0424531
-0.10126
-0.471843
-0.185245
-0.511715
0.0459093
-0.7971
-0.113066
-0.705418
0.225661
-1.06843
-0.00149961
0.0947435
-0.787325
-0.00262116
-0.533632
-0.788735
-0.00795578
-0.612508
0.000175531
-0.525005
-0.00335992
0.153228
-0.139929
-0.827723
-0.818035
-0.527905
-0.0112531
-0.534207
-0.0323656
-0.0383873
-0.648043
-0.523781
0.0443699
-0.420776
-0.236312
-0.886582
-0.834035
0.036935
0.000159858
-0.699401
-0.00617667
-0.867638
0.024869
-0.983456
0.0335762
-0.727567
-0.256032
-0.533914
-0.0107252
-0.522747
-0.753592
-0.13176
-0.14349
-0.759402
-0.849008
0.00018691
-0.528042
0.00321319
-0.519904
-0.0113607
-0.174014
-0.682409
-0.389418
-0.612318
-0.528254
-0.0172063
-0.534173
-0.0219738
-0.0363954
-0.567278
-0.89008
0.056045
-0.223853
-0.625794
0.143547
-0.0273553
0.275693
-0.391885
-0.332063
-0.558017
0.359358
-0.547874
-0.083548
0.00017738
-0.61603
0.840962
-0.470747
-0.453763
-0.0328526
-0.958587
-0.0773626
-0.642653
-0.375951
0.0707693
-0.422385
-0.0980923
-0.533891
-0.0226718
-0.521967
-0.00891483
-0.513655
0.584358
-0.592635
-0.0690851
-0.425328
-0.512199
-0.437888
0.252504
-0.292857
-0.349065
0.0160357
-0.522933
0.461579
-0.65956
-0.0258718
-0.387626
0.000197179
-0.54668
0.0188241
-0.510652
-0.00603907
-0.51625
-0.0233644
-0.132559
-0.586246
-0.209274
-0.535603
-0.532877
-0.018502
-0.0516421
-0.53761
-0.301366
-0.0149852
0.288996
0.869893
-0.234842
0.300144
0.00805327
-0.053582
-0.346356
-0.284694
-0.0086182
-0.129034
-0.472422
-0.687051
-0.0295158
0.000198061
-0.586712
0.121513
-0.621776
-0.575133
0.242882
-0.991439
-0.0208529
-0.551031
-0.0688958
-0.544593
0.0134379
-0.533915
-0.0348675
-0.521696
-0.0225191
-0.508363
-0.00238066
-0.511076
0.191057
-0.68722
0.672159
-0.357304
-0.383941
-0.0403504
-0.461781
0.0515079
-0.440923
0.000841254
-0.472267
0.0787549
-0.504954
-0.466579
0.107163
-0.41371
0.000211957
-0.580621
0.0341385
-0.529824
0.0379968
-0.524825
0.00253596
-0.528242
-0.027999
0.0949349
-0.0988363
-0.531701
-0.542953
-0.542602
-0.0135093
0.359347
-0.406338
0.0320061
0.413501
-0.286752
-0.344298
-0.325623
-0.0893331
0.20807
-0.895121
-0.551104
0.00945719
0.000227808
-0.596397
-0.00644627
-0.605872
-0.641764
0.0601853
-0.748557
-0.000268532
-0.537325
-0.00140868
-0.543452
-0.0429896
-0.525793
-0.0408309
-0.503384
-0.0173795
-0.493364
0.0130065
-0.523855
-0.188884
-0.497495
-0.494069
0.0511251
-0.0133602
-0.478688
-0.509492
-0.0243448
-0.461282
0.034476
-0.540839
0.30676
-0.77359
0.000251074
0.000213215
-0.610629
0.0302202
-0.583766
0.0880805
-0.111286
-0.375542
-0.457051
-0.0686552
-0.552052
-0.0185493
0.00471984
0.00261638
-0.539038
-0.551742
0.360357
-0.328689
0.000337985
0.000267777
-0.635156
-0.0347655
-0.418413
0.000390448
-0.325918
-0.00317798
-0.30606
-0.236257
-0.640765
-0.133745
-0.761376
0.00536268
0.000277356
-0.602037
0.00296427
-0.603474
-0.633403
-0.00539636
-0.688372
-0.0441518
-0.536163
-0.038439
-0.549165
-0.0529973
-0.513627
-0.0641142
-0.456649
0.0143355
-0.494693
0.0282309
-0.551808
0.0543073
-0.513901
-0.467533
0.00716951
-0.514045
0.00966149
-0.48118
0.0131544
-0.464775
-0.0280939
-0.551184
-0.624778
0.0143621
-0.62507
0.000543464
-0.628611
0.0750646
-0.363019
-0.205319
-0.65048
-0.590313
-0.0303937
0.00383109
0.00331996
-0.546189
-0.566461
-0.617999
-0.00680336
-0.605542
-0.0121198
-0.453631
0.000452255
-0.59075
-0.0144015
0.000514329
-0.457323
-0.0388527
-0.503464
-0.108637
-0.665873
-0.00799599
-0.75338
0.011774
0.000328058
-0.614139
-0.0325894
-0.55911
-0.623945
-0.0420482
-0.693768
-0.0531079
-0.536052
-0.0432463
-0.559027
-0.0973189
-0.480422
-0.368773
-0.0735401
0.0840416
-0.550504
0.0266138
-0.578094
-0.018017
-0.523978
-0.472395
-0.00509643
0.00681843
-0.482902
-0.515822
0.00921872
-0.467175
-0.0294158
-0.565015
-0.638209
0.0239609
-0.630363
-0.0073026
-0.668038
0.0926231
-0.76518
-0.0304525
0.00622512
0.00398145
-0.556395
-0.590629
-0.619335
-0.017832
-0.606077
-0.0253771
-0.574874
-0.015423
-0.590999
-0.0294795
-0.0118906
-0.562469
0.000578582
-0.496754
-0.0381544
-0.573947
-0.00804386
-0.665825
0.0780458
-0.831426
0.0925004
-0.707007
0.000367251
-0.0311261
-0.435484
-0.359096
-0.295974
-0.735816
-0.0733239
-0.560047
-0.0497558
-0.582595
0.332894
-0.617625
-0.221069
-0.157893
-0.549502
0.000387524
0.065667
-0.589557
-0.593879
0.0161519
-0.0156558
-0.537738
-0.478832
0.00295946
-0.5148
-0.00158317
-0.47836
-0.00292265
-0.465836
-0.0296298
-0.585141
-0.65972
0.0156421
-0.638116
-0.0289061
-0.691709
0.019152
0.00257495
-0.0149361
-0.544034
-0.618507
-0.613729
-0.0422194
-0.602414
-0.0366914
-0.570492
-0.0359301
-0.593475
-0.0384191
-0.0324985
-0.549884
-0.00215611
-0.559735
0.000635166
-0.535544
-0.00249438
-0.579496
0.0851709
-0.67295
-0.12691
-0.704516
0.492506
-0.395559
-0.25484
-0.302074
-0.665724
-0.366067
0.0226576
0.108155
-0.526371
-0.0830664
-0.698049
-0.059417
-0.606244
0.0557556
-0.607714
-0.527254
0.000409943
-0.600873
0.00738175
0.027473
-0.600878
0.00891419
-0.490669
-0.558453
0.0251905
-0.0333405
-0.47021
-0.504545
-0.0267962
-0.47238
-0.0315941
-0.612964
0.0193085
-0.490353
0.414872
0.0561731
-0.69999
0.0239236
-0.625175
-0.103722
-0.0495365
-0.0104721
-0.484025
-0.648891
-0.600068
-0.0673264
-0.582229
-0.0545303
-0.555978
-0.0734271
-0.0246019
-0.596046
-0.0822997
-0.506177
-0.00588046
-0.54616
0.0103003
-0.5694
0.000694309
-0.538732
0.0367386
-0.531064
-0.532693
-0.292503
0.152247
0.00353779
-0.663141
-0.0224784
-0.682038
0.105472
-0.771196
0.562669
-0.709354
0.00179856
0.0448118
-0.572982
-0.525879
0.000423462
-0.0388868
-0.603407
-0.00156592
-0.643565
0.0299704
-0.610212
-0.601387
0.000923914
0.0137511
-0.607247
0.0116417
-0.601689
-0.505824
0.0617754
-0.0301366
-0.501848
-0.453242
-0.123233
-0.379284
-0.0680922
-0.546437
0.960472
-0.645463
-0.315008
-0.368036
0.541164
-0.153819
-0.562196
-0.296193
0.42627
-0.184481
0.173082
0.696716
0.319928
0.192337
0.292666
-0.0587328
-0.322825
-0.614442
-0.947793
-0.474946
-0.576568
-0.688684
0.146412
-0.553685
-0.189529
0.00326026
-0.581548
-0.605558
-0.0639154
-0.316085
-0.371772
-0.00292016
-0.509137
0.0193016
-0.555161
-0.42445
0.135484
0.0237261
-0.592432
0.00075017
-0.502744
-0.439731
0.0609134
-0.490552
-0.195067
0.100156
-0.782194
0.0632701
-0.453666
-0.721549
-0.0606445
-0.008988
-0.762208
-0.67353
-0.00521563
-0.0725227
-0.495243
-0.531538
0.000443418
-0.599163
-0.0018002
0.0201539
-0.59359
-0.168
-0.455412
0.02595
-0.62241
-0.604321
-0.00200193
0.0475963
-0.717377
-0.581461
-0.575678
-0.305454
-0.437185
-0.277253
1.01864
-0.0482192
0.373176
-0.504029
0.427086
-0.0704031
-0.551934
0.530858
-0.132742
-0.669086
-0.179041
-0.0184523
-0.703097
0.656844
-0.0177739
-0.657522
0.604484
0.0216251
-0.0438792
-0.58223
-0.0824132
0.77913
-0.410597
0.135584
0.46735
0.411032
0.0172173
0.397705
-0.0293513
-0.40193
-0.78819
-0.638693
0.208536
-0.430735
-0.397487
0.165328
-0.592803
0.0450643
-0.690527
-0.429444
0.179022
-0.174028
-0.0824007
0.23892
-0.472604
-0.457093
0.0359146
-0.52575
0.0453778
-0.576813
-0.364637
0.0603905
0.0287049
-0.620386
-0.442625
0.000793973
0.520224
-0.3621
-0.094854
-0.104287
0.682707
-0.0865081
-0.133059
0.595873
-0.00916273
-0.550786
0.574416
-0.00200539
0.0375095
-0.799718
-0.708543
0.142092
-0.261262
-0.376073
-0.389914
0.00046797
-0.598115
-0.000604263
-0.0101986
-0.595923
0.0799111
-0.647552
-0.812685
-0.611064
-0.013348
0.14187
-1.1365
-0.745045
0.984561
-0.10559
-0.188554
0.462202
-0.00174775
-0.611502
0.526926
-0.0481663
-0.727597
-0.0629464
-0.0407925
-0.660609
-0.743889
0.049548
-0.0582196
-0.573559
0.00271254
0.637805
-0.00300308
-0.637515
-0.498525
0.0137547
-0.00183402
0.45543
0.792884
0.329875
0.0793231
0.410295
0.0046269
0.434988
-0.00213706
-0.20739
-0.939584
-0.787044
0.277336
-0.509495
0.0405974
-0.588336
0.0950517
-0.546659
-0.260171
0.0745561
-0.366609
-0.0675902
-0.0821522
0.111776
-0.502228
-0.50333
0.056773
-0.537145
0.102098
-0.650206
-0.38304
0.00080588
0.013072
-0.632664
0.423706
-0.466708
-0.0518517
-0.0471903
-0.547127
-0.0526403
-0.037762
0.566588
-0.0013343
0.637962
-0.00216218
0.116149
-0.915867
-0.853656
-0.0495996
-0.571663
0.766505
-0.66963
-0.0974261
0.000551473
0.000517751
-0.595948
-0.00169995
0.0012419
-0.597769
-0.243689
-0.426552
0.000610068
0.707355
-0.416078
-0.340877
0.0464549
-0.125529
-0.640701
-0.786951
-0.475078
-0.0433891
1.01381
0.84137
-0.0610597
-0.0747819
0.550938
-0.0257597
-0.633537
0.526806
0.0585644
-0.750204
0.0537207
0.640015
-0.639906
-0.0031127
-0.895642
0.151752
-0.697957
-0.197684
-0.567076
0.0622611
-0.269416
-0.366404
0.692615
0.100269
-0.00534206
0.00327785
-0.00335888
-0.637434
-0.432986
0.639951
0.145353
0.45385
0.0357679
0.442161
-0.00254642
0.580505
-0.0317044
-0.136961
-0.170051
-0.632572
-0.64667
0.123
-0.591898
0.0769512
-0.570235
0.0872034
-0.522087
-0.309243
0.000758876
-0.377489
0.000656056
-0.0673774
0.0745849
-0.509436
-0.513935
0.0737336
-0.508781
0.00130475
-0.638439
-0.635259
0.00340008
0.425137
-0.477158
0.000169821
0.000457521
-0.529565
-0.000233922
-0.000739169
0.637922
-0.00129458
0.639813
-0.00195961
0.223785
-1.13965
0.727297
-0.272302
-0.698684
-0.0174115
0.163616
-0.562282
-0.587833
-0.58882
-0.00661012
-0.590814
0.0025457
0.00496818
-0.604437
-0.699533
0.000679402
0.0561337
-0.646337
-0.673599
-0.283403
0.0894983
-0.538666
-0.224431
0.399852
-0.577112
-0.715927
0.896987
-0.0131858
-0.0388364
0.425006
0.510817
0.559343
0.454466
0.822653
-0.0260029
-0.00233275
0.544943
-0.0438968
-0.609178
0.526644
0.141099
-0.910894
0.355436
-0.63883
-0.00443462
0.473111
0.156672
-0.632896
-0.590842
-0.245649
-0.483699
-0.304828
0.0128603
-0.624914
-0.70754
0.218499
0.0326799
0.00365747
-0.00155168
-0.639539
-0.416468
0.542553
0.0566507
0.480881
-0.00295222
0.611598
-0.0336385
0.569845
-0.0566061
-0.0315725
-0.511501
-0.555242
-0.102572
0.0483237
-0.484418
0.0553628
-0.570309
0.0635111
-0.546543
0.0692792
-0.516781
-0.636071
0.00157145
-0.636544
0.00112901
-0.0685708
0.0673334
-0.508198
-0.508772
0.00939426
-0.51687
-0.636493
0.00145456
-0.63698
0.000893079
-0.637373
0.000563389
-0.63771
0.000102385
-0.000526772
0.639434
-0.000915313
0.421407
0.0497447
-0.390772
0.386645
0.1608
-0.191984
-0.947668
-0.0519132
-0.838754
-0.0417824
0.135336
-0.655836
-0.624647
-0.581786
-0.0292609
-0.533327
-0.0459133
0.0450145
-0.522208
-0.752134
0.000686905
-0.484452
-0.161206
0.323694
-0.76547
-0.675636
-0.424207
-0.475861
0.85995
0.012764
0.415482
0.405632
0.265075
0.575413
-0.508712
1.06806
0.456571
0.831368
-0.000401047
-0.0818582
0.534535
-0.0517884
-0.51931
0.526401
0.134008
0.130855
-0.294729
-0.634961
-0.00542081
-0.542927
-0.0944043
0.276526
-0.179184
-0.488114
0.519704
0.0555287
-0.433375
0.129315
-0.320853
0.00390812
0.0105195
-0.653967
-0.283245
0.540898
-0.00336593
0.62756
-0.0189147
0.640157
-0.10395
0.538643
-0.0607141
0.0663617
-0.59314
-0.00806448
-0.455113
-0.507944
-0.0389191
0.0200481
-0.465547
0.0390165
-0.545814
0.0533202
-0.530584
0.0615388
-0.510987
-0.636496
0.00157426
-0.636966
0.00159852
0.00968507
-0.509063
-0.00287132
-0.495642
-0.532364
0.0169484
-0.637537
0.00146453
-0.638186
0.00121236
-0.638844
0.000760468
6.27607e-05
0.412485
0.00800664
0.389094
0.0472957
-0.24137
0.140905
0.261265
0.221554
-0.186397
-0.0411858
-0.906483
-0.0344826
-0.845457
0.0117442
0.0683239
-0.735904
-0.642164
-0.376224
-0.311853
0.115616
-0.446826
-0.315354
0.0936334
-0.300488
-0.787351
0.000734507
-0.443282
-0.0404831
-0.102717
-0.373843
-0.0768791
-0.620267
-0.486378
-0.177651
1.04812
0.734724
0.333332
0.290065
-0.272849
0.388416
0.0702106
0.484929
0.133349
0.898635
0.820535
0.0364139
0.726612
0.0120647
0.525955
-0.0513425
-0.497911
0.52611
0.105809
-0.437326
0.0702701
-0.00544347
-0.618243
-0.00619918
0.29707
-0.104371
-0.371883
-0.527854
-0.0204933
-0.0989308
-0.483588
0.00401723
0.0483327
-0.706317
0.600082
-0.00365492
0.645974
-0.02178
0.625287
-0.00404453
0.508067
-0.0733744
0.520725
-0.0554833
-0.0934223
-0.538637
-0.00725242
-0.427812
-0.47618
-0.0256207
0.00965107
-0.449578
0.032116
-0.52461
0.0488658
-0.517911
-0.0168115
-0.497046
0.542547
-0.513807
-0.0271411
0.011757
0.0242079
-0.516323
-0.00451322
-0.466921
-0.477944
-0.0343984
-0.447588
-0.029144
0.424792
-0.0122448
-0.0220351
0.390892
0.00620841
0.114819
-0.163825
0.189911
0.42338
0.225028
-0.1673
0.240985
-0.130313
0.0418677
-0.94835
0.0355844
-0.839174
-0.752517
0.000751055
-0.271671
0.0877026
-0.551936
-0.467907
0.101015
-0.454207
0.00999705
-0.413202
-0.430826
-0.011721
0.00881853
-0.423145
0.0317427
-0.564307
-0.548057
-0.110582
0.789901
0.187905
0.587371
0.624716
0.110008
-0.468176
0.563637
0.23787
-0.0251287
0.483755
0.0814394
0.536839
-0.0511516
0.481611
-0.804699
0.715487
0.101277
0.0894349
0.52122
-0.0464529
-0.509048
0.525769
0.0890872
-0.584187
0.145409
0.125856
-0.563208
-0.00670215
0.273614
-0.322502
-0.0554836
-0.565095
0.0310419
-0.0593246
-0.41149
-0.484322
-0.0197596
-0.711341
0.200875
-0.195851
-0.069022
-0.355518
-0.00681474
0.608353
-0.00484689
0.530404
-0.0263817
0.50752
-0.0601695
-0.0490553
0.514792
-0.0347691
-0.529488
-0.00881777
-0.409343
-0.452881
-0.0229522
0.00632935
-0.432955
0.0306676
-0.506412
-0.0140576
-0.520665
-0.464141
-0.0374184
0.609105
-0.494711
-0.141535
0.104539
0.00420678
-0.366588
-0.457816
-0.071293
-0.434359
-0.0526011
0.416125
-0.0374774
-0.0402695
0.297586
0.132002
-0.159962
0.309249
0.0406232
0.21152
-0.146454
0.21605
-0.142364
0.230359
-0.0870578
0.193167
-1.14152
0.0429453
-0.688952
-0.710301
0.000728792
-0.426439
-0.00363622
-0.122847
0.0875764
-0.516665
-0.489739
0.0645735
-0.508784
0.00118794
-0.405571
-0.423944
-0.0109215
0.0516263
-0.528357
-0.5312
-0.0130471
0.759816
0.424796
-0.107343
0.472448
0.055607
0.557094
0.0369011
0.525341
0.599579
0.0251364
0.55599
0.117655
-0.277573
0.422324
0.0931197
0.038273
0.526922
-0.00172715
0.487415
0.286285
-0.0822474
-0.026735
0.626314
-0.820419
0.729093
0.192603
0.126846
0.0480106
0.796662
0.51828
-0.0389636
-0.400053
0.525436
-0.0362953
0.622534
0.232415
0.36789
-0.684679
0.112881
-0.357947
-0.0238793
-0.500014
0.0467341
-0.00700868
-0.424241
-0.544982
-0.00638697
-0.00565097
-0.545107
-0.146386
-0.0416063
0.510831
0.547485
-0.0219276
0.534117
-0.0529788
-0.0521506
0.506773
-0.0378552
-0.514585
-0.0100857
-0.392928
-0.432299
0.025878
-0.0268754
-0.431958
-0.340158
-0.119777
0.00892895
-0.529399
-0.51809
-0.0399929
0.506742
-0.388753
-0.259524
-0.200004
0.633416
-0.318933
-0.367084
0.17337
-0.251054
0.511163
0.190197
0.151961
0.421278
-0.169135
0.21995
-0.150354
0.207915
-0.11992
-0.937461
-0.204056
0.305846
-0.731495
-0.263304
-0.405074
0.000619783
-0.425075
-0.000635219
-0.42439
-0.00319089
-0.0836666
0.0755861
-0.508585
-0.508833
-0.00262295
-0.504973
-0.417811
0.0013181
0.0558328
-0.508604
-0.513223
-0.87049
-0.0669709
-0.88764
0.0171495
0.018534
0.633938
-0.00779677
0.535852
0.0546772
0.539318
0.0368219
0.526792
0.552874
0.0282526
0.477436
0.0625417
0.387912
-0.00850664
0.040023
0.485172
0.407323
-0.00215616
-0.0497569
0.575896
0.684392
-0.0580777
0.746014
-0.0616222
0.906461
-0.160447
0.362533
-0.343711
0.945396
0.0392691
0.685139
0.452861
0.94511
0.131907
0.68329
-0.516012
0.504261
-0.029856
-0.0295395
0.525148
-0.193554
0.169378
0.748177
-0.518134
0.131001
-0.373101
0.00814489
-0.423193
0.0456871
0.545783
-0.00394949
-0.00571091
0.435861
-0.19206
-0.390188
-0.301283
0.219009
0.0471349
-0.0421455
0.499272
0.505815
0.560935
-0.0487463
-0.0855329
0.539327
0.0313633
-0.520071
0.0241083
-0.447479
-0.395695
0.0147333
-0.0348086
-0.411882
-0.511256
-0.126611
0.00338011
-0.572772
0.47158
-0.557734
-0.23968
0.538529
-0.309737
-0.0385954
0.323405
0.256131
-0.144589
0.213826
-0.16301
0.207231
-0.14967
-0.839777
-0.0957737
-0.668837
0.000458811
-0.424755
0.000299361
-0.424659
-0.000365486
-0.422411
0.00140953
0.0122385
-0.0265664
-0.494257
-0.499217
-0.508327
0.00467266
0.0343739
-0.516233
-0.500796
0.523465
-0.325293
0.164361
-0.848508
-0.0582404
-0.307893
0.059593
0.566549
0.0523634
0.538165
0.049473
0.526667
0.0893548
0.47746
0.48538
0.0203095
0.432915
0.0175386
0.401399
-0.0025826
0.0315228
0.451493
0.467139
-0.0315165
-0.207906
0.725724
-0.104374
0.363607
-0.407557
0.209588
-0.127325
0.667539
-0.00343752
-0.599656
-0.151613
-0.092563
0.394545
0.682471
0.431326
0.416079
0.588438
0.154445
-0.0851494
0.685853
-0.521717
0.485481
0.00638031
-0.0261085
0.0297379
0.524885
0.486811
-0.0434761
-0.392375
0.100183
-0.367519
0.0401051
0.598805
-0.0418187
-0.202906
0.282829
-0.271983
-0.252481
0.234028
-0.321523
0.148158
-0.0990512
0.519333
-0.00848753
0.408708
0.575516
-0.0849354
0.0268914
-0.532229
0.0401958
-0.484295
-0.390308
-0.0453844
-0.0721983
-0.2943
0.671495
-0.541343
-0.369832
-0.0278869
0.245351
-0.47968
0.162259
-0.458252
0.469771
-0.252236
0.260113
-0.190876
0.216131
-0.171911
-0.764789
0.000178786
-0.424749
0.000453235
-0.424919
0.000559199
-0.424245
0.00146821
-0.527626
0.0207085
0.00412402
-0.0117465
-0.486635
-0.49042
0.052396
-0.541738
-0.460147
-0.436388
0.292855
-0.822835
-0.000194598
-0.0794834
0.144266
0.523654
0.539429
0.0612388
0.5264
0.140194
0.475828
0.0746783
0.434305
0.446754
0.00647079
0.421925
-0.00298689
0.016882
0.432028
0.42062
-0.00538265
0.297179
0.0190669
0.604567
0.0562194
-0.315518
0.0887187
-0.424692
-0.0181505
0.582165
0.0189638
-0.52364
-0.0526649
-0.0340377
0.241961
0.594955
0.572891
0.400101
0.33912
0.190864
0.524727
0.438072
0.0402515
-0.630725
0.378801
0.258305
-0.131949
0.479841
-0.144516
-0.072419
-0.0529406
0.525461
-0.339801
0.0724652
0.584487
-0.0507898
0.242694
0.0698096
-0.221892
0.212105
-0.262418
0.174922
-0.297166
0.105523
-0.660973
0.413099
0.197084
-0.226575
0.269712
-0.087579
-0.0175812
-0.560032
0.146238
-0.65842
-0.316268
-0.137008
-0.47356
0.247653
-0.455227
0.268312
-0.27822
0.193665
-0.383605
0.23342
-0.225543
0.219788
-0.194533
-0.424823
0.000252772
-0.425175
0.000709407
-0.425131
0.0014454
-0.557161
0.0310028
-0.0496438
-0.0710466
-0.365944
-0.519356
0.143597
-0.702916
-0.387596
-0.529218
-0.000761481
-0.424833
-0.000184728
-0.074542
0.525777
0.526125
0.16662
0.499974
0.181991
0.368516
0.0308719
0.420315
0.431761
-0.00336557
0.00502436
0.424017
0.430059
-0.00368087
0.453017
-0.00389058
0.513129
-0.0038929
-0.439105
-0.00139431
-0.455169
-0.00208722
0.535805
-0.00371215
-0.505079
-0.00275465
-0.00331146
0.238915
0.52484
0.525095
-0.203385
0.596163
-0.288918
0.516721
0.0419094
0.0615751
0.418394
0.101698
-0.36528
0.479069
-0.189628
0.199509
0.515579
-0.358121
0.206038
-0.236653
0.18634
-0.257248
0.135005
-0.196076
0.251054
-0.245073
0.246081
-0.087305
0.358953
-0.13831
-0.55873
-0.0242631
-0.386503
-0.128398
-0.369425
0.116004
-0.377566
0.228649
-0.27345
0.158331
-0.313287
0.217592
-0.223347
-0.425358
0.000435062
-0.425656
0.00123501
-0.556065
0.000349962
-0.0955153
-0.658025
-0.583868
-0.162849
-0.678377
-0.424764
-0.000830424
-0.425461
-8.14279e-05
0.179381
0.513364
0.515531
0.173888
0.508076
-0.00405215
0.40344
0.00595124
0.419388
0.421548
-0.000896885
0.421216
-0.00334909
0.421624
-0.00429813
0.422291
-0.00456017
-0.424525
-0.00163314
-0.424127
-0.00248569
0.422972
-0.00439318
-0.423597
-0.0032845
-0.00393616
0.208105
0.516499
0.529561
-0.250831
0.481714
-0.343872
0.277011
0.108771
0.136097
0.135959
0.444809
-0.127436
0.317142
-0.188443
0.198129
0.505894
-0.23295
0.202336
-0.227571
0.156662
-0.209341
0.227444
-0.216526
0.253266
-0.136052
0.278479
-0.213458
-0.47367
0.00441502
-0.274914
-0.0970579
-0.267952
0.08536
-0.304595
0.192198
-0.248056
0.142198
-0.263286
-0.426013
0.000792101
-0.51476
-0.0400704
-0.105063
-0.715812
-0.688581
-0.492832
-0.399003
-0.425429
-0.000862759
-0.426236
0.000140825
0.179718
0.507534
0.506806
-0.0172691
0.521293
-0.00482215
0.414213
0.419988
-0.00149697
0.420848
-0.00420954
0.421776
-0.00522594
0.422669
-0.00545345
-0.425206
-0.00185621
-0.424789
-0.00290188
0.423488
-0.00521175
-0.424207
-0.00386707
-0.00465511
0.212534
0.502093
0.491263
0.133704
0.483969
-0.398462
0.379796
0.182444
-0.115349
0.296438
0.0171264
-0.00302357
0.491791
-0.204125
0.178891
-0.183722
0.207041
-0.161076
0.23062
-0.12763
0.245032
7.48893e-05
-6.11889e-05
6.43358e-06
-2.01525e-05
-0.190801
-0.379927
0.00413112
-0.193685
-0.074845
-0.188976
0.0716924
-0.23409
9.53024e-05
0.000135511
-0.000155938
-0.510883
-0.00308456
-0.401814
-0.326838
-0.119657
-0.246265
-0.349889
-0.275346
-0.337143
-0.225981
-0.363822
-0.426252
-0.000846872
-0.499432
-0.0113108
0.0244373
0.499495
0.514702
-0.0224166
0.538887
0.418383
-0.0056669
0.420583
-0.00640965
0.422081
-0.00672402
0.42316
-0.00653294
-0.42602
-0.00208797
-0.425552
-0.00336994
0.424104
-0.00615575
-0.424911
-0.00450805
-0.0054616
0.0692574
0.55571
0.568327
0.156846
0.509567
-0.0614312
0.325878
-0.0864539
0.255263
-0.0258756
0.231744
0.362458
0.0351368
0.430778
-9.53898e-06
9.36001e-05
-0.000145264
-4.60663e-05
5.23621e-05
1.36517e-07
-0.154085
-0.300687
0.00312096
-0.125114
-0.0618789
-0.123976
1.0174e-05
0.000540308
-0.000455189
-2.50005e-05
0.000114438
0.00130402
0.0036381
-0.00493197
0.16447
-0.569368
-0.408633
-0.30314
-0.322095
-0.247649
-0.315476
-0.207151
-0.310756
-0.494358
-0.00592064
-0.477788
-0.102891
0.043289
0.491343
0.535574
0.54282
-0.00959967
0.498823
0.0375875
0.451361
0.0407383
0.423186
0.0216419
-0.487128
-0.00931787
-0.451293
-0.0392052
0.413278
0.00375263
0.421769
-0.0139534
-0.0340314
0.315115
0.39744
0.100711
0.347424
-0.0221335
0.261557
0.256946
0.289914
0.0331718
0.0986367
0.23065
0.110112
0.353838
-1.36105e-05
-7.93719e-05
8.34413e-05
9.71591e-05
4.87946e-05
-0.000104
0.000106544
-2.42755e-06
-0.132813
-0.229754
-1.39069e-06
0.000516698
-7.70813e-05
8.74997e-05
0.00163014
0.00085229
-0.00117844
0.000977148
0.00265955
-0.423041
-0.288732
-0.284006
-0.285739
-0.240816
-0.28181
-0.182706
-0.260863
-0.489685
0.00597601
-0.175496
-0.350436
0.106406
0.495049
0.632381
0.485379
0.184589
0.432053
0.0940646
0.406674
0.0470211
-0.550904
0.051901
-0.43251
-0.157599
0.39705
0.0133765
0.401725
-0.0186291
-0.064816
0.176548
0.321603
0.0620948
0.263195
0.135663
0.21992
0.190651
0.27581
0.12803
0.238282
0.207109
0.274759
5.35228e-05
-0.000556353
0.000489218
8.94103e-05
-7.16179e-05
0.000137879
1.74331e-05
-0.000125815
0.000126678
-3.30444e-06
-0.00160444
-0.00480948
0.0064674
0.00188352
0.000714545
-0.000967936
-7.3196e-06
0.000446927
-9.83877e-05
6.00593e-05
0.0012351
0.000594308
0.000749676
0.00190255
-0.30387
-0.268868
-0.270014
-0.256541
-0.217
-0.247516
-0.166071
-0.313295
-0.51053
-0.402429
-0.056201
0.42772
0.274438
0.416055
0.196254
0.394942
0.115178
0.378477
0.0634869
-0.296147
0.0732558
-0.179538
-0.364019
-0.0897261
0.368877
0.0229756
0.365379
-0.0151302
-0.0634568
0.125419
0.258279
0.170351
0.240219
0.15382
0.247409
0.182684
0.22595
0.237732
0.219711
6.21459e-05
-0.000529086
0.000125103
-5.88732e-05
0.000146591
-2.49849e-06
-0.00012794
0.000128675
-4.0633e-06
-0.00211743
-0.0009358
0.00144874
-0.00123099
-0.00351636
0.00217155
0.000932452
-0.00122051
0.00143492
0.000514716
-8.26017e-06
0.000356795
-0.000103858
3.59572e-05
0.000950647
0.000393307
0.000577353
0.00131693
-0.303851
-0.23503
-0.249878
-0.223663
-0.420059
-0.197087
-0.355287
-0.120973
-0.212814
-0.0692167
0.311498
0.200672
0.346315
0.161437
0.348398
0.113095
0.341978
0.0699064
-0.29124
-0.101112
-0.303098
-0.0778682
0.333107
0.0318469
0.322835
-0.00485859
-0.0437198
0.162831
0.231208
0.1822
0.20658
0.223651
0.17826
-0.00259691
-0.000956949
0.00143663
4.95312e-05
-0.000453538
0.000134633
-4.69353e-05
0.000139027
-1.28793e-05
-0.000120268
0.000119754
-3.59107e-06
-0.00159318
-0.000573595
-0.000955199
-0.00251165
0.00240515
0.000681829
-0.00091544
0.00166802
0.000699334
0.00109972
0.000365653
-7.07161e-06
0.00026
-0.000100531
1.61864e-05
0.000732017
0.000238623
0.00045052
0.00085934
-0.289876
-0.195032
-0.31411
-0.172853
-0.283403
-0.151679
-0.230475
-0.122145
0.268684
0.155639
0.29704
0.133081
0.306626
0.103509
0.305408
0.0711245
-0.242936
-0.0886504
-0.264762
-0.0560427
0.297548
0.0397067
0.28456
0.00812976
-0.0239219
-0.00335949
-0.00179782
0.00256054
-0.00193132
-0.000618784
3.31842e-05
-0.000352107
0.000129347
-3.72954e-05
0.000123223
-1.63973e-05
-0.000105337
0.000105083
-3.38649e-06
-0.00120619
-0.000322606
-0.000749791
-0.00172869
0.00260691
0.000961061
-0.00116284
0.001854
0.000495838
0.00129438
0.000504644
0.000849218
0.000248442
-5.0518e-06
0.000164504
-9.24072e-05
3.21615e-06
0.00056859
0.000120442
0.000352924
0.000501362
-0.00443951
-0.00304156
0.00412168
-0.00250889
-0.00122012
-0.00143354
-0.000391354
1.90502e-05
-0.000241849
0.000114407
-2.85538e-05
0.00010076
-1.2127e-05
-7.91794e-05
7.57928e-05
-0.000917481
-0.000154879
-0.0005903
-0.00111935
0.00256893
0.000145379
-0.000107403
0.0020471
0.000767945
0.00143347
0.000356757
0.00100291
0.000350931
0.000653838
0.000163281
-2.8566e-06
7.49326e-05
-7.59633e-05
0.000436945
3.6248e-05
0.000276914
0.00022159
-0.00574304
-0.00497821
0.006281
-0.00340477
-0.00214568
-0.00186104
-0.000792579
-0.00107339
-0.00023542
9.3323e-06
-0.000136843
9.10994e-05
-1.89645e-05
6.36656e-05
-0.000697478
-4.76429e-05
-0.000466642
-0.000643374
0.000829232
-0.00662283
0.00836252
0.00203484
0.000157639
0.0016095
0.000591877
0.00111288
0.00024678
0.000779479
0.00022517
0.000503832
9.65129e-05
-1.03078e-06
0.000325837
-1.29094e-05
-0.00780081
-0.0118303
0.0138886
-0.0045814
-0.00380199
-0.00256764
-0.00143896
-0.00137124
-0.00049461
-0.000795279
-0.00013761
2.39685e-06
-4.82044e-05
4.47011e-05
-0.000529395
1.52416e-05
-0.000364461
-0.000276515
-0.000244988
-0.0028811
0.00395528
0.000583703
-0.00517172
0.00161903
0.000148131
0.00127449
0.000430253
0.000862199
0.000164156
0.000600845
0.000127977
0.000374858
4.76453e-05
0.00020765
-0.000220559
-0.00668266
0.00453976
-0.00565547
-0.00650452
-0.0099059
-0.00360469
-0.00276713
-0.00191028
-0.00089992
-0.00100915
-0.000280572
-0.000592272
-7.4733e-05
-3.50333e-06
-0.000385393
3.63467e-05
-0.000480477
-0.000165184
0.000400692
-0.000271566
-0.00202584
0.000392773
-0.00394549
0.00128784
0.000134777
0.00100592
0.000286387
0.000669953
9.51749e-05
0.000453942
4.86519e-05
0.000255295
-0.00628179
-0.00101995
0.000620324
-0.00559148
0.00363118
-0.00543714
-0.00807011
-0.00281634
-0.00186023
-0.00138594
-0.000523125
-0.000730372
-0.000142148
-0.000430321
-2.98042e-05
-0.000243672
0.000280019
-0.00046627
4.74876e-05
-6.1703e-05
-0.000414849
-2.19106e-05
-0.00027852
-0.00135454
0.000248948
-0.00290661
0.00102024
0.000120587
0.000787774
0.000168354
0.000504581
4.47068e-05
0.000303947
-0.00465466
0.00833647
-0.00996252
-0.00531579
-0.00129635
-0.00466225
0.00286684
-0.00451714
-0.006367
-0.00216467
-0.00109141
-0.000978411
-0.000275209
-0.000519219
-5.2846e-05
-0.000273475
-0.000282039
0.000728848
-0.000913091
-0.000400539
3.31718e-05
-0.00035199
5.15372e-05
-0.000271012
-0.000834593
0.000139948
-0.00202645
0.000806464
0.00010208
0.000605575
6.70699e-05
0.000348654
-0.00294277
0.00703393
-0.00874898
-0.00386593
0.00688934
-0.00448333
-0.0014818
-0.00386407
0.00221676
-0.00377062
-0.00474835
-0.00160714
-0.000473964
-0.000668926
-0.000125668
-0.000326322
2.5712e-06
0.00100961
-0.00129422
-0.000237731
0.000566023
-0.00034076
2.1953e-05
-0.00029438
7.48969e-05
-0.000253145
-0.000441406
5.49604e-05
-0.00127513
0.000640982
6.69335e-05
0.000415724
-0.00145865
0.00434967
-0.00583547
-0.00236691
0.00553202
-0.00318451
0.00559624
-0.00379835
-0.00154797
-0.00319596
0.00168799
-0.00314482
-0.00319212
-0.00111743
-4.0204e-05
-0.000452017
0.000294651
0.00103433
-0.0013264
2.08208e-06
0.00076979
-0.000198805
0.000424035
-0.000288212
1.57752e-05
-0.00024279
6.44446e-05
-0.000227031
-0.000159293
-2.49392e-05
-0.000609415
0.000482657
-5.597e-06
0.00490477
-0.00635841
-0.00119377
0.00317602
-0.00189375
0.00423328
-0.00263638
0.00443556
-0.00323868
-0.00154954
-0.00261841
0.0012204
-0.00261969
-0.00166475
-0.00049217
0.000486267
0.000761618
-0.000953212
0.000247405
0.000789008
1.66652e-06
0.000569323
-0.000165214
0.000301018
-0.000240334
1.34002e-05
-0.000198796
3.60526e-05
-0.000190532
6.43956e-06
-0.000126757
0.00140314
0.00474716
-0.00615634
-5.55644e-06
0.00371571
-0.000976255
0.00225828
-0.00150831
0.00310242
-0.00216115
0.00339067
-0.00283948
-0.00139552
-0.00208146
0.000768028
-0.00215664
0.000494508
6.77479e-06
-1.49839e-05
0.0004176
0.000591427
0.000206653
0.000583998
1.32645e-06
0.000402761
-0.000136571
0.000197137
-0.000198098
1.28198e-05
-0.000159376
4.70328e-06
-0.000120318
0.00278369
0.00405201
-0.00543314
0.00115506
0.00358667
-4.17076e-06
0.00274285
-0.000798675
0.00154801
-0.00120003
0.00210763
-0.00177682
0.00238146
-0.00256111
-0.000999406
-0.00138876
0.000254662
-0.000212254
0.000452101
0.000423946
4.40578e-07
0.000354458
0.000443639
0.000171602
0.000413715
1.05727e-06
0.000265206
-0.000111434
0.000110274
-0.000157446
1.10308e-05
-0.000115615
0.0044698
0.0067197
-0.00840719
0.00224549
0.00296123
0.000943468
0.00263916
-3.16154e-06
0.00194635
-0.000650753
0.0010004
-0.000949283
0.00123156
-0.00143827
0.00134116
-0.00238789
-0.000791531
-0.00280474
0.00385109
0.000275889
-6.41843e-05
0.000358223
-3.33847e-06
0.000300177
0.000315056
0.000141848
0.000272826
8.39516e-07
0.000153027
-8.89665e-05
4.15389e-05
-0.000104584
0.00630674
0.0083819
-0.010221
0.00371776
0.00524789
0.00179758
0.00210672
0.000770491
0.00186561
-2.44236e-06
0.00129482
-0.000531293
0.000584119
-0.000755427
0.00046028
-0.00104705
-0.00247811
-0.00643024
0.00811682
-0.000555973
-0.00197281
0.00027866
1.5411e-05
0.000299351
-2.50168e-06
0.000250627
0.000206356
0.000116021
0.00015748
6.72358e-07
6.35098e-05
-6.30452e-05
0.00671202
-0.000194242
-0.000207852
0.00533123
0.00676594
0.00308102
0.00396734
0.00144049
0.00143656
0.000629487
0.00123549
-2.09588e-06
0.000760113
-0.000426951
0.000258116
-0.000586766
-0.00253987
7.88238e-05
-1.68393e-05
-0.00196895
-0.00501721
-0.000374567
-0.00131957
0.000269186
4.55832e-05
0.000247006
1.02112e-06
0.00020688
0.000115604
9.26282e-05
6.53072e-05
4.64273e-07
0.00785433
0.00461081
-0.00575311
0.005634
-0.000494092
0.00449616
0.00534614
0.00254565
0.00286282
0.00114128
0.000922862
0.00051233
0.000723826
-2.15715e-06
0.000326371
-0.000328667
-0.00232858
0.000984504
-0.00119561
-0.00199233
0.00010228
-0.00156629
-0.00382538
-0.00023747
-0.000812843
0.000250556
4.21464e-05
0.000201797
5.96029e-06
0.000164036
4.43346e-05
6.57717e-05
0.00573357
-0.0119761
0.0140964
0.00654868
0.00369332
0.00469138
-0.000682114
0.00378266
0.00410739
0.00210014
0.00192249
0.000904429
0.000528132
0.000410746
0.000315389
-2.28845e-06
-0.00208761
0.000680948
-0.000921742
-0.00179529
0.000787546
-0.00157163
0.000107625
-0.00124613
-0.00281666
-0.000134048
-0.000428403
0.000223452
2.06629e-05
0.00016143
8.3935e-06
0.000110106
0.00444502
-0.0049203
0.00620891
0.00456839
-0.00999608
0.00546037
0.00291885
0.00389943
-0.000795609
0.00319925
0.00298902
0.0017185
0.00113605
0.000708813
0.000225888
0.000313091
-0.00182694
0.000860642
-0.00112113
-0.00161048
0.000496214
-0.00138874
0.000604761
-0.00124318
0.000104734
-0.000986484
-0.00196391
-5.19929e-05
-0.000153137
0.000185756
-3.45332e-06
0.0001185
0.00339891
-0.00293357
0.00398014
0.00340829
-0.00376059
0.00361251
-0.00814847
0.00454066
0.0022763
0.00322693
-0.000793506
0.00270024
0.00198178
0.00137908
0.000511137
0.000539101
-0.00158938
0.000658277
-0.000895722
-0.0013913
0.000641561
-0.00124714
0.000354669
-0.00107594
0.000437582
-0.000980055
9.81508e-05
-0.000784728
-0.00123069
2.49116e-05
7.50486e-06
0.000115046
0.00260982
-0.00190899
0.00269864
0.00255139
-0.00207623
0.00258192
-0.00273028
0.00281732
-0.00642552
0.00376708
0.00171153
0.00266695
-0.000721311
0.00232363
0.000992586
0.00105003
0.00124427
-3.14671e-05
0.00338803
-0.00460074
0.00089569
-0.00124068
-0.00120852
0.000475538
-0.0010717
0.000466233
-0.000967075
0.000245902
-0.000838002
0.000295788
-0.000773168
8.63979e-05
-0.000618628
-0.000586633
0.000122552
0.00211582
-0.000988482
0.00148291
0.00194125
-0.00129865
0.00188947
-0.00138325
0.00191265
-0.0018261
0.00216596
-0.00482384
0.00314593
0.00120013
0.00215934
-0.000498633
0.0020428
-6.57085e-05
0.000593979
-0.000559693
0.000938963
-1.87811e-05
0.00246788
0.000626193
-0.000933428
0.000337275
-0.00082743
0.000326684
-0.000756086
0.000163921
-0.000647591
0.000170603
-0.000591474
5.8971e-05
-0.000464081
0.00163677
-0.000876168
0.00135543
0.00159558
-0.000642553
0.00144402
-0.000853133
0.00139769
-0.000867765
0.00139461
-0.00105631
0.00160529
-0.00328285
0.00264176
0.000663106
0.001544
-0.00490441
-7.46388e-05
0.00661599
-5.77353e-05
0.000172967
-0.000180857
3.09764e-05
0.000544245
0.000719999
-1.48164e-05
0.00176271
0.000412843
-0.000718578
0.00022847
-0.000636735
0.000207591
-0.000582144
9.84529e-05
-0.000489243
6.89092e-05
-0.000405109
0.00125121
-0.000531733
0.00121079
-0.000408965
0.00108001
-0.000535095
0.00102529
-0.000496713
0.000985524
-0.000438956
0.00110582
-0.00174661
0.00220711
-0.00358373
-6.94191e-05
3.14736e-05
-0.000556533
0.000450504
-6.77227e-05
6.0905e-05
-5.08157e-05
5.22155e-05
0.000151769
6.95215e-05
0.000459944
0.000557637
-1.24327e-05
0.00121752
0.00025195
-0.000558267
0.000149872
-0.000487933
0.000113807
-0.000436667
4.58509e-05
-0.0003362
1.79501e-05
-0.000142986
0.000156619
0.000147804
-0.000197463
0.000968037
-0.000289014
0.000919596
-0.000248292
0.000801677
-0.000312343
0.000748366
-0.000256943
0.000672748
-9.00539e-06
0.000460497
-0.00256036
-5.52923e-05
-8.51671e-05
-0.000540708
5.29387e-05
6.02227e-05
0.000102715
0.000118635
8.56603e-05
0.000361882
0.00043409
-1.09456e-05
0.000794378
0.000127987
-0.000431515
9.32974e-05
-0.000364774
4.24795e-05
-0.000290348
-0.000101958
-0.000126126
9.88347e-05
0.000760352
-0.000129651
0.000700471
-0.000146095
0.000598102
-0.000163
0.000532063
-0.00011288
0.000451499
-0.00176277
-3.72026e-05
-0.000127824
-0.000468084
0.000110088
5.29127e-05
0.000120931
8.34137e-05
8.96205e-05
0.000261357
0.000341439
-1.00014e-05
0.000462944
3.82491e-05
-0.00031958
4.7903e-05
-0.000247869
-0.000150275
-0.000103601
5.87091e-05
0.000598831
-2.85855e-05
0.000529737
-7.62032e-05
0.00043223
-6.43128e-05
0.000338616
-0.00114233
-2.15995e-05
-0.000139736
-0.000365461
0.00013148
4.24097e-05
0.000121762
5.13383e-05
8.7231e-05
0.000164193
0.000267636
-9.25166e-06
0.000204562
-1.32416e-05
-0.000199965
-0.000161737
-8.15352e-05
2.85012e-05
0.000476056
2.43718e-05
0.000386305
-2.83817e-05
0.000274307
-0.000655432
-1.08381e-05
-0.000134848
-0.000252099
0.000133911
3.03212e-05
0.000112622
2.60576e-05
8.01067e-05
7.49248e-05
-0.000213207
-0.000153436
-6.28672e-05
9.03664e-06
0.000369334
4.03906e-05
0.000245923
-3.05638e-06
-0.000283043
-0.000120063
-0.000142692
0.000125003
1.80395e-05
9.94672e-05
6.82643e-06
6.62806e-05
8.64466e-06
-0.000137134
-4.56671e-05
-2.99595e-06
0.000286314
-9.54214e-05
-5.01546e-05
0.000109481
8.14265e-06
7.31072e-05
-0.000113567
-2.7395e-05
-6.97207e-06
-4.68831e-05
-3.27112e-06
8.125e-05
-7.4278e-05
0.191862
-0.247346
-0.251732
0.164675
-0.0598699
-0.232561
0.172691
-0.0453838
-0.187178
0.157604
-0.202988
-0.046033
-0.201313
-0.233211
-0.225192
-0.264409
0.144489
-0.0997339
-0.243992
0.144259
-0.0713011
-0.226628
0.155327
-0.069024
-0.185745
0.116721
-0.0339821
0.135608
-0.101626
-0.120844
0.086862
-0.0289058
-0.0919384
-0.112622
0.0837164
-0.0367045
-0.0759177
-0.045792
-0.139953
0.10717
-0.152962
-0.0277285
-0.175259
-0.167682
-0.0302414
-0.202969
-0.205501
-0.00408009
-0.221112
-0.207049
-0.212967
-0.0893024
0.0525979
-0.0409568
-0.0483456
-0.264999
0.115328
-0.12051
-0.244104
0.123594
-0.0998458
-0.213113
0.113268
-0.0577866
-0.189419
0.131632
-0.0726977
-0.163227
0.0905297
-0.0560571
0.0795512
-0.0620776
0.141629
-0.126502
0.0644239
-0.0396396
-0.112119
0.0724795
-0.0284027
-0.102672
0.0742696
-0.0500744
-0.0246322
-0.12833
-0.126258
-0.0128378
-0.113421
-0.104776
-0.00264907
-0.102127
-0.0785668
-0.119524
-0.0181406
-0.149541
-0.146471
-0.0286623
-0.176838
-0.178204
0.00382892
-0.210878
-0.17301
0.0285517
-0.241519
-0.182327
-0.201414
-0.0798156
-0.0397081
0.020003
-0.0998186
0.0484152
-0.0984897
0.0707228
-0.0223076
0.0911475
-0.0711446
0.0428019
-0.0556878
-0.262043
0.0901319
-0.146714
-0.239828
0.093114
-0.116234
-0.212641
0.0964072
-0.0993736
-0.191954
0.0925806
-0.0603217
-0.168987
0.108665
-0.0784573
0.0631715
-0.0638347
0.127006
-0.137833
0.0739985
-0.0734093
-0.122851
0.049442
-0.0503719
-0.0952123
0.0448404
-0.0209426
-0.0821932
0.0612506
-0.0114704
-0.0486051
0.0371346
0.0525864
-0.074894
0.00398129
0.00104345
-0.147514
-0.112377
0.0235948
-0.135972
-0.0785324
-0.11824
-0.00115601
-0.177048
-0.14867
0.0133145
-0.186324
-0.163733
0.0379812
-0.220308
-0.148343
0.248476
-0.17601
0.0470616
-0.173246
-0.0148998
-0.103341
-0.114718
-0.0110628
-0.103656
0.0755661
-0.086629
0.00442149
-0.0759258
0.00103183
0.0220898
-0.0777776
-0.0538361
0.0714364
-0.067015
-0.00634116
-0.253487
0.0589541
-0.163355
-0.228927
0.0655717
-0.135813
-0.20467
0.0688575
-0.108263
-0.184614
0.0763505
-0.092033
-0.160548
0.0685154
-0.0518832
-0.141324
0.0894413
-0.0143183
0.120066
-0.0460679
0.105748
-0.116774
0.0707057
-0.0673315
-0.115516
0.0481848
-0.070676
-0.00942538
-0.0557627
0.0463373
-0.072536
0.0167733
-0.0354013
-0.0600824
0.0246811
-0.0561012
-0.0527447
0.0537765
0.002108
-0.0548527
-0.00232464
-0.057162
0.05927
0.0182876
-0.166958
-0.117684
-0.00297424
-0.11471
-0.106315
0.255917
-0.150395
0.079907
0.0252296
-0.188963
-0.141728
0.0438493
-0.192192
-0.145113
0.225796
-0.145889
0.0525499
-0.139642
0.264258
-0.129254
0.113864
0.0180443
-0.124359
-0.0856113
0.0289852
-0.114597
0.0244537
-0.0489823
0.0245285
-0.0327083
0.00320835
-0.0521906
0.101402
-0.0724171
0.0147733
0.0728434
-0.0580702
0.00582841
0.0768392
-0.0831804
0.0230031
0.0318496
-0.0645579
0.0559277
-0.0500993
-0.0272527
-0.248878
0.0255309
-0.189924
-0.223643
0.0337196
-0.158072
-0.196062
0.0379906
-0.127205
-0.172817
0.0456124
-0.0964668
0.153368
-0.0848524
0.056901
-0.161665
0.076813
-0.0722242
-0.138398
0.0661737
-0.0326499
0.109043
-0.0383373
0.0763931
-0.100369
0.0620321
-0.0521846
-0.0799821
0.0277975
0.0771997
-0.0308624
-0.00278239
0.0540254
-0.0508171
0.0319686
0.0220569
0.0564971
-0.0710022
0.0401398
-0.0542289
-0.0723576
0.0181286
-0.0476765
-0.0580957
0.055771
0.00117435
0.00809452
0.0388239
0.0176731
0.0399983
-0.00610938
-0.0191155
0.0252248
0.0238964
-0.000571345
-0.0233251
0.017787
0.0121366
-0.00335674
-0.00877983
-0.0162498
0.0156785
0.00269387
-0.0189438
-0.00740605
0.0100999
0.0047305
0.0115897
-0.153318
-0.103121
0.0387135
-0.141834
-0.0856458
0.229308
-0.115445
0.0834191
0.0329452
-0.178059
-0.120373
0.198448
-0.115029
0.0588057
-0.119253
0.251045
-0.0943825
0.121791
0.226956
-0.105165
0.111512
0.0407124
-0.126358
-0.0738841
-0.0874701
0.015053
0.0215257
-0.0954099
-0.0659444
0.0114485
-0.0305639
0.0354991
-0.0240507
-0.0366006
0.0554107
-0.0188101
0.00642187
-0.0430225
-0.0443952
0.00266761
-0.0672255
-0.049523
0.00394839
-0.0534714
-0.0404468
0.0707719
-0.0571799
-0.013592
-0.0641262
0.0791791
0.00664565
0.0211089
0.0721531
-0.0510442
0.0220537
0.0588917
-0.036838
0.031639
-0.0355865
-0.00193555
-0.0286284
-0.0252607
0.000675616
-0.000695756
0.0042428
-0.0295035
-0.014701
-0.0180577
-0.00073735
0.00380717
-0.00306982
-0.00951718
-0.000399318
-0.00911787
-0.018457
-0.236574
-0.0114818
-0.211043
-0.219932
0.00888896
-0.186213
-0.198001
0.0117884
-0.160011
-0.187759
0.027748
-0.142146
-0.15764
0.0154937
-0.100739
0.131116
-0.0543029
0.0303768
-0.1418
0.0874971
-0.0756263
-0.107037
0.0314106
-0.0306438
0.0858927
-0.0544821
0.100905
-0.0388725
0.0702608
-0.0723357
0.0334632
-0.085208
0.0128723
-0.0574105
-0.0723156
0.014905
0.075098
-0.0349581
-0.0291816
0.0512385
0.0262291
0.0183449
0.0318116
-0.0501566
0.044574
0.034053
0.0171854
0.0517261
-0.0636765
0.0287184
-0.0455479
0.0603858
-0.0522913
0.0148379
0.0288787
0.0228474
0.068877
0.0165857
-0.000341816
0.0321534
-0.00176293
0.0269877
-0.0337362
0.0333943
0.000870721
0.026117
-0.0148163
0.015687
0.0201192
-0.00233211
0.00530283
0.00027766
0.000397956
0.00012172
0.0167765
-0.00109811
0.0144444
-0.00109095
0.0014889
0.00271622
0.00744671
-0.0100964
0.00899829
-3.49984e-06
0.0074502
0.0348333
-0.155206
-0.107001
0.0330106
-0.140012
-0.0933477
0.196877
-0.0853656
0.0818485
0.188053
-0.106205
0.0688003
-0.0864062
0.240688
-0.061797
0.146305
0.2184
-0.0720947
0.113234
0.188542
-0.0753075
0.103176
0.0370175
-0.130365
0.10269
-0.0656726
0.00728011
0.0830768
-0.0757968
0.0171324
-0.0400476
-0.078879
0.00308222
0.0275807
-0.0463908
0.0225759
-0.0466266
0.00801125
-0.0366397
-0.0386154
0.00575527
-0.0487777
-0.0406355
-0.0041698
-0.0446079
-0.0446166
0.0484555
-0.0885031
-0.0193838
-0.0252328
0.0233297
-0.0589162
0.0301417
-0.0495255
0.0665283
-0.0180729
0.0529363
0.0595296
-0.00659329
0.0661752
0.0850705
-0.0188953
0.0340263
0.064839
-0.0308126
0.028001
-0.0309152
-0.00138245
-0.0352573
-0.030886
-0.00549803
-0.0297593
-0.000478434
-0.000217317
-0.00354826
-0.000362577
-0.00609184
-0.0247941
0.0167356
-0.0228274
-0.00172148
0.00936915
-0.0110906
-0.000251275
-0.00329698
-0.21805
-0.0452362
-0.229532
-0.177289
-0.0568014
-0.222525
-0.21522
-0.0143122
-0.206331
-0.198802
-0.00752935
-0.187013
-0.178645
-0.00836783
-0.150897
-0.16241
0.0115124
-0.146916
-0.104337
0.134714
-0.0168402
-0.0122018
-0.124834
0.107993
-0.0389409
-0.109674
0.0551921
-0.0394135
0.0358455
-0.0752591
-0.0744303
0.0354894
-0.0192382
-0.0473234
0.0831689
0.0880454
-0.0545822
0.0127863
0.0618812
-0.0490949
0.0145578
-0.064386
0.00980378
-0.0515137
-0.0691472
0.0176335
-0.0542422
-0.0697037
0.0154614
-0.0409853
-0.0272101
0.0443956
0.0173638
0.0133532
0.0188002
0.0307171
0.0335647
0.0108309
0.0564121
-0.0702516
0.0292663
-0.0554138
0.0484443
0.00796776
0.06503
0.00961624
0.0124529
0.0209414
0.0312531
-0.00397623
0.0249176
0.0227244
0.00339253
0.0187482
0.0162493
-0.00056224
0.0196418
0.0132043
0.00124009
-0.0185072
0.0179449
-0.00033347
0.00115543
0.00861961
0.000378674
0.0098597
-0.00367363
0.0040523
0.00377655
-0.0484114
-0.0819539
0.0669832
-0.15339
-0.0730284
-0.12144
0.168917
-0.0657406
0.0627121
-0.0906775
0.0216741
-0.103628
0.231334
-0.0242933
0.169538
0.205305
-0.0357679
0.133211
0.178736
-0.0455256
0.103429
0.156305
-0.052876
0.0905641
0.219131
0.0114887
0.194838
-0.194077
0.205565
0.0509553
-0.17142
0.222375
0.0838429
0.0920679
-0.0640747
-0.0279932
0.113742
0.0480694
-0.0308097
-0.0685926
-0.0199105
-0.0655104
-0.0538541
-0.0116563
-0.0846639
0.0405202
-0.0460183
0.00190479
-0.0387307
0.0284367
-0.0536695
0.0161712
-0.054902
0.0418006
-0.0617112
0.0670654
-0.0252648
0.0489925
-0.0333294
-0.0203401
0.0380653
-0.0689805
0.0114602
-0.0447896
0.0584551
-0.0094626
0.0518619
0.0638646
-0.0120027
0.0449694
0.0605659
-0.0155964
0.0297533
-0.0392271
-0.0258933
-0.0201249
-0.00224931
-0.02751
-0.0270435
-0.00515511
-0.0223548
-0.0310484
0.000872074
-0.0279155
0.000246361
-0.00060893
-0.00305061
-0.000525474
0.0181997
-0.0173276
-0.0046277
0.00821724
-0.0128449
-0.00287339
-0.00592399
-0.0875386
-0.0375753
-0.14434
-0.178613
-0.0439123
-0.192925
-0.114835
-0.0295046
-0.158748
-0.181755
-0.0111703
-0.189284
-0.167222
-0.0220614
-0.17559
-0.157956
-0.0176339
-0.146444
-0.129317
-0.0171268
-0.141519
-0.0335258
-0.0972072
0.0636814
-0.0960559
-0.00115125
-0.0605666
-0.0600075
-0.000559103
-0.0792457
0.00392321
-0.0504908
0.054414
0.066331
-0.0517732
0.0158402
0.0717922
-0.0619884
0.0226973
0.0594199
-0.0367227
0.00764674
0.0691687
-0.0515352
0.00718024
-0.0690155
0.0174802
-0.053554
-0.0574127
0.00385867
-0.0281464
0.00110558
0.0301475
-0.0318226
0.0426535
0.0436951
-0.00104166
0.0516629
-0.0593574
0.031211
0.0382906
0.0133722
0.0479069
-0.0114506
0.0228908
0.00202679
0.0530384
0.0129424
0.00669941
-0.0316906
0.0337174
0.0154079
0.00253706
0.0221073
0.00831571
0.00154398
0.0108528
0.00287386
0.00441784
0.136134
0.125423
0.219977
0.0147355
-0.136176
-0.0888926
0.162665
-0.0721012
0.0719877
-0.0641879
0.0299425
-0.118835
-0.0341323
0.194105
0.000732971
0.158337
0.173255
-0.014918
0.127729
0.154351
-0.026622
0.101475
0.128515
-0.0270395
0.0564134
0.179869
0.0256964
0.180602
-0.166149
0.191845
0.0562262
-0.147081
0.203307
0.072896
0.0542836
-0.0884158
0.0262903
0.0862312
-0.0599409
0.00156724
-0.0512454
-0.0104659
-0.0629017
-0.0575181
-0.00538374
-0.0559508
0.0308124
-0.0511525
-0.0240896
-0.0442146
0.0396629
-0.0501287
0.0560446
-0.0163816
0.0307798
0.0511253
-0.0203454
0.0416628
0.0113899
-0.0561794
-0.0397626
0.0158355
-0.0550626
-0.0403439
0.05462
-0.0129571
0.0426175
0.0592958
-0.0166782
0.0436995
-0.0113631
-0.00962004
-0.0345945
-0.0301915
-0.000856877
-0.0398115
0.0411282
-0.041985
0.0187733
-0.00914214
0.0143355
-0.0234776
-0.00299204
-3.62541e-05
-0.00596025
0.00787783
-0.0108699
-0.00496709
-0.00050715
-0.00445994
-0.0337721
-0.0902042
-0.0713475
-0.050194
-0.17956
-0.140398
-0.0361252
-0.0352222
-0.0656298
-0.137138
-0.0216102
-0.148308
-0.0533538
-0.012276
-0.0749641
-0.127713
-0.0205948
-0.149775
-0.123817
-0.0259571
-0.141451
-0.12114
-0.0203112
-0.138267
0.0498399
-0.0509911
-0.140278
0.00201088
-0.0765965
-0.0849219
0.00832542
-0.035082
-0.0749194
0.0239282
-0.0754785
-0.0210644
-0.0612
0.0401355
-0.0453598
0.0483535
-0.0407067
0.00299369
-0.0541616
0.017439
-0.0469814
0.0550951
-0.0376561
0.0143883
0.0557902
-0.0383099
0.00880877
-0.056738
0.018428
-0.0528793
-0.0216683
0.0442464
0.00879194
0.0432047
0.0330338
0.0101709
0.0464061
-0.0495885
0.0279202
0.0554908
-0.00908477
0.0440402
-0.00554829
0.0293928
0.00432456
0.0381847
0.0204084
0.00169887
0.0247329
0.00972515
0.00112761
0.011424
0.0034499
0.00457751
0.0957743
0.167421
0.221197
0.112378
0.108819
0.185274
0.153297
-0.0968833
0.0891087
-0.0297266
0.0824959
-0.112223
-0.00591999
0.182513
-0.0019115
0.167595
0.148397
0.0191986
0.121775
0.135208
-0.0134337
0.108169
0.0112855
-0.153024
0.151112
0.0388212
-0.12869
0.167511
0.0746175
-0.114118
0.188736
0.0711555
0.0772049
-0.0112726
-0.0659325
0.071285
0.011344
-0.0592764
0.0033255
-0.0479324
-0.0621801
0.0509074
-0.0434821
-0.0066467
-0.0488659
-0.0550551
0.00618916
-0.0517296
0.0438455
-0.0504922
-0.0126262
-0.0219683
-0.0523887
0.0504215
-0.00657586
0.0340399
0.0551798
-0.0211396
0.0348344
0.0594588
-0.0246242
0.0513573
0.00810149
0.0384003
0.0511365
-0.0624995
-0.0107927
-0.0415961
0.0565602
-0.0181598
0.039882
-0.0226174
-0.0342323
-0.0055793
-0.0562005
-0.0381041
-0.00388081
-0.0436834
0.0190143
-0.022895
-0.00446325
0.00862621
-0.0130894
-0.00224367
0.0030112
-0.00525486
-0.0492203
-0.211643
-0.22878
-0.0245313
-0.115867
-0.0597536
-0.0352942
-0.193486
-0.151161
-0.0144042
-0.0453493
-0.0266802
-0.0653753
-0.00958876
-0.0859701
-0.0136293
-0.013051
-0.0232181
-0.0866022
0.000632056
-0.112559
-0.075408
-0.0371513
-0.0957192
-0.0861592
-0.00956004
-0.0841483
0.0766936
-0.0527654
0.0416116
-0.0813377
-0.00281066
-0.0730122
-0.0314007
0.0744595
-0.034324
0.021694
0.0406162
-0.0262279
-0.0597091
0.0253851
-0.0494673
-0.0102418
0.0464736
-0.00585739
-0.0457095
0.00805339
-0.0369007
0.0450898
-0.0370365
0.0188619
0.0510914
-0.0326634
0.0141906
-0.0507121
0.0180488
-0.0227919
-0.0315601
0.00876813
0.0378218
0.000362965
0.0479927
0.0389079
0.0340155
0.00489234
0.0284672
-0.00309284
0.022613
0.00211996
0.0229759
0.0097028
0.00172121
0.0118228
0.00335699
0.0050782
-0.0153813
-0.232134
-0.227024
0.0699526
0.188326
0.237374
0.0926688
0.144705
0.201488
0.0976709
0.103817
0.168826
0.121865
-0.11058
0.00964264
-0.0562901
0.0408281
-0.0971184
-0.0213521
0.133678
0.017434
0.152877
0.128528
0.0243482
0.115095
0.00451447
-0.125607
0.143041
0.0419039
-0.107763
0.149667
0.0809726
-0.0908959
0.171868
0.0779304
0.0436152
-0.0649675
0.0898583
-0.0389509
0.0419259
-0.00980376
0.072526
-0.028911
0.0335752
-0.0490074
-0.0014848
-0.0428182
-0.0409364
-0.00188198
-0.05074
0.0430997
-0.0445847
0.0456735
-0.00257358
0.0390977
-0.0332028
-0.0229978
-0.0747988
0.0601709
-0.0210729
0.0390315
0.0587606
-0.0197289
0.0341364
0.063395
-0.0292585
0.0714963
0.0533365
0.0809993
-0.0276629
-0.0583819
-0.016417
-0.0296732
-0.0140103
-0.052671
-0.0182948
-0.00460017
-0.0323051
0.0105608
-0.0151609
-0.00252847
0.00381823
-0.00634664
-0.0163667
-0.210657
-0.209853
-0.0271272
-0.124034
-0.0724765
-0.0348265
-0.175026
-0.15886
-0.0107148
-0.0617617
-0.0237657
-0.0222928
-0.000925315
-0.0216607
-0.0029606
-0.0208051
-0.00388592
0.0109981
-0.0481493
-0.0236992
0.00203847
-0.0127011
-0.0423745
-0.00577489
-0.0519345
-0.0529742
0.00103971
-0.0557849
0.0547117
-0.0330177
0.0233111
-0.0460055
-0.00977941
-0.0226944
0.0457712
-0.0203861
0.0127535
0.0367792
-0.0179173
0.0309218
-0.0359055
0.0155194
-0.0291782
-0.00672737
0.0394199
-0.00849814
-0.0342703
0.016353
0.0390506
-0.0248599
0.00201409
-0.0241977
-0.0100726
-0.0221836
0.0363043
-0.0182556
0.0114444
-0.0281224
0.00986686
-0.0193543
0.0191768
-0.0222697
-0.00017747
0.0200241
0.00295187
0.0249164
0.00264671
0.00979586
0.00202689
0.0127477
0.00416276
0.00618965
0.026169
-0.249832
-0.205965
0.00958074
-0.215546
-0.201077
0.0429861
0.204423
0.231312
0.0638743
0.167438
0.208579
0.0738983
0.134681
0.177715
-0.0714438
0.149374
0.106271
0.0104148
0.220793
0.214838
-0.0714539
0.00648613
-0.0198013
-0.051653
0.11692
-0.112405
0.107394
0.0356461
0.131742
0.0193367
-0.103556
0.139202
0.0461105
-0.0842053
0.130316
0.0876629
-0.0561306
0.143793
0.0932434
0.0633615
-0.0568756
0.0344504
0.058219
-0.0237687
0.0329976
0.0252214
-0.0665728
0.0158327
0.0423375
-0.0442195
-0.00224717
0.0518261
-0.0359934
0.00760646
0.031815
-0.0340625
0.0485552
-0.0167401
0.0459815
-0.0363859
0.0196456
0.0596933
-0.0137116
0.0386205
-0.0414571
-0.0112142
-0.0578741
0.0656636
-0.0270428
0.0459347
0.0727968
-0.0268618
0.0435382
0.0672023
-0.023664
-0.0395394
-0.0183348
-0.0248518
-0.00745338
-0.036066
0.0111042
-0.0185576
-0.00405674
0.0037861
-0.00784277
-0.0129871
-0.188089
-0.188013
-0.0218046
-0.137056
-0.0835663
-0.0296016
-0.158411
-0.166657
-0.0090607
-0.0745056
-0.0298659
-0.000394746
-0.00349116
0.0016437
0.000234286
-0.0301001
-0.00325691
0.0150271
-0.0208019
0.00232597
-0.00071388
0.00235755
0.00161208
0.0111244
-0.0209038
-0.0225543
0.0017523
-0.0215146
-0.0191307
-0.0023839
-0.00800624
0.0310852
-0.0183317
0.00839075
-0.0197816
-0.00112222
-0.0113909
0.0269698
-0.0114504
0.00863806
-0.017379
0.00592859
0.0248937
-0.00854069
0.0163955
0.0208728
-0.00447729
0.0141454
-0.00323352
-0.0172059
0.00866517
-0.0101991
-0.0070068
-0.0202717
0.0271546
-0.0157102
0.00497105
-0.0151512
-0.00512057
-0.0101801
0.0204128
-0.0105459
0.00470255
-0.0138567
0.00331082
-0.0140342
0.0113522
0.00139551
0.0139989
-3.52913e-05
0.0050268
0.00642231
0.0611098
-0.256142
-0.188722
0.0281789
-0.216901
-0.187367
0.00858515
-0.195952
-0.179504
0.0279008
0.186937
0.195339
0.0392956
0.156043
0.173976
-0.0456226
0.138866
0.147144
-0.0408734
0.101522
0.133103
-0.0301062
0.236687
0.190687
-0.0192781
0.209965
0.167659
-0.0664662
0.244726
0.17022
-0.0992834
0.254923
0.145443
-0.0573202
0.000444102
-0.108973
0.125999
-0.106662
0.0170252
0.0325397
0.0368576
0.102008
-0.082536
0.115076
0.0477796
-0.0807148
0.128494
0.0630784
0.099936
0.044543
0.0574651
-0.0392486
0.0837915
0.0607025
-0.0602586
-0.062948
0.0391792
-0.00224577
0.0554234
-0.0162442
0.0309911
0.0244322
0.0562125
0.020219
0.0425986
-0.0349922
0.00853603
0.0499881
-0.0297691
0.0149957
0.0403567
-0.031821
0.00397082
0.0482421
-0.0285966
0.0345304
0.0399973
-0.0360269
0.0114008
0.0523065
-0.017776
0.0252635
-0.020762
-0.0153041
-0.0390968
0.0540488
-0.0287848
0.0271871
0.0487838
-0.0215965
-0.0251198
-0.0139773
0.0103168
-0.0256212
-0.0082408
0.00372109
-0.011962
-0.0150845
-0.16442
-0.173496
-0.0330335
-0.133624
-0.107539
-0.0252292
-0.148267
-0.158853
-0.00295214
-0.104587
-0.0330523
0.00278624
-0.00604316
0.00514376
0.000976718
-0.034029
-0.00506647
0.000447158
0.00130513
0.00205922
0.00302149
0.00212225
0.0050807
0.0100906
-0.0112128
0.00208435
-0.000977096
0.00228221
0.00571882
-0.0036345
-0.00333492
0.00235781
-0.00868516
-0.00252765
0.020076
-0.011438
0.0139898
-0.00806125
0.00255186
0.0077122
-0.0109457
-0.000349062
0.0114254
-0.00276024
0.00694809
0.0104302
-0.00348217
-0.000515492
-0.0057082
0.00294796
-0.00377846
-0.00192975
-0.0107853
-0.00536062
-0.00542466
-0.0104812
0.0136618
-0.00895927
0.00348169
-0.00699951
0.0113478
-0.00803702
0.00238857
0.00631491
-0.00627961
-0.00175741
-0.00738249
-0.157037
0.0748185
-0.247672
-0.181324
0.0586408
-0.239964
-0.15826
0.044022
-0.202282
-0.15193
-0.159313
0.111168
-0.262847
-0.136504
0.14326
-0.265405
-0.119587
0.167224
-0.255874
-0.0981816
-0.125322
0.258403
0.129601
-0.143876
0.247385
0.114526
-0.174087
0.245212
0.0732979
-0.197632
0.237338
0.0475801
0.198809
-0.254851
-0.0570655
0.207948
-0.23187
-0.0469035
-0.214063
0.222193
0.0232756
-0.00967704
0.00645978
0.161199
0.162503
0.023686
0.138816
0.156789
0.126881
-0.0253594
0.0876322
0.131429
-0.0532958
0.223516
0.156669
-0.0183026
0.174972
0.142896
-0.071486
0.216929
0.15203
-0.089656
0.219257
0.127273
0.110416
-0.0227834
0.104744
-0.0877189
0.0444851
0.0273565
0.0317969
0.0681389
0.0892621
-0.0754746
0.102831
0.0530195
0.121158
-0.0201296
0.109391
0.0636619
-0.0210696
0.0847314
0.0893458
0.0600429
-0.0155581
-0.0421575
0.0399115
0.0178853
-0.049131
0.0328865
-0.00921963
0.047636
-0.0147496
0.0247633
0.0228725
0.0491956
0.0194263
0.0391969
-0.0242014
0.00737581
0.0409497
-0.0215235
0.016748
0.0410234
-0.0336479
0.00499664
-0.0371586
0.0193825
0.0414938
-0.030093
0.00433503
0.0316709
-0.0266744
0.00157786
0.0412917
-0.0219091
0.0125072
-0.0166329
-0.00898881
-0.0306102
0.034924
-0.0224171
-0.0133275
-0.0172825
0.00568096
-0.01467
-0.00944527
-0.147592
-0.157712
-0.0430906
-0.0614963
-0.0478826
-0.110971
-0.0909731
-0.0285241
-0.129188
-0.139495
0.00489608
-0.0663924
-0.0291329
0.00246352
-0.00753
0.00458575
0.0051872
-0.0343201
-0.0023428
-0.00924978
-0.0250703
-0.000596605
0.00518234
-0.0044841
0.00676628
0.00447229
-0.00699998
0.0008378
0.0021165
0.00464979
0.00447431
-0.00107451
0.0019123
0.00339979
-0.00694013
-5.98481e-05
-0.00438827
0.00386053
-0.0042096
-0.000527756
0.00371223
-0.00422775
-0.000497384
0.00577465
-0.00282672
-0.00229248
-0.0019353
-0.00221652
-0.000610205
0.000693824
-0.00262358
-0.00152269
-0.000823994
-0.00179959
-0.00624866
0.00889555
-0.006507
0.00189604
-0.00435263
0.0066051
9.8099e-05
-0.0192238
-0.128368
-0.120575
-0.0387377
-0.139799
0.104297
-0.240801
-0.135668
0.0730014
-0.208669
-0.129281
-0.168019
0.115486
-0.235074
-0.125314
0.145338
-0.24352
-0.0897356
0.166909
-0.223974
-0.076611
-0.119063
0.23359
0.100194
-0.149382
0.22268
0.0842076
-0.176048
0.223628
0.0466323
-0.178688
0.201963
0.0449401
0.178847
-0.22575
-0.0451273
-0.206324
0.196647
-0.00436079
-0.0291031
-0.00649164
0.149388
0.132325
0.00125142
0.131073
0.132681
0.109897
-0.0325024
0.184532
0.142469
-0.0286816
0.171151
0.120706
-0.0526686
0.179942
0.131864
-0.101771
0.201965
0.0781705
0.0900307
0.0198665
0.00892739
0.0804183
0.0989581
-0.0740402
0.0584818
0.0287906
0.0379871
0.0714043
-0.0568813
0.0856716
0.0642769
0.102264
-0.0148934
0.0862975
0.069838
-0.00620122
0.0760391
0.0742171
-0.053654
0.0444341
-0.0357688
0.0227128
-0.0473627
0.0326128
-0.00292882
0.037264
-0.00465138
0.0219969
0.0152668
0.0448692
0.0233455
0.0359668
-0.0192189
0.00231865
0.0314313
-0.00808604
0.0122122
0.0307764
-0.0284582
0.00410216
0.0279593
-0.0236243
0.00605053
0.0297946
-0.0282167
0.00617018
0.0294691
-0.0253672
0.00125211
0.0264417
-0.0203914
0.0040247
0.0180638
-0.0140376
-0.000781303
-0.0245594
-0.103809
-0.153747
-0.0204092
-0.133338
-0.0133471
-0.077626
-0.0797394
-0.0403576
-0.099137
-0.117984
-0.119546
-0.0277981
-0.0519413
-0.0370479
0.00175043
-0.00409324
0.00693276
-0.00992164
-0.0271262
-0.00445692
0.000363706
0.0177424
-0.027664
-0.00732789
-0.0117848
-0.00332844
-0.00845637
-0.0027138
0.00736354
0.00421896
-0.000232658
0.000172791
0.00167965
0.00197607
0.00538748
0.00537586
-0.00176404
0.00344369
0.00361181
-9.27363e-05
0.000265517
-0.000620505
0.0004405
-0.000937915
-0.00018002
5.91569e-05
-0.0019945
-0.000878767
0.000442551
-0.00105279
-0.00155195
-0.000774065
-0.000748643
-0.00182686
-0.000880138
-0.000919435
-0.00162878
0.00405337
0.000299263
-0.00121869
-0.0549805
-0.0848183
-0.158789
-0.0805877
-0.0874309
-0.165406
0.0998475
-0.225162
-0.108821
-0.196252
0.146192
-0.235927
-0.0789699
0.142749
-0.21936
-0.0931782
0.147246
-0.192373
-0.0721139
-0.121749
0.205957
0.0802152
-0.136609
0.183241
0.0693482
-0.147075
0.192015
0.036166
-0.179849
0.175488
0.0121662
-0.189255
0.160152
-0.0137669
-0.0322208
-0.0319126
0.152619
0.0991606
0.119027
0.0572356
0.0617916
-0.0390976
0.170961
0.132053
-0.0168222
0.148875
0.135797
-0.0944536
0.172624
0.0765077
-0.0997353
0.179951
0.0728889
0.0304067
0.0685513
0.0876423
0.00762115
0.0665959
0.0761725
-0.0704184
0.0356254
0.0347928
0.015879
-0.0454103
0.0681227
0.0402611
0.0427126
0.059551
0.0585913
-0.00959672
0.0498575
0.0499541
0.00579321
0.0608027
-0.0169701
0.0525955
0.059069
0.0648622
-0.0461902
0.0432611
0.0219323
-0.0363366
0.0316849
0.0069242
-0.0238959
0.0391624
0.00778888
-0.0317647
0.0236783
0.00739764
0.0338937
-0.0216822
0.0054357
0.030212
-0.00653384
0.00852953
0.0260748
-0.0206398
0.000707921
0.0154973
-0.0147888
0.0257845
-0.019614
0.00539325
0.0208172
-0.00532049
0.0220699
0.00245628
0.0196931
-0.0142994
-0.0956169
-0.0239292
-0.0855526
-0.0732364
0.0338955
-0.119448
-0.0994425
0.00390169
-0.103344
-0.0917152
0.0271849
-0.0791262
0.0907987
-0.114728
0.00650577
-0.033632
-0.0726204
-0.00079488
0.00501383
-0.000431179
0.00875247
-0.0423844
-0.0189115
-0.0012914
0.000860215
-0.00461984
0.000110873
-0.0190224
-0.0083455
0.000902687
-0.00924819
-0.00371714
-0.00120118
0.00658862
0.00381266
-0.0024393
0.0027048
0.00100439
0.00077692
0.00581171
0.00438874
0.00539313
-0.00189497
0.00101616
0.00207499
0.00062979
-0.00214271
0.000590706
-0.00112656
-0.00205163
0.000224739
-0.00146092
-0.00152825
-0.000100536
-0.00130351
-0.000817999
-0.000918537
-0.0741987
-0.091207
-0.147435
0.121456
-0.200426
-0.0747961
-0.166003
0.0940168
-0.187195
-0.106409
0.1118
-0.183914
-0.0753947
0.132356
-0.164576
-0.0515583
-0.111442
0.18079
0.068509
-0.131029
0.167195
0.049761
-0.158516
0.170683
0.00867863
-0.159061
0.145294
0.011622
-0.0192822
0.0102797
0.0773626
0.0283584
0.107438
0.0901499
0.10043
-0.0659712
0.142479
0.0829041
0.0274745
0.0799639
0.110379
-0.0768547
0.149744
0.0656243
-0.106249
0.174758
0.0434951
0.0153359
0.0608365
0.0926986
0.0064463
0.0862523
0.0215447
0.039258
0.0823813
-0.00147165
0.054067
0.0201234
0.0384677
0.054916
0.0534444
-0.031125
0.0530567
0.0187323
-0.030413
0.0491448
0.0195409
0.0580084
0.0315407
0.0333215
0.0707987
0.0212263
0.0328407
0.0545477
-0.00435558
0.0371962
-0.0350827
0.0420065
0.0179738
-0.0202905
0.0276879
-0.0439295
0.0236386
0.0361406
0.0058652
-0.0282895
0.0217552
-0.000601749
0.0216567
9.78077e-05
-0.0301863
0.00954648
0.0231506
-0.013604
0.00836204
0.0174188
-0.00905665
0.0120985
0.0112233
0.000876464
0.0136791
-0.0730952
-0.0416326
-0.0287984
-0.118637
-0.0137892
-0.0779259
-0.0868845
0.0760717
-0.10487
-0.0433764
0.0373456
-0.080722
-0.0659986
-0.00183882
-0.0641597
-0.0797648
-0.0403496
-0.0322708
-0.0819822
-0.0190699
-0.0233145
-0.0513407
-0.00040397
0.00421662
0.000456255
0.00719405
-0.0305086
-0.0118283
0.000455626
6.50917e-07
-0.00326151
0.00463649
-0.0164648
-0.00461169
-0.0078732
-0.00122612
0.0070378
0.00299052
-0.00456364
0.00519342
0.00082949
0.00339566
0.00364216
0.00422515
-0.00423195
0.00310536
0.000961479
-0.0032437
0.00178275
-0.00013832
-0.00237073
0.00106722
-0.000587967
-0.00098024
8.69753e-05
-0.0576516
-0.0609851
0.0645687
-0.170978
-0.101434
-0.159086
-0.0411064
-0.117979
0.0893642
-0.164759
-0.0816133
0.103104
-0.154662
-0.0616552
0.114635
-0.133917
-0.0400264
-0.0995507
0.149312
0.0752069
-0.142801
0.15148
0.00651081
-0.129414
0.141036
0.022066
0.00711876
-0.0678615
0.143068
-0.0126766
0.0926405
0.0877529
0.0941992
-0.0333856
0.126026
0.0769932
0.142617
0.0339005
0.0602987
0.127403
0.0152143
0.170898
0.103037
0.0485374
0.0377149
0.082438
-0.0262055
0.0639205
0.0788573
0.00352399
0.0526519
0.0527665
0.0180323
0.0562905
0.0373684
0.0160758
0.0330128
0.0337724
0.0242356
0.0498481
-0.026967
0.0449402
0.0221775
0.0464128
0.0366692
0.0178786
0.0547014
0.0239904
0.0132057
0.0418689
0.0256202
0.0073925
0.0388259
-0.0288157
0.0346804
0.0161242
-0.0219127
0.0213106
0.00172513
-0.0230329
0.0247574
0.011647
-0.0228227
0.0229198
-0.00151272
-0.0257517
0.0121469
-0.00283184
0.0196456
-0.00749784
0.0105881
0.00908605
0.00149998
-0.0421568
-0.0398254
-0.0207339
-0.0661505
-0.0628907
-0.0687784
-0.0360916
-0.129763
-0.00147562
-0.0782891
-0.0676262
0.0678445
-0.103936
-0.0128776
-0.0770373
0.00782392
-0.0848612
-0.0704652
-0.0251022
-0.0262385
-0.0649275
-0.0113407
-0.0191679
-0.0375791
-0.000281114
0.00327167
-0.000280436
0.00971654
-0.0288844
-0.00674828
0.00559299
-0.0123412
-0.00228018
-0.00256059
-0.000409241
0.00405141
0.00286244
-0.00381456
0.00477603
-0.000410591
0.00446203
-0.00265604
0.00251771
0.00212002
-0.00211986
0.00153192
0.000397865
-0.000826113
0.000705811
0.0804647
-0.121571
-0.0492988
0.0529986
-0.134612
-0.0649808
0.0759543
-0.140935
-0.0456168
0.0786102
-0.140265
-0.0560014
0.0992678
-0.139294
-0.0409975
0.106867
-0.0997486
-0.0324266
0.130227
0.0128414
0.136738
-0.129251
0.151317
0.00748717
0.0515685
0.0635424
0.0188957
0.0967833
0.00625366
0.109625
0.119302
-0.00967715
0.0221841
0.103842
0.0824828
0.119056
0.00505036
0.0584921
0.0875332
0.0969756
0.0220809
0.103229
-0.0499451
0.0688409
0.0139755
0.0435017
0.00915029
0.0574772
0.0528268
0.00346383
0.0619771
0.044297
0.0104045
0.0477608
0.0331943
0.0166535
0.0405866
-0.0197106
0.0358343
0.0267019
0.0433552
0.0313498
0.0105191
0.0417543
0.0186691
0.0201567
0.0291881
0.030321
0.0102654
0.00588584
0.0244349
0.0260425
-0.0167611
0.0284075
0.0190731
-0.0182295
0.0167159
0.00652733
-0.00963572
0.0161626
0.0187715
-0.0160731
0.0132407
0.000642501
-0.0159794
0.00848075
-0.00273851
-0.00724909
0.00123113
-0.0321058
-0.0328217
-0.0113166
-0.0515741
-0.0434225
-0.0104089
-0.0572172
-0.061983
-0.058418
-0.0455181
-0.107717
-0.00982207
-0.0606431
-0.0670393
-0.058823
-0.0260381
-0.104341
-0.0866812
-0.0165018
-0.0210774
-0.0493235
-0.0148656
-0.0140188
-0.0359429
-0.000852625
-0.00170796
-0.00124274
0.000390136
0.00161971
0.00408549
-0.0181043
-0.00825574
-0.00102772
-0.007228
-0.00273565
-0.00201833
-0.000717297
0.000723328
0.00373871
0.00234306
-0.000677614
0.00279764
0.00306113
-0.000715448
0.00111333
0.00208221
-0.0005884
0.000524932
0.0702707
-0.115887
-0.0374459
0.0747913
-0.130793
-0.0661437
0.0704105
-0.136554
-0.0454769
0.102121
-0.143118
-0.0286718
0.118295
-0.0667268
0.085869
-0.0572491
-0.124039
0.0573125
0.112357
0.00694542
0.119844
-0.00419526
0.0157109
0.0531301
0.074203
0.0966506
0.00657883
0.0869735
0.0943277
-0.00735407
0.101273
0.0129301
0.0746032
0.0871332
0.0966842
0.0743621
0.0223223
0.080941
0.057977
-0.000499644
0.0203812
0.037596
0.0735114
0.0508975
0.0110798
0.0503979
0.0504222
-2.4231e-05
0.0436518
0.00410911
0.0547316
0.0356949
0.0060593
0.0398041
-0.0163974
0.03547
0.0269575
0.0372227
0.000298128
0.0257442
0.0294862
0.0355455
0.0076835
0.0295389
0.0321183
0.00942574
0.0226923
0.0351699
0.0163941
0.0190754
0.00383642
0.0149346
0.0202303
-0.0139212
0.0145632
0.00224116
0.0171756
-0.0113637
0.00862497
0.00319956
-0.00460436
0.00402014
0.00757961
-0.0510021
-0.0417439
-0.00654816
-0.0351957
-0.00317615
-0.0588068
-0.0541782
0.000474434
-0.0675137
-0.0583324
0.0555652
-0.093011
-0.0487758
-0.00377891
-0.0829023
-0.0712926
0.0271141
-0.0758899
-0.0557881
-0.0232173
-0.0127256
-0.0297654
-0.0130177
-0.0167477
-0.00954073
-0.00856354
-0.0222663
0.00134327
-0.000953078
-0.000675039
0.00139
0.00432947
-0.012893
-0.00289851
-0.00361578
-0.000945275
-0.00267047
-0.00162031
0.0011614
0.00189974
0.00255143
0.000463272
0.00161895
0.00236304
-0.000801455
0.000817501
0.0654876
-0.110964
-0.0275233
0.0854256
-0.114097
-0.0511285
0.0654769
-0.116605
-0.0454875
0.147282
-0.0899693
0.0900329
-0.0240643
-0.0933054
0.0033362
0.108376
-0.00710247
0.104181
0.0108752
0.0116612
0.0618503
0.0987944
-0.0844433
0.077341
0.0820962
-0.00115508
0.0747422
-0.00970105
0.0537141
0.0450805
0.0760364
0.061655
0.0143814
0.0605
0.0206448
0.0297776
0.0582408
0.0159567
0.0422843
0.077807
0.0503585
0.0043733
0.0503344
-0.0234221
0.0531998
0.0269124
0.0364165
0.00338769
0.0407899
0.0413359
-0.00579049
0.0447237
-0.0033947
0.0224695
0.0261438
0.0357648
-0.00059508
0.0299744
0.00872133
0.017422
0.0314135
0.0308184
0.00545835
0.0147713
0.0279273
0.00339168
0.0137837
0.0181626
-0.0041021
0.00730162
0.00968137
-0.00233827
0.00496335
0.00483797
-0.0590162
-0.0303578
-0.0433754
-0.000921246
-0.0574111
-0.0599374
-0.00693894
-0.0643536
-0.0643501
-0.0692698
-0.00661992
-0.0967931
-0.0587423
0.00295418
-0.0653621
-0.0613994
-0.0140357
-0.0293398
-0.0125228
-0.00974345
-0.0292706
-0.0220159
-0.0072547
0.00781268
-0.0218483
-0.0142032
-0.00609503
-0.0067979
-0.0158385
-0.0020647
0.000444419
0.000486731
2.14014e-05
-0.00681924
-0.00264904
-0.00131335
-0.00133568
-0.00086895
0.0012919
0.00107115
0.00177863
-0.000135696
0.00093546
-0.0729666
-0.0238265
0.0401712
-0.0856586
-0.0327954
0.0979682
-0.122032
-0.018637
0.0522163
-0.0708532
-0.0334422
0.0856176
-0.0747423
0.0889539
-0.0330783
0.0979469
-0.0206058
0.0232047
0.062894
-0.0959721
-0.0737318
0.0531261
0.036464
0.0413432
0.0815445
0.0897884
-0.0292883
0.0800874
0.0063557
0.052357
0.0291875
0.0667385
0.0374503
0.022828
0.030372
0.0651123
0.029497
0.0356155
0.0708402
0.049142
-0.00835202
0.0231693
0.025973
0.0500818
0.0280091
0.0220728
0.0583812
0.0443059
0.000417884
0.0359539
0.0394071
-0.00943283
0.0398251
0.0120834
0.0158431
0.0295051
0.0330368
-0.00221877
0.023604
0.0201553
0.00934941
0.0179365
0.0069797
0.011182
0.0228219
0.00373511
0.00594584
0.0149165
-0.0011931
0.00475263
-0.00753891
-0.0523985
-0.0368787
-0.00674919
-0.0546501
-0.0565387
-0.00781127
-0.0632879
-0.0602098
0.0336745
-0.0575009
0.0779672
-0.0442926
0.0126051
-0.042045
0.0078387
-0.0447174
0.0284134
-0.0205747
0.00656505
-0.00871678
-0.00712165
-0.0159715
0.0202823
-0.0137173
0.00607918
-0.00989228
-0.00269928
-0.00411989
-0.0098209
-0.00181988
0.000950936
-4.1232e-05
-0.000518013
-0.00360184
-0.00185368
-0.000902752
0.000920484
0.000879251
0.0541863
-0.0869815
-0.00331462
0.0462536
-0.0796957
-0.0407279
0.0974952
-0.034601
0.026642
-0.0530536
0.0682344
-0.0151081
0.0914392
-0.00453273
-0.0619708
0.0468628
0.0532061
-0.0577387
0.0739708
-0.0207645
0.0393698
0.0671162
-0.0607604
0.00514546
0.045993
0.0248473
0.0751806
0.0439808
0.0311999
0.0814311
0.0206708
0.0299932
0.0283881
0.0656087
0.037171
0.0284378
0.0620184
0.0429919
-0.0070378
0.0278616
0.0151306
0.0538347
0.032394
0.0214409
0.054467
0.0291843
0.0252828
0.0575724
0.0422636
-0.00243839
0.035226
0.0325792
-0.00897532
0.0301409
0.0119079
0.0109135
0.021257
0.00834505
0.0129109
0.0262814
0.0173054
0.00832514
0.00659075
0.0192378
-0.000680916
0.00590986
0.00234009
-0.0625498
-0.0423773
0.0292695
-0.0713144
-0.0340184
0.0216343
-0.0556526
-0.0409155
0.0445051
-0.0478196
0.000212526
0.0480577
-0.0478451
-0.0232567
-0.00184863
-0.0405286
0.026052
-0.0279006
0.00547735
0.0190052
-0.0135279
0.00528797
-0.00281526
-0.0070056
0.0127075
-0.00741954
-0.000107911
-0.00349385
-0.0071135
-0.000428595
-0.00306522
-0.00133135
-0.0642482
0.0164287
0.0512078
-0.0460622
0.0239884
-0.0647162
-0.0402597
0.0746166
-0.0352467
0.0215631
-0.043153
0.0400264
0.0111815
0.0868894
0.0291507
-0.0343917
0.0455733
0.0626209
-0.0334701
0.0418564
0.0567235
-0.014867
0.0214769
0.0663926
-0.0457216
0.0203304
0.044899
0.0171195
0.076099
0.0303774
0.0239404
0.0336321
0.0523782
0.0393993
0.012979
0.0565189
-0.0283719
0.0620042
0.038517
-0.00329073
0.0318117
0.00670571
0.0469425
0.0337807
0.013162
0.0552219
0.0370133
0.0182088
0.0622963
0.0339244
0.0329949
-0.00285303
0.0297045
0.024635
-0.00732951
0.0217818
0.00766365
0.0115731
0.0205741
0.0132435
-0.00249779
0.00907508
0.00617306
-0.0470885
-0.0343556
0.0379965
-0.0612531
-0.017656
-0.0647445
0.0584035
-0.0419748
0.0105584
-0.0506947
0.00603561
-0.0403912
0.0255646
-0.0195289
-0.00233602
0.0132372
-0.0155732
-0.000290649
0.00840639
-0.00869706
0.000986869
-0.0061266
-0.000785872
-0.0053407
-0.0485385
0.00656378
0.0182315
-0.0584912
-0.030307
0.0537451
-0.0334145
0.0193535
0.0706465
-0.0491694
0.0274935
-0.0309976
0.0446158
-0.0252622
0.0311982
0.0134177
0.0767715
0.0433015
0.061996
-0.0186944
0.0471291
-0.00204021
0.0643305
-0.0339529
0.030916
0.066547
-0.0100281
0.0325942
0.0339757
0.0280285
0.0469548
0.0470425
-8.77667e-05
0.0370145
-0.0233045
0.0513331
0.0563162
-0.0223916
0.0330117
0.0234143
0.00629087
0.0301203
0.0244749
0.00564578
0.037637
0.0318893
0.00574806
0.0500982
0.0277066
0.019456
0.00232673
0.0257473
-0.00114696
0.0120966
0.014425
0.00245214
-0.0671966
-0.037939
0.0579723
-0.0514085
0.0072776
-0.0599189
-0.000653402
-0.0372857
0.0211261
-0.0217794
0.00159714
0.0147794
-0.0131822
-0.000793696
0.00592095
-0.00671453
-0.00277612
0.0218693
-0.0521762
-0.0295391
0.0296433
-0.0606408
-0.0225329
0.0623973
-0.0314812
0.0371351
0.0505861
-0.0526261
-0.0100547
0.0447113
-0.00757602
0.0581291
0.0621944
-0.00406516
0.0435001
-0.00912595
0.0575579
-0.0249636
0.0260768
0.0448042
-0.0187273
0.0587232
-0.0217086
0.0337597
0.0539011
-0.00256804
0.0538134
0.0578002
-0.00398672
0.0360916
0.0488961
-0.0158844
0.0463281
0.0451932
-0.0174866
0.0293089
0.0206043
0.00514393
0.0262504
0.0240313
0.00221955
0.0297794
0.012293
0.0142174
0.0193611
0.00858893
-0.0685078
-0.0286967
0.0283359
-0.0578749
-0.0401719
0.00607965
-0.0347764
0.025542
-0.0194623
0.00376257
0.0147954
-0.0110328
0.00161323
0.00673137
-0.00511803
0.0353532
-0.0578859
-0.0225217
0.0403659
-0.0504205
-0.01752
0.0578534
-0.0130491
0.0502774
0.0421469
-0.0512728
-0.00827347
0.0487155
0.00156206
0.0446504
-0.00662226
0.0209391
-0.0339882
0.0451878
-0.0242486
0.05261
-0.0188503
0.0338828
-0.000105313
0.0590078
-0.0229161
0.0401576
0.0588019
-0.0124738
0.0548152
0.0318992
0.0459357
-0.0166269
0.0334619
0.0289933
-0.0167003
0.0123667
0.0136081
0.0158276
-0.000872739
0.0109704
-0.0511423
-0.0238059
0.0211152
-0.0436368
-0.0300271
0.00839944
-0.0322053
0.0221323
-0.0137328
0.00266998
0.0131796
-0.0105096
0.00214682
0.00631364
-0.00416674
0.0227132
-0.0402331
-0.0209236
0.0354082
-0.0436816
-0.00482489
0.0506065
-0.00541863
0.0521687
0.046034
0.00613475
0.0394118
-0.00426969
0.0370046
-0.0371098
0.0127561
0.0356428
-0.0228866
0.0302242
0.0577056
-0.0175479
0.0205959
0.0462376
-0.0143383
0.0286897
0.0414757
-0.00801379
0.0271374
0.0216742
-0.00930742
0.0136604
0.0132236
0.00391608
0.00367056
-0.0336976
-0.0285347
0.0140128
-0.0349364
-0.0196847
0.000732175
-0.0292669
0.0162752
-0.015543
0.00254234
0.0120313
-0.00948896
0.0015218
0.00508849
-0.00356661
0.0367035
-0.00647918
0.0322013
-0.037026
-0.00273512
0.0368358
-0.0411053
-0.000190251
0.0332856
0.00341797
0.0394204
-0.00168486
0.0388158
-0.0182198
0.0159292
0.0287403
-0.0128111
0.0319378
-0.00319734
0.0254586
0.0415998
-0.01291
0.0233801
0.0358093
-0.00867183
0.0228993
0.019824
-0.00616343
0.0111522
0.010125
0.00396181
0.0313506
-0.0340857
0.011666
-0.0176009
0.00669596
-0.0242968
0.0183174
-0.0116214
0.00277442
0.0110149
-0.00824049
0.00152603
0.00468775
-0.00316167
0.0265483
-0.00108961
0.0299664
0.0362904
-0.0364805
0.00220475
0.0351054
-0.00513897
0.0334206
-0.00305988
0.0294275
-0.00604738
0.0166165
0.0184376
-0.00182102
0.0152403
-0.0247263
0.0236368
0.0239499
-0.00870956
-0.000776411
0.0263913
-0.00349186
0.0203439
0.015435
-0.00428264
0.0119432
0.00794198
0.00365947
0.0222906
-0.0200857
-0.00200624
0.0139047
-0.0159109
0.00228334
0.0102345
-0.00795117
0.00199411
0.00405739
-0.00206321
0.0252859
-0.00164893
0.0201469
0.0280856
-0.00793853
0.0250258
0.00494012
0.0232556
-0.00291152
0.0214346
0.0127251
-0.0158005
0.0141517
0.0147513
-0.00202618
0.0139749
-0.00182553
0.0140385
-0.00209512
0.011127
0.00635813
0.00426316
0.0182671
-0.0133268
0.00235623
0.0109424
-0.00858604
0.00299123
-0.000312625
0.00330389
-0.00491333
0.0170414
-0.00288968
0.00910294
0.015163
-0.00605998
0.0160806
-0.000917567
0.0027538
-0.0108204
0.0079308
0.012962
-0.00183492
0.0109359
0.0120941
-0.00115814
0.0102686
-0.000551756
0.00574609
0.00391123
0.0107905
-0.00803658
0.00220446
0.00461498
-0.00241046
-0.000298342
-0.000858016
0.0116578
-0.00372694
0.00559786
0.00762113
-0.0020232
0.00670359
-0.00133297
0.00846964
-0.00902129
0.00474275
0.00526668
0.00410857
-0.00491263
0.00170339
0.00292045
-0.00425335
0.00051002
0.00103887
-0.000528821
0.00628479
-0.00154194
0.00426163
8.32014e-06
0.00204434
-0.000340878
0.000502425
0.000109667
0.000579636
-0.000571283
0.000266289
0.000768746
)
;

boundaryField
{
    top
    {
        type            symmetryPlane;
        value           uniform 0;
    }
    bottom
    {
        type            symmetryPlane;
        value           uniform 0;
    }
    inlet
    {
        type            calculated;
        value           nonuniform List<scalar> 
17
(
-0.97042
-0.92719
-0.97042
-0.8859
-0.92719
-0.85771
-0.8859
-0.85697
-0.85771
-0.85735
-0.85697
-0.85772
-0.85735
-0.85783
-0.85772
-0.85782
-0.85783
)
;
    }
    outlet
    {
        type            calculated;
        value           nonuniform List<scalar> 
17
(
0.982048
0.938656
0.897653
0.869417
0.870678
0.897675
0.8697
0.876295
0.93876
0.869076
0.814423
0.868781
0.981956
0.877397
0.762963
0.877926
0.806596
)
;
    }
    deck
    {
        type            calculated;
        value           uniform 0;
    }
    frontAndBack
    {
        type            empty;
        value           nonuniform List<scalar> 0();
    }
    defaultFaces
    {
        type            empty;
        value           nonuniform List<scalar> 0();
    }
}


// ************************************************************************* //
