/*--------------------------------*- C++ -*----------------------------------*\
  =========                 |
  \\      /  F ield         | OpenFOAM: The Open Source CFD Toolbox
   \\    /   O peration     | Website:  https://openfoam.org
    \\  /    A nd           | Version:  8
     \\/     M anipulation  |
\*---------------------------------------------------------------------------*/
FoamFile
{
    version     2.0;
    format      ascii;
    class       volScalarField;
    location    "0.048";
    object      p;
}
// * * * * * * * * * * * * * * * * * * * * * * * * * * * * * * * * * * * * * //

dimensions      [0 2 -2 0 0 0 0];

internalField   nonuniform List<scalar> 
424
(
-1.09175e-06
0.0549791
0.0135831
0.118039
0.095697
0.247631
0.102335
0.0549307
0.27753
0.495523
0.478874
0.491751
0.0113732
-0.150549
0.508093
0.749785
0.508277
0.513942
-0.422013
-0.184116
0.749215
1.00246
0.672846
0.673562
-0.674207
-0.436622
-0.380905
-0.396307
0.988404
1.26985
1.47588
1.53828
0.85019
0.848271
-3.52157
-0.889028
-1.11166
-1.38905
-0.676916
-0.412368
-0.417515
1.23571
1.42955
1.52551
1.41536
1.00686
1.0045
-2.88776
-2.65097
-0.887319
-1.12253
-1.18071
-0.576931
-0.57815
1.43281
1.47057
1.02543
1.02165
-2.26903
-1.12638
-0.759585
-0.757278
1.51794
1.67542
-1.05166
-0.621473
-0.946318
-0.945263
1.92537
1.70871
-0.0207036
-0.598906
-1.01237
-1.03658
2.18167
1.93776
1.8982
1.91141
0.728278
0.00847992
4.37588
2.40408
1.47381
2.10452
2.68241
5.25508
2.88567
2.61759
2.17945
1.94299
1.94873
0.733674
-0.386746
3.94777
2.39743
1.45935
2.08228
2.56928
4.53653
2.64143
2.62745
2.10504
2.10578
-0.162753
-0.412545
2.29275
2.2903
0.39311
-0.163127
2.48809
2.49279
0.979215
0.392541
2.57521
2.60602
1.56095
0.978183
1.82252
1.55609
1.84065
0.130952
0.0405955
0.0477973
0.0787735
0.0945712
0.165917
-0.0272925
0.0103156
0.224473
0.318093
0.333319
0.151111
0.177699
0.219168
0.336116
0.303733
0.294916
0.445384
0.461552
0.446412
0.0654173
-0.000493249
0.0703581
0.0359144
-0.0163092
-0.0625899
-0.0402599
-0.160877
-0.0822138
-0.189107
0.000920631
0.0449793
0.0690946
0.113959
0.305894
0.169846
0.363378
0.35338
0.490704
0.511351
0.58396
0.513399
0.599079
-0.0308885
-0.033114
-0.185972
-0.202768
-0.231962
-0.267399
-0.27163
-0.0485123
-0.281717
-0.0948466
-0.233378
0.643086
0.639042
0.751027
0.78334
0.679167
0.784445
-0.293707
-0.28164
-0.439164
-0.338937
-0.401488
-0.381302
-0.348947
0.88575
0.885146
0.985853
0.958341
1.05254
0.853793
0.943812
-0.546839
-0.672319
-0.503749
-0.554949
-0.419945
-0.515274
1.13593
1.1507
1.2072
1.21794
1.27454
1.22129
1.1096
1.18323
1.00482
1.08283
-0.788817
-0.883657
-0.696346
-0.776911
-0.583089
-0.700556
1.32539
1.30432
1.3173
1.35459
1.40199
1.38613
1.38247
1.38612
1.39076
1.49783
1.50035
1.44976
1.18471
1.27087
1.03854
1.1855
1.35379
1.38438
1.45394
-1.2654
-1.65517
-2.50198
-2.08805
-1.01829
-1.11731
-1.23149
-1.01889
-0.868152
-0.935451
-0.764276
-0.870038
-1.14725
-1.2549
1.50176
1.44759
1.4584
1.4528
1.51794
1.45792
1.46853
1.51759
1.56268
1.58834
1.687
1.3404
1.43587
1.51171
1.49515
1.13844
1.26323
-1.48764
-1.41873
-1.63499
-1.23535
-1.08028
-1.10407
-1.14903
-1.00616
-1.07056
-0.942609
-1.01919
-0.854687
-1.19495
-1.10101
-1.07426
-1.11789
-1.2208
1.56626
1.62303
1.69903
1.55627
1.73548
1.7305
1.76236
1.78539
1.56428
1.77369
1.61189
1.73801
-0.817927
-0.723202
-0.94113
-0.594371
-0.698821
-0.564771
-1.09601
-1.10543
-0.746695
-0.756853
-1.02304
-1.12666
-1.03851
-1.07746
-1.24119
-1.17203
-1.05092
-0.753288
1.77592
1.78996
1.94082
1.8688
1.91339
1.88604
1.8728
-0.395512
-0.399276
0.0271313
-0.357079
-0.0567994
-0.411709
-0.34488
-1.40078
-1.31496
-1.08189
-1.21419
-1.15631
-1.51027
-1.48568
-1.19799
2.06702
2.18186
2.0157
2.06493
1.94682
2.02999
0.311347
0.738145
0.0737605
0.32754
-0.160604
0.145231
-1.13425
3.71441
4.06672
2.31326
2.39273
2.18869
2.3108
2.11141
2.20103
1.14668
1.4522
0.805999
1.13718
0.417316
0.792388
2.57843
3.13394
2.53369
2.62163
1.88884
2.07564
2.3738
2.73878
3.011
2.74794
3.21753
2.65026
2.52458
2.40088
2.47262
2.29176
2.3932
1.90378
1.44085
1.5292
0.981511
1.35569
2.28347
2.92137
2.65901
2.62052
2.17937
2.20513
2.79791
2.68004
2.70138
2.67882
2.58136
2.59596
2.479
2.58925
1.79182
2.03807
1.56974
1.7723
2.39696
2.65501
2.62628
2.64325
2.15855
2.35987
2.76892
2.63481
2.6742
2.59419
2.669
1.8453
2.12316
2.627
2.97741
2.88865
2.53055
2.56604
3.09534
3.05859
2.63783
2.55868
)
;

boundaryField
{
    movingWall
    {
        type            zeroGradient;
    }
    fixedWalls
    {
        type            zeroGradient;
    }
    frontAndBack
    {
        type            empty;
    }
    defaultFaces
    {
        type            empty;
    }
}


// ************************************************************************* //
