/*--------------------------------*- C++ -*----------------------------------*\
  =========                 |
  \\      /  F ield         | OpenFOAM: The Open Source CFD Toolbox
   \\    /   O peration     | Website:  https://openfoam.org
    \\  /    A nd           | Version:  8
     \\/     M anipulation  |
\*---------------------------------------------------------------------------*/
FoamFile
{
    version     2.0;
    format      ascii;
    class       surfaceScalarField;
    location    "0.054";
    object      phi;
}
// * * * * * * * * * * * * * * * * * * * * * * * * * * * * * * * * * * * * * //

dimensions      [0 3 -1 0 0 0 0];

internalField   nonuniform List<scalar> 
662
(
-2.03054e-05
1.61409e-05
4.16475e-06
2.07751e-05
-4.10805e-05
-8.80727e-05
3.59199e-05
6.82937e-05
-1.73802e-05
2.1545e-05
-0.000152155
8.48579e-05
1.04166e-05
-5.14971e-05
9.37493e-05
-7.52096e-05
-2.26065e-05
4.41514e-05
-0.000180995
3.92564e-05
1.72358e-06
-5.32207e-05
2.20246e-06
-0.000121835
-4.69365e-06
0.000124326
-3.42322e-05
3.64347e-05
0.000164415
-9.32717e-05
5.59705e-05
-1.18191e-05
-0.00018397
4.69817e-06
-7.67024e-07
-5.24536e-05
1.15387e-06
-0.000116979
-6.00913e-06
-3.30783e-05
5.76912e-05
-1.72065e-06
0.00019613
-4.3535e-05
-0.00018198
-2.75682e-06
-2.22605e-06
-5.02276e-05
3.65797e-06
-0.000103347
-1.72899e-05
-2.94203e-05
5.74328e-05
2.58394e-07
0.000198824
-4.41372e-06
-1.52437e-06
0.000123309
-0.000123513
1.72867e-06
3.45814e-05
-3.61058e-05
-0.000177548
-6.65775e-06
-4.10658e-05
-9.16179e-06
-2.19037e-05
-1.91621e-05
-1.71616e-05
-4.7421e-06
4.83358e-06
-8.81205e-05
-2.00605e-05
-2.45868e-05
-0.000141475
-0.000756503
0.000897977
6.07042e-05
-3.27141e-06
8.98263e-05
-2.91221e-05
-5.16483e-05
0.000199538
-4.55858e-07
-4.22477e-07
0.00012054
3.19169e-06
3.41589e-05
-0.000153268
-3.3442e-05
-9.62863e-05
-7.6144e-05
-4.39747e-05
-6.94731e-05
2.21489e-05
-2.6891e-05
3.4557e-06
-7.68035e-05
-1.47727e-05
-2.11311e-05
-0.000390649
0.000705371
-0.00107122
-0.000953903
0.00185188
0.000216991
-2.07246e-05
0.00029368
-0.000105811
-0.000148617
-3.58947e-06
0.00010691
1.72198e-05
3.05694e-05
-0.000116401
9.45755e-05
2.72799e-05
-5.41708e-05
-2.77342e-07
-3.90892e-07
-7.61352e-05
-2.14085e-05
0.0013549
-0.00160343
-0.000107476
0.00195936
-4.16405e-06
9.28493e-05
1.82243e-05
2.64053e-05
-0.000197952
0.00010883
-6.5923e-05
1.17521e-05
0.00161598
-0.000368551
0.00199294
-3.35854e-05
-2.85504e-06
8.01097e-05
1.55946e-05
2.35503e-05
-6.8245e-05
2.32203e-06
-0.000228771
4.25716e-05
0.00199103
1.90914e-06
0.00171135
-0.000128962
-5.42498e-06
2.96388e-05
5.58958e-05
1.81254e-05
-6.76711e-05
-5.73845e-07
-0.000232941
6.49145e-06
-1.68801e-08
-0.00011235
0.000108913
3.45332e-06
-3.15581e-05
3.15412e-05
0.00196112
2.99161e-05
0.00173156
-1.82965e-05
-0.00180572
0.00095013
0.000855592
-6.82317e-05
5.60561e-07
0.00191697
4.41432e-05
0.00187818
3.87966e-05
7.24555e-05
0.000156759
0.000793371
9.93786e-05
5.73801e-05
3.11469e-05
-0.000233661
1.46619e-07
-4.12246e-07
-0.000113092
1.15432e-06
-3.19703e-05
0.00171197
4.95016e-05
-0.000172009
-7.87464e-06
4.15485e-05
0.000138335
-0.00136392
0.000783626
0.00143589
-0.000244703
1.16025e-05
0.00167145
8.46635e-05
0.00158407
0.000126181
0.000292604
0.000416261
0.00116074
0.000321883
0.000151758
0.000108327
-8.568e-08
-0.000111995
-1.01126e-06
-3.2056e-05
-0.00017951
-1.51398e-06
9.01523e-06
-5.32948e-05
4.54201e-05
4.77617e-07
-0.000109889
-2.58337e-06
-3.15784e-05
-0.00016438
4.638e-06
-1.97677e-05
-5.48088e-05
1.66069e-06
-9.97089e-05
-1.18411e-05
-2.99177e-05
-0.000142534
7.19393e-06
-2.90402e-05
-5.01708e-05
7.86527e-06
-4.25105e-05
-6.50637e-05
-2.20525e-05
-0.000127574
4.2271e-06
-1.91866e-05
-4.29769e-05
3.91927e-06
-2.01377e-05
-0.000111356
-3.87497e-05
-3.48304e-05
0.000501586
-0.000416728
-0.000139688
0.000207982
0.000361897
0.000132772
-0.000957035
0.000520156
0.000436879
-0.000538322
-0.000418712
-0.000667345
0.000371477
0.000295868
-0.000147188
-0.000749754
0.000211431
-0.00012162
-0.000628134
-0.000367646
0.000246025
0.000210649
-0.000627377
-0.000643666
0.000854316
-0.00106238
4.1583e-05
-0.000669717
-0.0010208
-0.000588121
-0.000100943
-0.000568774
-0.000372339
-0.000473282
-0.000415703
0.000548475
-0.000800511
0.00123739
-5.38052e-05
0.000115756
0.00112163
0.000487233
0.000455203
9.92039e-05
0.000388029
0.000422957
-0.000127089
0.000522161
-0.000471029
0.000343939
-0.000618217
-0.000406786
-0.00016076
3.64347e-05
0.000213532
-0.000801653
-0.000807263
-0.00137604
-0.000796955
-5.81852e-05
-0.00131785
-0.000479291
-0.000537477
-0.000241548
0.000696751
0.000880085
0.00126811
0.000653216
0.000241748
0.00102637
0.000404806
0.000117354
0.000646554
0.00018432
0.000159619
0.000301675
3.61058e-05
0.000121027
-0.000917982
-0.00119682
-0.000920739
2.97213e-05
-0.00122655
-0.000554766
-0.000525045
-0.000169654
0.00082287
0.000856712
0.000818457
0.000441934
0.00020462
0.00129865
0.000303403
0.000508024
1.38719e-05
-0.000934611
-0.00121267
-0.000941268
-0.00127431
6.16333e-05
-0.000831988
-0.00044232
-0.000545106
-0.000483472
0.00078155
3.69068e-05
0.000781094
0.00131137
-1.27195e-05
0.00134827
0.000511216
0.000498496
-0.000330076
-0.000611192
-0.00116206
-0.000947491
-0.000214573
-0.000644634
-0.000391579
-0.000555911
0.000397231
-0.000611804
-0.000699881
0.000257562
-0.00030265
-0.000498245
-0.000240684
0.000919623
-0.000138529
0.000898898
0.0014239
-7.56235e-05
0.00128537
0.000515716
0.000440092
0.000308726
-0.000460023
0.000151297
-0.000303078
-0.000694658
-0.000135431
-0.000324592
0.000352698
-0.000428842
-0.000291936
-0.000847848
6.11069e-05
-0.000908955
-0.000633551
-0.000127631
-0.000301211
-0.000197104
-0.000102529
-0.000392788
9.01376e-05
-0.000241491
-0.000241074
-0.000150937
-0.000160662
-8.08289e-05
-0.000296093
-0.000134275
-0.000161817
0.00144127
-0.00158988
0.00200577
-0.000564502
0.000934542
-0.000668891
0.000856383
4.25156e-05
0.000750572
-0.00083931
-0.000832511
0.000875026
0.00135231
-6.69454e-05
0.000519801
0.000458317
0.000391371
0.000558823
-0.00139813
0.00139304
-0.000834219
0.000495265
-0.00062954
-0.000170672
-0.000462878
0.000100447
-0.000401658
0.000808507
-0.00127139
-0.000504187
-0.000438456
-0.000191084
-0.000395357
-0.000531908
9.3452e-05
2.38979e-05
-0.000555805
-0.000248481
9.75437e-05
-0.000329309
0.000491127
-0.000397675
-2.14085e-05
-0.00224379
0.00167929
-0.000850751
0.0010104
-0.000739847
-0.000110903
0.000641849
0.00124702
-0.000371992
-0.000151114
0.000656614
-0.000136813
0.000284622
0.000406966
0.000270153
0.000516738
-1.83478e-05
-0.000498391
-8.51901e-05
-0.000749029
-0.000825037
-0.000308299
0.000306705
-0.000457819
-0.000442325
-0.000866632
-0.000404754
-0.00105772
-0.00103382
-0.00080011
-0.000757539
-8.53896e-05
-0.000948429
-0.000499344
-5.64612e-05
-0.000584734
-0.00025722
-0.000140455
-0.000313681
-3.15412e-05
-0.000728604
0.000617701
-0.000746951
0.00125955
0.00113059
-0.000290337
-0.000456614
0.000485608
-0.000775945
0.000492136
-0.000207515
3.43172e-05
0.000730506
-0.000244899
0.000232116
0.000299792
9.22772e-05
0.000340017
-0.000107901
3.17176e-05
0.000227143
-0.000192826
-0.000215181
-0.000183464
-0.000379036
0.000134138
-0.000122284
-0.000826144
-0.000879823
-0.000873332
-0.000443472
-0.000141262
-0.00126962
-0.000310228
-0.00045149
0.000184613
-0.000641227
0.0013152
0.0012969
-0.000438906
-0.000337039
-0.00108013
-0.000337488
-0.000674527
0.000166298
-7.40212e-05
-2.65279e-05
-0.000209991
0.000317892
-0.000183755
1.81254e-05
-4.54201e-05
-0.000928897
5.55657e-05
-0.000928751
-0.00123025
-3.93668e-05
-0.00117468
-0.000450336
-0.000489702
0.00128143
1.54776e-05
0.00133093
-0.00101735
-6.2783e-05
-0.00100187
-0.000665511
-0.000728294
0.00117273
0.000263152
0.00233347
-0.00091555
-1.3201e-05
-0.000903947
-0.00102747
-0.000147211
-0.00104067
-0.000490714
-0.000637925
0.00132559
5.34218e-06
0.00141025
-0.00113296
0.000131089
-0.00112762
-0.000748062
-0.000616973
0.00113891
-0.000846307
0.00140206
-0.000899008
-4.93897e-06
-0.000790682
0.00126316
0.000147088
0.00138934
0.000543035
-0.00181136
0.00102068
-0.000673867
0.00207593
-0.0016596
0.00110478
-8.40992e-05
0.000866201
-0.00087114
-0.00124763
0.000206956
-0.000381429
-0.000640508
-0.000433552
0.000630353
-0.000483265
-0.00120481
7.71892e-05
-0.000574456
-0.000646013
-0.000568824
-0.000299439
0.000842474
0.00177649
0.00116794
-6.31583e-05
0.000296797
-0.000838723
0.000355458
3.75103e-06
0.000782938
0.000993553
0.000698838
0.000444119
0.000254719
0.000380961
-0.000646765
0.000265336
-0.000349967
-0.000445393
-0.000180057
-0.00077161
0.000197154
-0.000416152
-0.000588011
-0.000390856
-0.000590531
0.000594282
0.000403022
-0.000491604
0.000141637
-0.000110643
-0.000633298
0.000217146
-3.90166e-05
-0.000310965
0.000200321
-5.62454e-05
0.000346777
-0.000222568
-8.09311e-05
-0.000410994
-0.000193848
-0.000340034
0.000146186
-0.000168047
8.71161e-05
3.22742e-05
-0.000379051
-2.20525e-05
3.48304e-05
)
;

boundaryField
{
    movingWall
    {
        type            calculated;
        value           uniform 0;
    }
    fixedWalls
    {
        type            calculated;
        value           uniform 0;
    }
    frontAndBack
    {
        type            empty;
        value           nonuniform List<scalar> 0();
    }
    defaultFaces
    {
        type            empty;
        value           nonuniform List<scalar> 0();
    }
}


// ************************************************************************* //
