/*--------------------------------*- C++ -*----------------------------------*\
  =========                 |
  \\      /  F ield         | OpenFOAM: The Open Source CFD Toolbox
   \\    /   O peration     | Website:  https://openfoam.org
    \\  /    A nd           | Version:  8
     \\/     M anipulation  |
\*---------------------------------------------------------------------------*/
FoamFile
{
    version     2.0;
    format      ascii;
    class       volScalarField;
    location    "0.067";
    object      p;
}
// * * * * * * * * * * * * * * * * * * * * * * * * * * * * * * * * * * * * * //

dimensions      [0 2 -2 0 0 0 0];

internalField   nonuniform List<scalar> 
656
(
7.51074e-07
-0.235414
1.7286
-0.786698
0.18911
1.73123
-1.15106
-1.55284
2.055
1.70641
1.76606
-0.438536
0.386131
1.74772
2.0345
2.2592
1.63659
1.58731
2.26847
2.39139
1.80211
1.82117
1.7864
1.81791
-0.0678266
0.616183
1.77439
2.01726
2.25044
1.84381
1.86662
2.55672
2.39636
2.38638
2.55444
2.69001
2.15654
2.17263
2.13723
1.78224
1.85334
0.280471
0.818514
1.80944
2.00692
2.24337
2.18687
2.19942
2.86033
2.69083
2.55898
2.38211
2.55204
2.68875
2.86082
3.02751
2.16147
2.17585
2.1874
2.12038
2.1458
1.82908
2.00076
2.23604
2.19768
2.2065
3.02633
2.85842
2.69132
3.34494
2.3775
2.54909
2.68637
2.85971
3.02738
2.18272
2.19278
2.1946
2.19412
1.98959
2.22566
2.19341
2.19287
3.61245
3.34064
3.02254
2.85604
3.34547
3.56247
4.81661
2.3692
2.54658
2.68238
2.85997
3.02872
2.09325
2.08871
2.09005
2.09222
2.0941
2.09546
5.39497
5.07756
3.65359
3.32843
3.01719
3.35162
3.52784
4.58588
5.00428
2.11807
2.10183
2.09351
2.08717
2.08105
2.07561
3.46393
5.83363
5.30379
3.68494
3.31176
3.39808
2.13836
2.12602
2.11486
2.1056
2.09741
2.09023
3.53792
3.54919
6.25265
5.51766
3.70234
3.53239
2.22634
2.21169
2.19912
2.18877
2.17968
2.17176
3.18936
3.54078
3.65146
6.69745
5.77319
3.19318
2.32625
2.31372
2.30166
2.29136
2.28247
2.27498
3.12263
3.18754
3.53832
3.76316
7.19328
3.13345
3.07484
2.40772
2.40835
2.40213
2.39082
2.37924
2.36948
3.06624
3.11261
3.18554
3.52848
3.85138
3.0701
2.47135
2.50103
2.49436
2.47748
3.06514
3.05743
3.10333
3.1814
3.51423
3.07078
3.18821
2.31766
2.30558
3.08444
3.06813
3.05919
3.04998
3.0934
3.17533
3.15788
3.19267
3.21529
3.0929
3.08364
3.06482
3.05429
3.04296
3.0839
3.13687
3.15953
3.19723
3.2165
3.33982
3.09803
3.09264
3.08252
3.06246
3.04998
3.03661
3.1237
3.13688
3.16017
3.20034
3.22874
3.38689
3.10056
3.09839
3.09282
3.08204
3.06057
3.04623
3.11589
3.12322
3.13648
3.16002
3.2022
3.2396
3.09867
3.10081
3.09881
3.0931
3.08183
3.05899
3.11152
3.11514
3.12247
3.13574
3.15961
3.20308
3.10101
3.09839
3.10098
3.09925
3.09351
3.08169
3.11423
3.11114
3.11437
3.1217
3.13493
3.15922
3.10349
3.10073
3.09828
3.10108
3.09969
3.09389
3.10749
3.11039
3.11454
3.11084
3.1137
3.12093
3.13427
3.10334
3.10044
3.09825
3.10115
3.10011
3.10757
3.11076
3.11468
3.11068
3.11309
3.12031
3.1032
3.10018
3.09823
3.10121
3.10766
3.11109
3.11474
3.11058
3.11252
3.10307
3.09994
3.09822
3.10774
3.1114
3.11476
3.1105
3.10295
3.09973
3.1078
3.11168
3.11479
3.10284
3.10786
3.11194
0.611873
0.921024
2.12091
2.05032
1.83002
1.80103
1.83258
1.36904
1.47457
1.26355
1.80882
1.85002
2.14479
2.14369
2.16542
2.16157
2.10573
2.08037
2.01318
1.95877
1.7448
1.56626
1.91247
1.84332
1.99339
1.9909
1.88166
2.10613
2.10792
2.141
2.15625
2.16325
2.12635
2.08121
2.09203
2.00125
1.94345
2.13243
2.22599
2.11442
2.36213
2.27295
2.13649
2.07568
4.46957
4.70425
3.32632
2.5499
2.45666
3.17349
3.02229
2.68282
2.64617
2.96515
2.86551
2.80926
2.14184
2.11387
2.12916
2.172
2.22537
2.21786
2.20872
2.20969
2.26271
2.16366
2.45113
2.39418
2.282
2.29789
3.96841
3.5352
3.45028
3.98475
3.79615
3.42527
3.28034
3.30995
3.16906
2.62051
2.52745
3.08315
2.97609
2.88836
2.81517
2.74296
2.14563
2.1642
2.19145
2.24987
2.27617
2.344
2.36882
2.56628
2.41774
2.36462
2.65329
2.4841
2.42297
3.6696
3.53954
3.48914
3.52738
3.44773
3.36964
3.22761
3.17438
3.05137
2.96043
2.87876
2.7393
2.70055
2.23578
2.2517
2.2759
2.36658
2.38526
2.43634
2.47436
2.58766
2.53958
2.80858
2.73292
2.59625
2.54057
3.18402
3.31864
3.32911
3.35972
3.2792
3.20679
3.11485
3.03137
2.89169
2.97757
2.91228
2.33687
2.55178
2.37805
2.39068
2.43923
2.45236
2.51738
2.85223
2.69175
2.73483
2.88257
2.59702
2.70578
2.67987
2.88289
3.12802
3.15298
3.00083
2.96645
3.08546
3.03095
3.19325
3.24013
3.21769
3.00976
2.98404
3.17393
3.02778
3.04245
2.42679
2.61964
2.53565
2.59435
2.47585
2.47895
2.51117
2.74685
2.815
2.86858
2.92058
2.67823
2.75337
2.70905
2.91802
2.97932
3.03651
3.03242
3.09734
3.14432
3.12456
3.06824
3.06561
3.07229
3.05995
3.08176
3.12735
3.05153
3.07591
3.03792
3.07595
3.07691
3.09099
3.0734
3.06653
3.07114
2.55995
2.45324
2.5248
2.63817
2.65751
2.53154
2.54421
2.63088
2.94428
2.79784
2.8386
2.67715
2.79818
2.98255
2.96402
3.04148
3.07031
3.09721
3.14036
3.14493
3.20284
3.22702
3.22745
3.19774
3.1694
3.18965
3.14313
3.20318
3.18232
3.18553
3.14434
3.11848
3.10758
3.05705
3.09835
3.10036
3.12571
3.09694
3.07062
3.06113
3.06647
3.06334
3.06715
3.09311
3.23876
2.44965
2.33462
2.41676
2.5639
2.59299
2.67019
2.84042
2.82919
2.86794
3.11051
3.00034
3.00883
3.27076
3.16373
3.14119
3.3052
3.27932
3.3681
3.16554
3.13418
3.1656
3.15389
3.15734
3.08085
3.08245
3.13234
3.10817
3.11377
3.08885
3.06201
3.09258
3.09858
3.0873
3.09074
3.10223
3.37939
3.18472
3.06706
3.0238
3.02726
2.98073
2.7774
3.02488
3.3212
3.09142
3.09108
3.14631
3.13234
3.13894
3.12841
3.13776
3.09343
3.09131
3.12692
3.11503
3.10227
3.09167
3.10296
3.08921
3.54234
3.09771
3.09763
3.09742
3.09847
3.0995
3.10037
3.12715
3.11435
3.12567
3.1235
3.12477
3.09821
3.10538
3.10043
3.11334
3.11554
3.09936
3.10182
3.10021
3.10048
3.09943
3.10025
3.11775
3.11476
3.11618
3.1166
3.11621
3.10234
3.10476
3.10814
3.10971
3.11284
3.11172
3.10185
3.10301
3.10118
3.10177
3.11237
3.11225
3.11039
3.10533
3.10964
3.10718
3.11342
3.11209
3.10364
3.10515
3.10734
3.1099
3.10954
)
;

boundaryField
{
    movingWall
    {
        type            zeroGradient;
    }
    fixedWalls
    {
        type            zeroGradient;
    }
    frontAndBack
    {
        type            empty;
    }
    defaultFaces
    {
        type            empty;
    }
}


// ************************************************************************* //
