/*--------------------------------*- C++ -*----------------------------------*\
  =========                 |
  \\      /  F ield         | OpenFOAM: The Open Source CFD Toolbox
   \\    /   O peration     | Website:  https://openfoam.org
    \\  /    A nd           | Version:  8
     \\/     M anipulation  |
\*---------------------------------------------------------------------------*/
FoamFile
{
    version     2.0;
    format      ascii;
    class       volVectorField;
    location    "0.068";
    object      U;
}
// * * * * * * * * * * * * * * * * * * * * * * * * * * * * * * * * * * * * * //

dimensions      [0 1 -1 0 0 0 0];

internalField   nonuniform List<vector> 
656
(
(0.743372 0.0565316 -9.65459e-25)
(0.927889 0.0140691 1.86666e-24)
(0.954788 -0.00127374 0)
(-0.0910749 0.118994 2.40002e-23)
(0.556742 0.0977245 1.12098e-23)
(0.841242 0.000939749 0)
(-0.0571798 0.0672277 -4.93901e-23)
(-0.0145962 0.018846 9.85107e-24)
(0.968227 -0.000150835 0)
(-0.0005046 0.138601 -2.37829e-24)
(-0.00304954 0.193132 -7.83496e-23)
(-0.117738 0.172053 0)
(0.376006 0.139834 1.00526e-23)
(0.715019 0.00930684 0)
(0.890989 0.00127446 -1.70666e-22)
(0.906566 0.000583042 4.77895e-23)
(0.00104045 0.0823434 9.70495e-24)
(0.00137428 0.0267218 0)
(0.971852 -7.63446e-05 -3.43354e-23)
(0.913659 0.000298458 -1.43718e-22)
(-0.0123884 0.0928739 7.71106e-23)
(-0.00523407 0.0628725 0)
(-0.0239222 0.125115 1.33362e-24)
(-0.00789607 0.242544 1.53982e-22)
(-0.136115 0.223437 -1.67657e-22)
(0.210343 0.18042 -2.26587e-23)
(0.577674 0.0245874 0)
(0.8007 0.00637681 2.66448e-22)
(0.829492 0.00303197 -8.91618e-23)
(-0.00144234 0.0356648 0)
(-0.000151562 0.0114449 0)
(0.916982 0.000158259 5.13464e-23)
(0.973372 -4.69633e-05 -3.66604e-23)
(0.842955 0.00161706 1.95815e-22)
(0.849417 0.000810118 -5.18087e-23)
(0.854021 6.32839e-05 -1.08889e-22)
(-0.00677975 0.0608912 -1.05382e-22)
(-0.00280708 0.0409247 1.70711e-23)
(-0.0137926 0.0825106 -1.88325e-22)
(-0.0408483 0.158565 -1.577e-22)
(-0.0167099 0.282821 1.66501e-22)
(-0.143742 0.269547 -4.777e-24)
(0.0686493 0.217917 4.55153e-22)
(0.433183 0.0474136 0)
(0.696558 0.016232 0)
(0.739379 0.00802587 -3.69818e-22)
(-0.000821632 0.0230282 -5.40254e-24)
(-0.00012882 0.00732309 0)
(0.854932 -0.000883144 1.20145e-22)
(0.919447 2.83962e-05 -2.78105e-23)
(0.974006 -2.02241e-05 4.92917e-24)
(0.759763 0.00435442 0)
(0.769753 0.00218461 0)
(0.776827 0.000151483 -1.06666e-22)
(0.778371 -0.00237207 4.59709e-22)
(0.763612 -0.00604266 0)
(-0.0103746 0.0366049 2.00132e-22)
(-0.0050215 0.0257403 2.95147e-22)
(-0.00202822 0.0165176 -2.87515e-22)
(-0.0250269 0.104804 -1.85263e-22)
(-0.0193444 0.0489376 5.84789e-22)
(0.286811 0.0796717 -1.32799e-22)
(0.578469 0.0319861 1.75136e-22)
(0.635196 0.0165789 -5.20765e-22)
(-0.000553546 0.00884769 4.53705e-23)
(-6.70927e-05 0.00256188 6.09053e-23)
(0.844851 -0.00224221 -2.54662e-22)
(0.919994 -0.000146367 8.54506e-23)
(0.974685 1.28952e-05 5.47832e-24)
(0.726758 -0.0151972 -1.16785e-23)
(0.662683 0.00911745 0)
(0.676441 0.00466278 1.93316e-22)
(0.686365 0.000385301 2.04132e-22)
(0.688948 -0.00481314 -8.82336e-22)
(0.669691 -0.012542 2.2728e-22)
(-0.00839895 0.0139353 8.88427e-22)
(-0.00405372 0.00913848 -6.83428e-24)
(-0.00182775 0.00550541 0)
(-0.000643628 0.00295322 1.05771e-22)
(0.447785 0.0558268 0)
(0.516946 0.0303659 6.66109e-22)
(-8.94516e-05 0.00127342 -1.00136e-22)
(5.53254e-05 0.000241416 -3.0863e-23)
(0.60478 -0.0240899 4.71816e-22)
(0.820253 -0.00592554 1.49695e-22)
(0.914479 -0.000374863 0)
(0.975029 4.1997e-05 -5.28359e-23)
(0.619959 -0.0302294 -2.88774e-22)
(0.4682 -0.0472368 7.26195e-22)
(0.251476 -0.190756 -8.79084e-22)
(0.550813 0.0170771 0)
(0.56813 0.00874551 4.66273e-23)
(0.581213 0.00099049 -1.45194e-22)
(0.585511 -0.00871538 5.11889e-22)
(0.562553 -0.0231789 -8.69618e-22)
(-0.0147916 0.00626434 3.73778e-22)
(-0.00924756 0.0030668 -3.98856e-22)
(-0.00537255 0.00139796 -1.97736e-22)
(-0.00279667 0.000480338 3.91351e-22)
(-0.00116595 4.38481e-05 4.71303e-23)
(-0.000203219 -6.2061e-05 -2.84977e-23)
(-0.136729 -0.250239 5.90066e-23)
(0.411942 -0.147966 -6.13838e-23)
(0.732775 -0.00901615 -7.95849e-22)
(0.901182 -0.0011244 0)
(0.973745 0.000109589 0)
(0.499703 -0.0539456 5.52149e-22)
(0.325501 -0.0810116 -2.77332e-22)
(0.106278 -0.230034 1.02582e-22)
(-0.141411 -0.298194 1.38428e-21)
(-0.0465812 0.011255 0)
(-0.0340217 0.00583956 1.86865e-22)
(-0.0235921 0.00285796 -6.59982e-22)
(-0.0149883 0.00114534 1.84043e-22)
(-0.00792739 0.000287627 -4.38531e-23)
(-0.00212811 2.1799e-05 -2.7227e-23)
(-0.00754528 -0.289021 0)
(-0.120665 -0.194924 0)
(0.582913 -0.103402 4.88167e-22)
(0.850385 -0.000878643 -3.99585e-23)
(0.970605 0.000203294 -1.03041e-22)
(-0.0155598 -0.332908 -1.64648e-21)
(-0.0760014 0.01001 0)
(-0.0568625 0.00552729 1.93153e-22)
(-0.0403705 0.00276349 -1.41178e-24)
(-0.0262674 0.00117176 9.54901e-23)
(-0.0142714 0.000360382 -4.48741e-23)
(-0.00411647 7.18087e-05 0)
(-0.0276231 -0.16426 -5.51166e-22)
(-0.00296336 -0.233222 0)
(-0.0949971 -0.136205 5.08315e-22)
(0.757889 -0.0597746 0)
(0.956554 0.00135216 7.64122e-23)
(-0.0466801 -0.205076 0)
(-0.0980821 0.00828869 0)
(-0.074165 0.00460844 1.2008e-22)
(-0.0531743 0.00234354 -3.48158e-22)
(-0.0349413 0.00102801 1.12648e-22)
(-0.0192395 0.000345396 5.03491e-23)
(-0.00578427 8.89887e-05 -1.68742e-23)
(-0.0156551 -0.119009 2.82624e-22)
(-0.0145378 -0.123341 0)
(-0.00024844 -0.169213 -4.45517e-22)
(-0.0605237 -0.0776119 4.30417e-22)
(0.931395 -0.0147218 0)
(-0.0284337 -0.14857 0)
(-0.106999 0.00724051 1.53158e-22)
(-0.0809969 0.00408685 -1.47865e-22)
(-0.058162 0.00207758 1.43076e-22)
(-0.0382896 0.000905846 -2.73893e-22)
(-0.0211543 0.00030461 3.76662e-22)
(-0.00650401 7.86169e-05 -5.02196e-23)
(-0.0133562 -0.0678434 2.43769e-22)
(-0.00771829 -0.0890852 -5.22017e-22)
(-0.00596372 -0.0840595 1.52073e-22)
(0.00181246 -0.100769 -4.61979e-22)
(-0.014189 -0.0214026 1.30993e-23)
(-0.0241127 -0.086831 0)
(-0.0154582 -0.0452009 -5.49849e-23)
(-0.107955 0.00780674 -1.88586e-22)
(-0.0816182 0.00492772 7.60137e-22)
(-0.0586898 0.00264383 -7.25781e-22)
(-0.0387727 0.0011397 0)
(-0.0215121 0.000351489 0)
(-0.00671185 7.27321e-05 -5.50912e-24)
(-0.00849257 -0.0350706 1.17254e-22)
(-0.0066673 -0.0497811 3.44402e-24)
(-0.00302978 -0.0605348 3.97955e-22)
(-0.0012581 -0.047563 -1.49542e-22)
(0.00233742 -0.0310261 0)
(-0.00873541 -0.0196231 8.91159e-22)
(-0.0632701 0.0040901 8.2912e-22)
(-0.0414376 0.00257003 -8.57326e-22)
(-0.0227735 0.000908129 0)
(-0.00700764 0.000157882 -7.76647e-24)
(-0.00480491 -0.0146236 -2.36315e-22)
(-0.00418713 -0.0254769 -9.16757e-23)
(-0.00273003 -0.0332851 1.89005e-22)
(-0.000643038 -0.0342463 -1.29326e-22)
(0.000182369 -0.014364 4.94292e-23)
(-0.00447226 -0.00526335 0)
(-0.00270453 0.00319858 -1.02405e-21)
(-0.0505204 0.0011793 0)
(-0.0176822 0.000393675 -2.71417e-23)
(-0.00152122 0.000802014 0)
(-0.00238032 -0.00358761 -2.4056e-22)
(-0.00234433 -0.01023 -4.59278e-22)
(-0.00172099 -0.0168577 -6.24878e-23)
(-0.000724332 -0.018623 1.27155e-22)
(7.65131e-05 -0.010652 -4.96195e-23)
(-0.00107929 -0.000901513 2.08808e-21)
(-0.00130548 0.00154644 2.17903e-21)
(-0.00310665 0.00369126 7.02058e-23)
(-0.000132238 0.00198642 -4.8142e-22)
(-0.000748755 0.00104632 -9.81876e-25)
(-0.00111783 -0.00225116 1.24587e-22)
(-0.000958027 -0.0065343 3.71988e-22)
(-0.000483905 -0.0093486 7.62153e-24)
(-6.56813e-05 -0.00583794 -2.2791e-23)
(-0.000147024 -0.00257321 -1.88273e-24)
(-0.000452845 -0.00141077 -1.74691e-21)
(-0.000547326 0.00067795 -5.26911e-22)
(-0.00136086 0.00157734 0)
(-0.00319291 0.00913971 1.51717e-21)
(0.000388672 0.00150776 -2.58747e-22)
(-4.02663e-06 0.0017625 2.56504e-22)
(-0.000314319 0.00105725 1.28437e-22)
(-0.000439991 -0.00126608 0)
(-0.000272029 -0.00350474 -1.2192e-22)
(-6.47611e-05 -0.00293311 1.71269e-23)
(0.000229793 -0.00282112 8.27427e-22)
(1.31479e-05 -0.00241643 3.33748e-22)
(-0.00016198 -0.00146159 1.96691e-22)
(-0.000173777 0.00019274 5.36022e-23)
(-0.000334795 0.000545123 -6.14591e-23)
(-0.000459675 0.00211897 1.09237e-21)
(0.000309819 0.00053402 1.08136e-21)
(0.000248067 0.00126751 -4.04759e-22)
(2.97778e-05 0.00143082 -2.63975e-22)
(-0.000107118 0.000882662 -1.28486e-22)
(-0.000115784 -0.000584225 0)
(-3.96621e-05 -0.00106183 -1.12743e-23)
(0.000527508 -0.0020562 0)
(0.000184977 -0.00240204 -2.86301e-22)
(4.72372e-05 -0.00200729 -9.86492e-22)
(-3.763e-05 -0.00121399 3.21485e-22)
(-2.21549e-05 -2.86572e-05 -3.58203e-22)
(-1.24864e-05 1.17753e-05 9.65574e-24)
(0.000531321 0.000191768 -4.69795e-22)
(0.000171291 0.000398399 7.16201e-22)
(0.000139342 0.000979324 -6.92979e-22)
(2.76133e-05 0.00103474 1.32346e-22)
(-1.72597e-05 0.000583235 0)
(-1.09959e-05 -0.000142015 1.11475e-23)
(0.000388492 -0.000697947 0)
(0.000316504 -0.00169426 5.50362e-22)
(0.000114992 -0.00187344 7.16434e-22)
(3.7827e-05 -0.00146475 9.39669e-22)
(8.24907e-06 -0.000790887 -3.33795e-22)
(9.77991e-06 -5.51164e-05 -2.20471e-23)
(0.0012036 0.000276891 -5.60811e-22)
(0.000377912 0.000104278 0)
(8.36005e-05 0.000272968 5.14326e-22)
(6.47924e-05 0.000677749 0)
(1.68242e-05 0.000613769 0)
(6.22339e-06 0.000211289 0)
(0.000717861 -0.000234534 6.27182e-22)
(0.000209664 -0.000523932 -5.69268e-22)
(0.000168708 -0.00128623 -5.60024e-22)
(5.82499e-05 -0.00130725 -4.18074e-22)
(2.38454e-05 -0.00087149 -4.34754e-22)
(1.31844e-05 -0.000279218 1.3122e-23)
(0.0016834 0.000145463 0)
(0.000959817 0.000158949 1.40554e-22)
(0.000249458 5.14784e-05 0)
(3.22993e-05 0.000167087 1.98751e-27)
(2.19445e-05 0.000384713 0)
(8.66551e-06 0.000196428 -8.98032e-23)
(0.0018315 -2.66048e-05 0)
(0.00156209 -0.000257846 -5.66055e-22)
(0.000521593 -0.00013175 -1.57988e-22)
(9.93226e-05 -0.000359723 2.91848e-22)
(7.55996e-05 -0.000876466 -4.14962e-22)
(2.45246e-05 -0.000749346 -1.31463e-22)
(1.22878e-05 -0.000280427 9.15677e-23)
(0.00135143 8.22499e-05 -1.88763e-23)
(0.000714474 8.23569e-05 -2.10201e-22)
(0.0001491 2.00075e-05 0)
(6.31063e-06 8.29223e-05 -1.0821e-22)
(5.51167e-06 0.000112494 9.05923e-23)
(0.00146857 -1.7983e-05 2.09891e-24)
(0.00124563 -0.000151647 6.35703e-22)
(0.000352149 -6.59531e-05 -4.72213e-27)
(3.77391e-05 -0.000220929 1.3484e-25)
(2.45947e-05 -0.00048999 -2.65274e-22)
(9.49247e-06 -0.000226631 8.36331e-23)
(0.00101628 4.25036e-05 1.48569e-22)
(0.000482487 3.63276e-05 1.02542e-22)
(7.33342e-05 3.8538e-06 -1.26142e-22)
(-1.21883e-06 1.91208e-05 2.30052e-23)
(0.0011043 -1.06936e-05 2.09439e-24)
(0.00093007 -8.11584e-05 -1.40606e-22)
(0.000215621 -2.61055e-05 4.54166e-22)
(7.21881e-06 -0.000110262 -2.12768e-22)
(6.00662e-06 -0.00013894 3.40169e-26)
(0.000695116 1.89508e-05 0)
(0.000271011 1.19672e-05 1.13807e-22)
(1.73492e-05 -1.10091e-06 7.96666e-23)
(0.000755836 -5.77396e-06 0)
(0.000630737 -3.70459e-05 -2.05699e-22)
(0.000108818 -5.337e-06 3.95907e-22)
(-1.46126e-06 -2.55565e-05 4.39586e-23)
(0.000397764 6.49862e-06 -9.70971e-25)
(8.257e-05 2.82587e-06 -1.43009e-22)
(0.000433034 -2.79158e-06 9.69708e-25)
(0.0003561 -1.29489e-05 -1.14032e-22)
(2.67105e-05 1.18494e-06 1.12933e-22)
(0.000128793 1.65302e-06 4.33796e-23)
(0.000140493 -1.23175e-06 0)
(0.000109369 -3.58474e-06 -1.09966e-23)
(-0.142805 0.304015 2.22384e-21)
(-0.0269623 0.258916 5.09921e-22)
(-0.0419224 0.128297 0)
(-0.0753955 0.189539 2.78624e-21)
(-0.0629117 0.19421 -2.94436e-21)
(-0.0730219 0.268243 0)
(-0.0373495 0.311079 0)
(-0.0980449 0.353176 -1.02569e-21)
(-0.08493 0.314173 0)
(-0.0388405 0.266567 -1.88531e-21)
(0.152159 0.1267 4.23771e-21)
(-0.0955073 0.278837 0)
(-0.0338101 0.0636963 -3.65699e-22)
(-0.0560703 0.10525 0)
(-0.0162074 0.0192661 -3.81811e-21)
(-0.0385989 0.0469835 3.90724e-21)
(-0.0831656 0.121715 -2.27028e-21)
(-0.114795 0.159414 0)
(-0.0954012 0.203483 0)
(-0.119101 0.240238 6.18363e-22)
(-0.10878 0.295515 0)
(-0.0974966 0.289535 1.95869e-21)
(-0.0152753 0.194478 2.36968e-21)
(0.0946766 0.1555 -5.71833e-21)
(0.302806 0.0912246 1.12339e-21)
(-0.149953 0.235266 -5.90025e-22)
(-0.140544 0.252466 0)
(-0.0215703 0.0120703 -3.15876e-21)
(-0.049188 0.0286523 8.65331e-22)
(-0.0607816 0.0521564 7.20351e-22)
(-0.0913818 0.0818727 2.30838e-21)
(-0.121538 0.0806717 -4.44502e-21)
(-0.167504 0.115465 -3.93329e-21)
(-0.159414 0.156944 -3.00646e-21)
(-0.184491 0.18549 5.63127e-21)
(-0.130936 0.208741 -1.64175e-21)
(-0.0600051 0.184078 -1.71405e-21)
(0.0433038 0.128473 0)
(0.387481 0.0504122 -5.74682e-21)
(0.190363 0.106433 0)
(0.42391 0.0298084 0)
(0.243687 0.0593172 4.83682e-21)
(-0.206809 0.172872 0)
(-0.17885 0.179862 0)
(-0.0108528 -0.277361 6.03711e-21)
(-0.146118 -0.330365 0)
(0.386521 -0.0835069 0)
(0.436577 0.014828 -1.97023e-22)
(0.273573 0.0341661 0)
(0.269488 -0.0944341 0)
(0.456498 -0.0376413 1.18321e-21)
(0.458395 0.00178815 3.69633e-21)
(0.296544 0.00854664 0)
(0.319981 -0.044245 0)
(0.473819 -0.0152633 0)
(0.325054 -0.0149214 -3.75315e-21)
(-0.0639567 0.0225514 1.14953e-21)
(-0.0974189 0.036022 -1.44532e-21)
(-0.120521 0.0485915 4.75471e-21)
(-0.173505 0.0548032 0)
(-0.2023 0.0851095 0)
(-0.231686 0.0954647 -3.10482e-21)
(-0.249593 0.120074 -2.36309e-21)
(-0.152323 0.139191 0)
(0.0674671 0.080409 3.34717e-21)
(-0.0352939 0.118024 0)
(0.151923 0.0435545 0)
(0.00477924 0.0681932 -3.61973e-21)
(-0.267028 0.106374 7.84731e-21)
(-0.228675 0.113295 -2.31887e-21)
(-0.0112223 -0.264228 -3.40717e-21)
(0.172338 -0.137725 7.67054e-21)
(0.147193 -0.156976 -6.00215e-21)
(-0.114834 -0.386996 1.70474e-21)
(-0.0771563 -0.329025 -3.7105e-21)
(-0.0361796 -0.360372 2.43752e-22)
(0.0477031 -0.183742 -6.36435e-21)
(0.0511046 -0.153921 2.08616e-21)
(0.149694 -0.110143 3.22717e-21)
(0.133964 0.0100478 0)
(0.025857 0.0381119 0)
(0.0864717 -0.0943257 -3.5566e-21)
(0.189447 -0.0572645 0)
(0.10105 -0.0462991 -3.3162e-21)
(0.200493 -0.0211041 3.02414e-21)
(0.0614929 -0.00978354 4.60936e-21)
(-0.0973 0.0161593 1.65293e-21)
(-0.141105 0.0248605 0)
(-0.168207 0.0343239 0)
(-0.213574 0.0401018 3.28345e-21)
(-0.245109 0.0588284 0)
(-0.274282 0.0598777 8.2625e-21)
(-0.294481 0.0759594 -7.06132e-21)
(-0.108281 0.0542502 0)
(-0.13204 0.0690004 -5.6766e-21)
(-0.222723 0.0873858 1.1563e-20)
(-0.195139 0.0400358 0)
(-0.292496 0.0752707 -7.47362e-21)
(-0.306158 0.069118 -3.98627e-21)
(-0.0857154 -0.31503 0)
(-0.0705631 -0.248556 7.72746e-21)
(-0.0719314 -0.24373 0)
(-0.063941 -0.323028 -5.27585e-22)
(-0.0899719 -0.326009 4.14361e-22)
(-0.102188 -0.242397 -7.93625e-21)
(-0.0603713 -0.188491 -7.29076e-21)
(-0.0903946 -0.162625 9.69499e-21)
(-0.0372158 -0.116147 2.9897e-21)
(-0.103682 -0.0834575 -3.91718e-21)
(-0.050076 -0.0527856 0)
(-0.0772597 -0.0178838 -3.18621e-21)
(-0.172152 0.0108788 0)
(-0.123467 0.0131823 0)
(-0.167772 0.0198089 -1.28103e-21)
(-0.198085 0.0256462 -5.01986e-21)
(-0.232505 0.0320108 4.30496e-21)
(-0.261228 0.0426875 -1.53213e-21)
(-0.279684 0.0448493 -1.96663e-21)
(-0.307489 0.0567726 6.22753e-21)
(-0.277592 0.046854 -6.9465e-21)
(-0.301042 0.0619228 8.46954e-21)
(-0.264025 0.0155077 0)
(-0.298739 0.0397325 -1.19024e-21)
(-0.321143 0.0618537 0)
(-0.314334 0.056541 0)
(-0.0467891 -0.174266 -1.23694e-20)
(-0.0894395 -0.248965 4.26681e-21)
(-0.109888 -0.258958 5.155e-21)
(-0.121767 -0.288612 -7.10462e-22)
(-0.137747 -0.259277 6.55442e-22)
(-0.172251 -0.209997 -7.46635e-21)
(-0.174992 -0.170562 0)
(-0.19564 -0.112944 -9.32948e-21)
(-0.281252 0.0178742 -4.39171e-21)
(-0.23753 -0.0819532 6.78741e-21)
(-0.273983 -0.0184157 2.80129e-21)
(-0.135487 0.0115857 4.5176e-21)
(-0.294637 0.0530266 2.69736e-21)
(-0.173472 0.0179191 -3.22753e-21)
(-0.198921 0.0232757 -2.79439e-21)
(-0.226274 0.0312789 -6.05206e-21)
(-0.261482 0.0397258 1.35424e-21)
(-0.270869 0.0439272 -3.43187e-21)
(-0.294247 0.0459953 -2.69922e-21)
(-0.318207 0.0607409 6.72784e-22)
(-0.313201 0.0515238 1.23266e-21)
(-0.274801 0.0591331 4.81694e-21)
(-0.291117 0.0568205 1.99654e-21)
(-0.30192 0.0644942 -1.27922e-21)
(-0.294083 0.061121 -1.91858e-21)
(-0.242372 0.0645629 -6.67712e-21)
(-0.0389536 -0.105058 0)
(-0.0625 -0.165954 8.27745e-21)
(-0.183034 0.0660981 0)
(-0.221412 0.0555386 4.37741e-21)
(-0.120745 0.0615145 8.47725e-21)
(-0.14654 0.0581472 -5.59774e-21)
(-0.0860422 -0.181408 0)
(-0.125152 -0.221271 -4.90038e-21)
(-0.162285 -0.198621 1.5002e-20)
(-0.219391 0.0285958 -5.8372e-21)
(-0.245492 0.00873193 4.6204e-21)
(-0.179566 -0.157275 -1.06991e-20)
(-0.230482 -0.0769286 1.13788e-22)
(-0.222363 -0.0475182 -9.42587e-21)
(-0.135727 0.0117678 0)
(-0.266211 0.0527795 0)
(-0.245142 0.0395831 2.59674e-22)
(-0.250723 0.0463278 -3.5442e-22)
(-0.169191 0.0200938 -5.02258e-21)
(-0.197257 0.0263248 5.34151e-21)
(-0.215675 0.0314318 4.63409e-21)
(-0.2848 0.0701405 1.83083e-21)
(-0.276834 0.0697203 -4.16909e-22)
(-0.247348 0.077401 3.63318e-21)
(-0.228192 0.0764509 1.32583e-21)
(-0.259191 0.0572659 -5.47578e-21)
(-0.264796 0.0718734 1.99919e-23)
(-0.271562 0.0638443 4.67551e-21)
(-0.201376 0.082085 2.29948e-21)
(-0.176467 0.0803996 -7.50233e-21)
(-0.119827 0.0731698 2.88288e-21)
(-0.14503 0.0805955 2.3815e-21)
(-0.0956837 0.0708916 -3.36801e-21)
(-0.0575477 0.0524244 0)
(-0.0759184 0.0589579 2.7983e-21)
(-0.091844 0.0547314 -2.40033e-22)
(-0.0834013 0.0470197 0)
(-0.0249269 -0.0547029 -4.19629e-21)
(-0.0490684 -0.0949868 4.10559e-21)
(-0.0594969 -0.102559 2.88712e-21)
(-0.0951129 -0.138259 0)
(-0.107675 0.0317394 1.0204e-20)
(-0.141105 0.0342131 0)
(-0.168862 0.0188774 5.66236e-21)
(-0.121292 -0.116467 1.30634e-22)
(-0.15261 -0.0268193 1.53358e-21)
(-0.151421 -0.124297 -4.21941e-21)
(-0.179954 -0.0561238 8.46575e-21)
(-0.013948 -0.0251571 -4.96206e-22)
(-0.0255652 -0.0430693 0)
(-0.125989 0.0107782 0)
(-0.0850482 0.00383832 -5.14564e-22)
(-0.102844 0.00502565 5.1871e-22)
(-0.223775 0.0441624 -3.00823e-21)
(-0.234449 0.0542446 2.64532e-21)
(-0.150057 0.0165988 0)
(-0.184883 0.0256257 -2.45622e-21)
(-0.201115 0.0351438 2.95878e-21)
(-0.199169 0.0864038 1.24116e-21)
(-0.239243 0.0767136 -2.01771e-21)
(-0.232725 0.0817118 -2.56044e-21)
(-0.218697 0.0602009 -3.40904e-21)
(-0.219036 0.0716214 6.76005e-22)
(-0.176308 0.0842751 0)
(-0.148055 0.0843601 0)
(-0.134555 0.0827854 0)
(-0.107054 0.0793559 -2.97555e-21)
(-0.0874653 0.0727626 -1.67579e-21)
(-0.0674204 0.066137 3.98953e-21)
(-0.0505104 0.0542231 0)
(-0.00780544 0.0145243 0)
(-0.0049985 0.00960832 -6.67866e-22)
(-0.0142601 0.0259731 3.5974e-21)
(-0.0228536 0.0350392 -3.15354e-21)
(-0.0363338 0.0471288 0)
(-0.0258591 0.0328949 -5.85676e-21)
(-0.039361 0.040298 3.75384e-23)
(-0.010748 0.0154284 0)
(-0.0146918 0.0201698 -4.5998e-21)
(-0.00492999 0.0058693 0)
(-0.0416546 0.0354591 1.35454e-23)
(-0.0597262 0.0401069 2.0569e-23)
(-0.0589048 0.0304239 3.55588e-21)
(-0.0924494 0.025942 -4.32544e-21)
(-0.0363691 -0.0479273 8.81292e-21)
(-0.0604415 -0.0669574 -1.85482e-20)
(-0.0881829 -0.0671913 3.95111e-21)
(-0.0877439 0.00901178 -2.28003e-21)
(-0.0965721 -0.0379519 8.37686e-21)
(-0.117145 -0.0226034 -5.88531e-21)
(-0.00689656 -0.0070841 0)
(-0.0130756 -0.0154545 0)
(-0.0161896 -0.0167586 -3.64655e-21)
(-0.0323095 -0.0283176 -5.33373e-21)
(-0.00421317 0.00680373 5.65144e-22)
(-0.117786 0.0104088 1.25362e-21)
(-0.0697696 0.000823105 0)
(-0.0874868 0.00282212 -1.09682e-21)
(-0.146675 0.0292878 1.49052e-21)
(-0.173527 0.0375231 -4.45792e-21)
(-0.189298 0.0550315 -8.10531e-23)
(-0.162285 0.06783 4.04895e-21)
(-0.181531 0.0761016 -4.75266e-21)
(-0.169029 0.081481 3.23334e-21)
(-0.099052 0.0791192 -3.93068e-21)
(-0.128455 0.0781334 6.07468e-23)
(-0.125889 0.0828136 1.11157e-21)
(-0.0371216 0.0531263 4.04599e-21)
(-0.0566067 0.064512 -4.42024e-23)
(-0.0786011 0.0717891 1.95871e-21)
(-0.0111561 0.0273496 1.7676e-21)
(-0.0273488 0.0448773 -2.1411e-21)
(-0.00630863 0.0177529 -1.58875e-21)
(-0.0165623 0.0185314 5.23515e-21)
(-0.0261961 0.0239801 0)
(-0.00503758 0.0049828 4.11258e-21)
(-0.00739377 0.0075042 -7.26828e-21)
(-0.00222594 0.000334562 0)
(-0.00222243 0.000329386 0)
(-0.00450271 -0.00215595 -1.1554e-21)
(-0.0267693 0.0194175 5.24226e-21)
(-0.04132 0.0217528 -1.58129e-23)
(-0.0412488 0.0142412 -1.07819e-20)
(-0.0632246 0.00757231 1.08839e-20)
(-0.0389415 -0.0179272 3.80772e-21)
(-0.0543055 -0.017796 -3.09013e-21)
(-0.0479131 -0.00261403 -3.80808e-21)
(-0.00654352 -0.00306656 7.17178e-22)
(-0.01309 -0.00712524 2.03319e-21)
(-0.0214335 -0.00661668 1.4088e-21)
(-0.00506959 0.0134468 -3.05312e-21)
(-0.0292606 0.049548 0)
(-0.0616318 0.0639457 0)
(-0.0931385 0.0360181 3.947e-21)
(-0.108818 0.0553623 -2.76841e-21)
(-0.101053 0.0671871 0)
(-0.0222589 0.00259927 3.06224e-23)
(-0.0626219 0.0148096 0)
(-0.0100231 0.030949 -1.0365e-22)
(-0.000828698 0.00175833 -6.08664e-22)
(-0.000217311 0.00204545 2.99375e-21)
(-0.00928911 0.00686988 7.49969e-21)
(-0.0147009 0.0105672 0)
(-0.00154066 -0.000790873 -3.39869e-21)
(-0.00344266 0.000627442 -1.07877e-20)
(-0.00048865 -0.00229923 5.956e-21)
(-0.00139546 0.00147069 4.21849e-22)
(-0.00537641 -0.000678201 0)
(-0.0158897 0.00597407 0)
(-0.0257599 0.0078414 0)
(-0.0282556 0.000493234 0)
(-0.00744839 -0.000586193 4.81292e-21)
(-0.0162837 -0.00291817 -4.11251e-21)
(-0.0185633 0.000574867 0)
(-0.00132072 0.00993567 0)
(-0.000410195 0.00166263 2.72249e-21)
(0.000579254 0.00166572 -6.82891e-21)
(0.00065077 0.00195131 1.18869e-20)
(0.000634262 0.0017786 -7.18395e-21)
(0.000873571 0.00122462 -2.33877e-21)
(0.000468091 0.000634664 0)
(-0.00313933 -8.66863e-05 3.51871e-21)
(-0.0066887 0.00129342 0)
(0.000156696 -0.00293089 0)
(-0.000222915 -0.0024357 0)
(0.000225389 -0.00301899 -1.29476e-21)
(-0.000778098 0.00109649 2.23582e-21)
(-0.00308615 0.000832742 0)
(-0.00238658 0.000434652 6.76848e-21)
(-0.00462904 0.00068407 1.79023e-21)
(-0.00598123 0.00148055 -6.75075e-21)
(0.00115834 0.00146062 0)
(0.000771662 0.00129951 5.27912e-21)
(0.0012393 0.00106854 8.56212e-21)
(0.00148762 0.00124795 -9.7116e-21)
(0.000672662 0.000345023 -1.74315e-22)
(0.00121753 0.000654636 7.23277e-21)
(0.000781382 -0.00231547 1.45298e-21)
(0.000203994 -0.00132269 -1.08955e-21)
(0.000749539 -0.00229361 -8.36618e-21)
(0.000953181 -0.00268252 1.14318e-20)
(0.00119737 -0.00253783 0)
(0.00133243 0.000951836 -5.35798e-21)
(0.000532174 0.000831808 -7.84282e-21)
(0.00171737 -4.82392e-06 1.1628e-20)
(0.00158542 -0.0010186 0)
(0.00107147 -0.00147653 0)
(0.000582972 -0.00081902 4.46024e-21)
(0.0019677 0.000840439 3.35732e-21)
(0.00209444 0.000793762 -5.95494e-21)
(0.00144224 0.000457434 -1.30425e-22)
(0.00190671 0.000596536 1.78864e-24)
(0.00157822 -0.00134176 0)
(0.00194745 -0.00162986 1.95049e-21)
(0.00219985 -0.00110182 -1.68503e-21)
(0.00255339 0.000271384 -4.16224e-24)
(0.00245723 -0.000549912 7.99858e-22)
(0.00247236 -0.000119931 6.32238e-21)
(0.000881527 -0.000391059 -5.91224e-21)
(0.00160323 -0.000760063 0)
(0.00201652 0.000250674 -8.8311e-21)
(0.00244651 0.000199065 4.21038e-21)
(0.00220251 -3.65761e-05 4.48367e-21)
(0.00189497 -0.00043683 0)
(0.00231046 -0.000457626 -4.91226e-21)
)
;

boundaryField
{
    movingWall
    {
        type            fixedValue;
        value           uniform (1 0 0);
    }
    fixedWalls
    {
        type            noSlip;
    }
    frontAndBack
    {
        type            empty;
    }
    defaultFaces
    {
        type            empty;
    }
}


// ************************************************************************* //
