/*--------------------------------*- C++ -*----------------------------------*\
  =========                 |
  \\      /  F ield         | OpenFOAM: The Open Source CFD Toolbox
   \\    /   O peration     | Website:  https://openfoam.org
    \\  /    A nd           | Version:  8
     \\/     M anipulation  |
\*---------------------------------------------------------------------------*/
FoamFile
{
    version     2.0;
    format      ascii;
    class       volScalarField;
    location    "0.047";
    object      p;
}
// * * * * * * * * * * * * * * * * * * * * * * * * * * * * * * * * * * * * * //

dimensions      [0 2 -2 0 0 0 0];

internalField   nonuniform List<scalar> 
424
(
-1.27898e-06
0.054984
0.0135828
0.118024
0.0956994
0.247631
0.102321
0.0549113
0.277529
0.49552
0.478853
0.491729
0.0113564
-0.150562
0.508089
0.749781
0.508269
0.513934
-0.422018
-0.184128
0.749211
1.00246
0.672841
0.673557
-0.674211
-0.436626
-0.380892
-0.396292
0.9884
1.26984
1.47586
1.53827
0.850187
0.848269
-3.52157
-0.889033
-1.11166
-1.38904
-0.67692
-0.412368
-0.417515
1.2357
1.42954
1.5255
1.41537
1.00686
1.0045
-2.88776
-2.65098
-0.887323
-1.12253
-1.1807
-0.576933
-0.578153
1.43281
1.47057
1.02544
1.02166
-2.26904
-1.1264
-0.759591
-0.757284
1.51794
1.67542
-1.05168
-0.621488
-0.946327
-0.945273
1.92536
1.7087
-0.020711
-0.598918
-1.01239
-1.03661
2.18166
1.93775
1.89818
1.91139
0.72827
0.00847236
4.37587
2.40408
1.4738
2.10452
2.68242
5.25507
2.88565
2.61758
2.17944
1.94298
1.94872
0.733666
-0.386739
3.94776
2.39743
1.45934
2.08227
2.56928
4.53651
2.64142
2.62744
2.10504
2.10577
-0.162756
-0.412538
2.29275
2.2903
0.393104
-0.16313
2.48809
2.49279
0.979207
0.392536
2.57522
2.60603
1.56094
0.978175
1.82249
1.55607
1.84062
0.130949
0.0405917
0.0477971
0.0787621
0.0945637
0.165912
-0.0272958
0.0103147
0.224466
0.318082
0.333309
0.151111
0.177693
0.219161
0.336107
0.303728
0.294913
0.445374
0.461534
0.446403
0.0654042
-0.000494202
0.07035
0.0359125
-0.0163167
-0.0625923
-0.0402682
-0.160876
-0.0822144
-0.189104
0.000912795
0.0449778
0.0690987
0.113963
0.305879
0.169846
0.363374
0.353377
0.490693
0.511346
0.583952
0.513391
0.599072
-0.0309032
-0.033127
-0.185973
-0.202777
-0.231966
-0.267393
-0.271631
-0.0485178
-0.281711
-0.0948481
-0.233364
0.643081
0.639037
0.751023
0.783336
0.679161
0.784441
-0.293713
-0.281646
-0.439168
-0.338938
-0.401487
-0.381289
-0.348948
0.885747
0.885144
0.98585
0.958341
1.05254
0.853791
0.943811
-0.546842
-0.672324
-0.503749
-0.554951
-0.419945
-0.515275
1.13593
1.1507
1.2072
1.21793
1.27454
1.22129
1.1096
1.18323
1.00482
1.08283
-0.788824
-0.883662
-0.69635
-0.776919
-0.583092
-0.70056
1.32539
1.30432
1.3173
1.3546
1.40198
1.38611
1.38245
1.38611
1.39075
1.49781
1.50034
1.44976
1.18472
1.27088
1.03855
1.18551
1.3538
1.38438
1.45394
-1.26541
-1.65517
-2.50198
-2.08806
-1.0183
-1.11731
-1.23149
-1.01889
-0.868163
-0.935463
-0.764282
-0.870047
-1.14726
-1.25491
1.50175
1.44758
1.4584
1.45279
1.51793
1.45791
1.46853
1.51759
1.56268
1.58834
1.687
1.3404
1.43586
1.51171
1.49515
1.13846
1.26323
-1.48765
-1.41873
-1.635
-1.23534
-1.08029
-1.10407
-1.14904
-1.00617
-1.07057
-0.942619
-1.01921
-0.854694
-1.19496
-1.10101
-1.07426
-1.1179
-1.22081
1.56626
1.62302
1.69902
1.55627
1.73548
1.7305
1.76235
1.78538
1.56428
1.77368
1.61189
1.73799
-0.817949
-0.723211
-0.941148
-0.594379
-0.698822
-0.564772
-1.09602
-1.10544
-0.746695
-0.756855
-1.02306
-1.12667
-1.03852
-1.07747
-1.24119
-1.17204
-1.05093
-0.753293
1.77592
1.78996
1.94082
1.86879
1.91338
1.88603
1.87279
-0.39552
-0.399283
0.0271249
-0.357083
-0.0568052
-0.411705
-0.344884
-1.40078
-1.31496
-1.0819
-1.2142
-1.15632
-1.51029
-1.48569
-1.198
2.06701
2.18186
2.01569
2.06492
1.94681
2.02999
0.311342
0.738137
0.0737589
0.327532
-0.160605
0.145227
-1.13425
3.7144
4.06671
2.31326
2.39272
2.18869
2.31079
2.1114
2.20103
1.14667
1.45219
0.805992
1.13717
0.41731
0.792382
2.57842
3.13394
2.53369
2.62162
1.88883
2.07563
2.3738
2.73877
3.01099
2.74793
3.21752
2.65025
2.52457
2.40088
2.47262
2.29176
2.3932
1.90378
1.44083
1.52919
0.981502
1.35568
2.28347
2.92137
2.65901
2.62052
2.17935
2.20512
2.7979
2.68003
2.70137
2.67882
2.58136
2.59596
2.479
2.58925
1.79181
2.03806
1.56973
1.77229
2.39695
2.655
2.62629
2.64325
2.15854
2.35986
2.76891
2.63479
2.6742
2.59419
2.66901
1.84527
2.12314
2.62699
2.9774
2.88864
2.53055
2.56604
3.09535
3.05858
2.63782
2.55865
)
;

boundaryField
{
    movingWall
    {
        type            zeroGradient;
    }
    fixedWalls
    {
        type            zeroGradient;
    }
    frontAndBack
    {
        type            empty;
    }
    defaultFaces
    {
        type            empty;
    }
}


// ************************************************************************* //
