/*--------------------------------*- C++ -*----------------------------------*\
  =========                 |
  \\      /  F ield         | OpenFOAM: The Open Source CFD Toolbox
   \\    /   O peration     | Website:  https://openfoam.org
    \\  /    A nd           | Version:  8
     \\/     M anipulation  |
\*---------------------------------------------------------------------------*/
FoamFile
{
    version     2.0;
    format      ascii;
    class       volScalarField;
    location    "14000";
    object      nut;
}
// * * * * * * * * * * * * * * * * * * * * * * * * * * * * * * * * * * * * * //

dimensions      [0 2 -1 0 0 0 0];

internalField   nonuniform List<scalar> 
4109
(
0.000666444
0.000661356
0.000658656
0.000666463
0.000669038
0.000677617
0.000672487
0.000677321
0.000674981
0.000656863
0.000666939
0.000678481
0.000668145
0.000671038
0.000676852
0.000677668
0.000666077
0.000673687
0.000679237
0.000675709
0.000660669
0.00067852
0.000673858
0.000678056
0.000673712
0.000668213
0.00065644
0.000672819
0.000677641
0.000681368
0.000677363
0.000676876
0.000668045
0.000671252
0.000677458
0.000682471
0.000673898
0.000667042
0.000667583
0.000669455
0.000667333
0.000662588
0.000673914
0.000681489
0.00067813
0.00148539
0.000825106
0.000677817
0.000677445
0.000663311
0.000673127
0.000677462
0.00067697
0.00067274
0.000675431
0.000660598
0.00066075
0.000678141
0.000676459
0.000670089
0.000675282
0.00196311
0.000684654
0.000680089
0.000679315
0.000728811
0.00123461
0.000678695
0.00067359
0.000660492
0.000671605
0.000678938
0.000689437
0.000677357
0.000679782
0.000673576
0.000670735
0.000667209
0.000647968
0.000674894
0.000679431
0.000679821
0.000675744
0.000668599
0.000728573
0.000738872
0.00152747
0.00193071
0.00194713
0.000684497
0.000685496
0.00068057
0.000680242
0.000680475
0.000705353
0.000942105
0.000676896
0.000662635
0.00069215
0.000686003
0.000682332
0.000686538
0.000692451
0.000684845
0.000673052
0.000676228
0.000674619
0.000666352
0.000657378
0.000678736
0.000652978
0.000680748
0.000680676
0.000677018
0.000670677
0.00209757
0.000826731
0.000989547
0.00126783
0.00197031
0.00201087
0.000670761
0.000687795
0.000689214
0.000682885
0.000682037
0.000681564
0.000677128
0.000938075
0.000656929
0.000664559
0.000692982
0.000689521
0.000694141
0.000692902
0.000681225
0.000689443
0.000676561
0.000673589
0.000671658
0.000659927
0.000677662
0.000681987
0.000681521
0.000682121
0.000678233
0.000671149
0.00175763
0.00102454
0.00194678
0.00131258
0.00201097
0.000803231
0.000690524
0.000688853
0.000683249
0.000682937
0.000682981
0.000680575
0.000666383
0.000818253
0.000662206
0.000694228
0.000690487
0.000696296
0.000694303
0.000695497
0.000696317
0.000680837
0.000679214
0.000677029
0.000671211
0.000655534
0.000679946
0.000674287
0.000683527
0.000683204
0.000678957
0.000673489
0.00118933
0.00227748
0.00121432
0.00194084
0.00199542
0.000752018
0.000685814
0.000686142
0.000684841
0.000682804
0.000684483
0.000669492
0.000860234
0.00066845
0.000688896
0.000689207
0.000697155
0.000692024
0.000697555
0.000700321
0.000691743
0.000685022
0.000679228
0.000676845
0.000673303
0.000662595
0.000682576
0.000676101
0.000684293
0.000684252
0.000681522
0.000673601
0.00116419
0.00214451
0.00198144
0.00117189
0.00202834
0.000746515
0.000685986
0.00068805
0.000685587
0.00067176
0.000858185
0.000650411
0.000689096
0.000691109
0.000692438
0.000692301
0.000695298
0.000700714
0.000698417
0.000702046
0.00068664
0.00068246
0.00067989
0.000674953
0.000659729
0.000685242
0.000672343
0.00068558
0.000685896
0.000682366
0.000683522
0.000676451
0.00109745
0.00216533
0.00120724
0.0019681
0.00201413
0.000728876
0.000688602
0.00068876
0.000679127
0.000857622
0.000654016
0.000692172
0.00069161
0.000694056
0.000695804
0.000695597
0.000695854
0.000701318
0.00070361
0.000696693
0.000693042
0.000682283
0.000678422
0.000666244
0.0006835
0.000688412
0.000674521
0.000687145
0.000685072
0.000676339
0.000685538
0.00218435
0.00104699
0.00198889
0.00118671
0.00204003
0.000724818
0.000782843
0.000674755
0.000681233
0.000851178
0.000657705
0.000692816
0.00068973
0.000694588
0.000698663
0.00069919
0.00069712
0.000698764
0.000704659
0.000703081
0.000707616
0.000698337
0.000692275
0.000662486
0.000680368
0.000675032
0.000684967
0.000685326
0.000692599
0.000673941
0.000690215
0.00067952
0.000687189
0.00101638
0.00217048
0.00196067
0.00114794
0.00201504
0.000713143
0.000754227
0.000791965
0.000796536
0.000776138
0.000781047
0.000789428
0.000933987
0.000658725
0.000630798
0.000676578
0.000661314
0.000688115
0.000694371
0.000701233
0.000696719
0.000699048
0.000710218
0.000699522
0.000705478
0.000710252
0.000707384
0.000699009
0.000706458
0.000701032
0.000673306
0.000677395
0.000686286
0.000688453
0.000679285
0.000694707
0.0006772
0.000691019
0.000689165
0.000985445
0.00223395
0.00196197
0.00070448
0.000781649
0.000845627
0.000776562
0.000788894
0.000787184
0.000805403
0.000707786
0.000723057
0.000731182
0.000762507
0.000766352
0.000739405
0.000774973
0.000783626
0.00147069
0.000615523
0.000601812
0.000642292
0.000694822
0.000712885
0.000697959
0.000699966
0.000702226
0.000700738
0.000709239
0.000702444
0.000709218
0.000715881
0.00071441
0.000708488
0.000719718
0.000730565
0.000729091
0.000666378
0.000682994
0.000689836
0.000688671
0.000682666
0.000690363
0.000696155
0.000674241
0.000694434
0.000954623
0.0023696
0.000812917
0.000817778
0.000783554
0.000782797
0.000801207
0.000722358
0.000710015
0.000739573
0.00072885
0.00073474
0.000743961
0.000750938
0.00078008
0.000773021
0.000771031
0.00251374
0.00108291
0.0005502
0.000617129
0.000685171
0.000713753
0.000713381
0.000700474
0.00070414
0.00070036
0.000702779
0.00070872
0.00070347
0.000718359
0.000718383
0.000723985
0.000723503
0.000728303
0.000726314
0.000678458
0.00068522
0.000693821
0.000693996
0.000691273
0.000682441
0.00069246
0.000696406
0.000699831
0.000700013
0.000676436
0.000981789
0.000792404
0.000845205
0.000813598
0.000783767
0.000789003
0.000800714
0.000729181
0.000719264
0.000725845
0.00073684
0.000740067
0.000740451
0.000729982
0.000732529
0.000734725
0.000755152
0.000775065
0.000770398
0.000767089
0.00240615
0.00188737
0.000629234
0.000630125
0.00068274
0.000713236
0.00071153
0.000699832
0.000703761
0.000705579
0.000704536
0.000706444
0.000716621
0.000717352
0.00072241
0.000722517
0.000722847
0.000726498
0.000672549
0.000695166
0.000691414
0.0006966
0.000697503
0.000685974
0.000685735
0.000693736
0.000697295
0.000689702
0.00150549
0.00177869
0.000703746
0.000651936
0.000816201
0.0008158
0.000834058
0.000843411
0.000818474
0.000779392
0.000787528
0.000804595
0.000732342
0.000729804
0.000734656
0.00074018
0.000749291
0.000738791
0.000754095
0.000735516
0.000741201
0.000764273
0.000759209
0.000770821
0.000774489
0.00278685
0.00217911
0.00237019
0.00059184
0.00060418
0.000676087
0.000707724
0.000710786
0.000703362
0.000708562
0.00070566
0.000706809
0.000712341
0.000715506
0.000717361
0.000720665
0.000723511
0.000728441
0.000729593
0.000686518
0.000689663
0.000704264
0.000697061
0.000696095
0.00069662
0.000699746
0.000705148
0.000689768
0.000692914
0.000650506
0.00060907
0.000833277
0.000811154
0.000822821
0.000772177
0.000753121
0.000853262
0.000810039
0.000783689
0.000786126
0.000799478
0.000735317
0.000733734
0.000732548
0.000762816
0.000744741
0.000749484
0.000739535
0.000741817
0.000760119
0.000755396
0.000767055
0.000773012
0.000721536
0.00284944
0.00248754
0.00250266
0.000636742
0.000600548
0.000674858
0.000708724
0.000711171
0.000707907
0.00070072
0.000709741
0.000713253
0.000715882
0.000718168
0.000720999
0.000724378
0.000726662
0.000730681
0.000732653
0.000677462
0.000699524
0.000701349
0.00070218
0.000701214
0.000703284
0.000702607
0.000701552
0.000690969
0.000698248
0.000698528
0.000682169
0.000833755
0.000762114
0.000775929
0.000825512
0.000768338
0.000858778
0.000806156
0.000785537
0.000791953
0.000800142
0.000808147
0.000738785
0.000736165
0.000736588
0.000732746
0.000742885
0.000752132
0.000748784
0.000759373
0.000764204
0.00077204
0.000772974
0.000699637
0.00290534
0.00258004
0.0026478
0.000611343
0.000589837
0.000668162
0.000714169
0.000709995
0.000712504
0.000707572
0.000714458
0.000718745
0.000723482
0.000719201
0.000724661
0.000729711
0.000729241
0.000734195
0.000737179
0.000690587
0.0006943
0.000709379
0.000707811
0.000704253
0.000705806
0.000709926
0.000693736
0.000695716
0.000699228
0.000654963
0.00082534
0.000807001
0.000754352
0.000745641
0.000768303
0.000808853
0.000760515
0.000818821
0.00084857
0.000783231
0.000794061
0.00079613
0.000809212
0.000741998
0.000737884
0.0007391
0.00073897
0.000738733
0.00074731
0.000747499
0.000745283
0.000756144
0.000765072
0.000775426
0.00077977
0.000796877
0.00293704
0.00277184
0.00267178
0.000641084
0.000582073
0.000682458
0.000715728
0.000712702
0.000705201
0.000715773
0.000719129
0.000722531
0.000720531
0.00072668
0.000731713
0.000734373
0.000735656
0.000738368
0.000685476
0.000706242
0.000708059
0.000694949
0.000708173
0.000706523
0.000708097
0.000704474
0.000699432
0.000700348
0.000649955
0.000845329
0.000821365
0.000823159
0.000792267
0.000736472
0.000737744
0.000751785
0.000773107
0.000801711
0.000773511
0.000735648
0.000829516
0.000837311
0.000849638
0.000782745
0.000796472
0.000798009
0.000798372
0.000743635
0.000740384
0.000737116
0.000738384
0.000747728
0.000753438
0.000746811
0.000783374
0.000761238
0.000761566
0.000773242
0.000720934
0.00298112
0.00287779
0.00282533
0.000682768
0.000615638
0.000595018
0.00072116
0.000712214
0.000722639
0.000718703
0.000725861
0.000726007
0.000723091
0.000732464
0.000734353
0.00073574
0.000700274
0.000704206
0.00071307
0.000697669
0.000700478
0.000712302
0.000707508
0.000709267
0.000715088
0.000700186
0.000645272
0.000694303
0.000705103
0.00082477
0.000810524
0.000811036
0.00078288
0.000733993
0.00075163
0.000771076
0.000765716
0.000792585
0.000723135
0.00072049
0.000719677
0.000711725
0.000703351
0.000833502
0.000814181
0.000830032
0.000815876
0.000786427
0.000785195
0.000787096
0.000784132
0.000745601
0.000741333
0.000743365
0.000755038
0.00075122
0.000749793
0.00074309
0.000772467
0.000772577
0.00076588
0.000769388
0.000862033
0.00308055
0.00301803
0.00266136
0.000601094
0.000591212
0.000716501
0.000668329
0.000733345
0.000721364
0.000731004
0.000734061
0.000737596
0.000699794
0.000716519
0.000699382
0.000702578
0.000708991
0.00071335
0.000710726
0.000712195
0.000647425
0.000700357
0.000704605
0.000705744
0.000704582
0.000810358
0.000803001
0.000801587
0.000773699
0.000731446
0.000758601
0.000788226
0.000758369
0.000739198
0.000722787
0.000722326
0.000714225
0.000711871
0.000701136
0.000712633
0.000819153
0.000851431
0.000813152
0.000820597
0.000772633
0.000775945
0.000779164
0.000764174
0.000744145
0.000743613
0.00075278
0.000747538
0.000753148
0.000748821
0.000747914
0.000773077
0.000774199
0.000764009
0.000600661
0.0030179
0.00303539
0.00271905
0.000582511
0.000578818
0.000739516
0.00103444
0.000729029
0.000734097
0.000737358
0.000726354
0.000701944
0.000705367
0.000719139
0.000713343
0.000717107
0.000710644
0.000668333
0.000709546
0.000715242
0.000722546
0.000798206
0.000800707
0.000795473
0.000791689
0.000765053
0.00076085
0.000779182
0.000751578
0.000743675
0.000753169
0.000736905
0.000726932
0.000734466
0.000729807
0.00072856
0.000729323
0.0007805
0.00080262
0.000785539
0.000810352
0.000764549
0.000763349
0.000772526
0.000767059
0.000786337
0.0007447
0.000759009
0.000754338
0.000753462
0.000751401
0.000747543
0.000761087
0.000763733
0.000762832
0.000652024
0.00316609
0.00311473
0.00308799
0.000521655
0.000730975
0.000624374
0.000737274
0.000739581
0.000704122
0.000706799
0.000713763
0.000716704
0.000718305
0.000715131
0.00068148
0.000709576
0.000731107
0.000706684
0.000796965
0.000794569
0.000788689
0.000778046
0.000756886
0.000774881
0.000746095
0.000767532
0.000764999
0.00075651
0.000736836
0.000740971
0.000751557
0.000743503
0.000747355
0.000811957
0.000786015
0.000803335
0.000757013
0.000755443
0.000762665
0.000778092
0.000778296
0.000754647
0.000751564
0.000747881
0.000756304
0.00075396
0.000752845
0.00054149
0.00315398
0.00451626
0.000983028
0.000747227
0.000624482
0.000742913
0.00071047
0.000723583
0.000717952
0.000724028
0.000714951
0.000687661
0.000709299
0.000711613
0.000785508
0.000782357
0.000777861
0.000770986
0.000751427
0.000740671
0.000736379
0.000731843
0.000728246
0.000711949
0.000714869
0.000724374
0.000717777
0.000721091
0.000778717
0.000794244
0.000788784
0.00075298
0.000759068
0.000774433
0.000752273
0.000774513
0.000752665
0.000748298
0.000751739
0.000750803
0.000752074
0.000756274
0.00543101
0.00515289
0.00141631
0.000765438
0.000573373
0.000718993
0.000721464
0.000716398
0.000720209
0.000692838
0.000715807
0.000728339
0.00078169
0.000783999
0.000769992
0.000762461
0.000745371
0.000741587
0.000736439
0.000733802
0.000716941
0.000721389
0.000729071
0.000722717
0.0007273
0.000768413
0.000776975
0.000780054
0.000761136
0.000763823
0.000753084
0.00076916
0.000747995
0.000747101
0.00074655
0.000749367
0.00112682
0.000979043
0.00628635
0.00682734
0.00239412
0.00122805
0.000722932
0.00072001
0.000727584
0.000725509
0.000632163
0.000724663
0.0007265
0.000766126
0.000767332
0.000764502
0.000760206
0.000752361
0.000751606
0.000743994
0.000733394
0.000730727
0.000744563
0.000738681
0.000737047
0.000768885
0.000764094
0.000769744
0.000759114
0.000750433
0.000753618
0.000760965
0.00087141
0.000966676
0.00155511
0.00833445
0.00824047
0.00135777
0.00103472
0.00190869
0.000724319
0.00072246
0.000726673
0.000734789
0.000564461
0.000728245
0.000724397
0.000769562
0.000767398
0.000759356
0.000754433
0.000749872
0.000746371
0.000731888
0.00073398
0.000742773
0.000739921
0.00073696
0.000766272
0.000765846
0.000757014
0.000754802
0.00075496
0.000758227
0.000575858
0.000754582
0.000793183
0.00245513
0.00119624
0.000836339
0.00188693
0.0017972
0.000728772
0.000725071
0.000749355
0.000536411
0.000730772
0.000726194
0.000755613
0.000757067
0.000754633
0.000749545
0.000747144
0.000729115
0.000736722
0.000742529
0.000741542
0.000736525
0.000765151
0.000762563
0.000749421
0.000763757
0.000750747
0.000752231
0.00047339
0.000481687
0.000625463
0.000612677
0.000561947
0.0018424
0.000996382
0.000638728
0.00161918
0.00166802
0.000729448
0.000736943
0.000767611
0.000732449
0.000731862
0.000731429
0.000756101
0.000749954
0.000748683
0.000743727
0.000737027
0.000732882
0.000743405
0.000739524
0.000737735
0.000760134
0.000748741
0.000759778
0.00074732
0.000747855
0.000374495
0.000387155
0.000487792
0.000432032
0.00163656
0.00040689
0.00191214
0.00153344
0.000776412
0.000447343
0.00133286
0.00152392
0.000725592
0.000745348
0.000731105
0.000733568
0.000735277
0.000750787
0.000749785
0.000749191
0.000745046
0.000737953
0.000737594
0.000743938
0.000740863
0.000739956
0.000755116
0.000745848
0.00074282
0.00138427
0.000287919
0.000294415
0.000346602
0.00025839
0.00141411
0.000280564
0.00197256
0.00159875
0.00122109
0.000550725
0.000267538
0.00103025
0.00136443
0.000739028
0.000729015
0.000735001
0.000731153
0.000740002
0.000742345
0.00074543
0.000743548
0.000736314
0.000737036
0.000743289
0.00074025
0.000740379
0.00139574
0.00115196
0.000214227
0.000204351
0.000207659
0.000103098
0.00116649
0.000183926
0.00202835
0.00164681
0.00128528
0.00092218
0.000332097
0.000108732
0.000727999
0.00118286
0.00163209
0.001133
0.000938182
0.000150881
0.000119926
8.14014e-05
7.24928e-06
0.000908555
0.000109698
0.00223953
0.00169696
0.00132343
0.000980196
0.000643984
0.000138623
8.7217e-06
0.000443186
0.000977897
0.00188082
0.0013092
0.000914119
0.000734025
9.27048e-05
4.46598e-05
4.63594e-06
0.000653248
5.76394e-05
0.00125552
0.00194707
0.00136939
0.0010091
0.000691581
0.000393017
1.45476e-05
0.000197847
0.00249232
0.00145365
0.00102811
0.000721
0.000534412
3.76979e-05
1.52107e-06
0.00040812
3.12214e-05
0.00113317
0.000963833
0.00160767
0.00105069
0.000712226
0.00042692
0.000178164
3.3798e-05
0.00405014
0.00185559
0.00110057
0.000790079
0.000537627
0.000341791
1.08883e-06
0.000186942
0.00141726
0.000947375
0.000716761
0.00124654
0.00074658
0.000440606
0.000196629
2.72867e-05
0.00412123
0.00340722
0.00129406
0.000813079
0.000584934
0.000356952
0.000162503
2.63086e-05
0.00183977
0.00121068
0.000772498
0.000507402
0.000886791
0.000465254
0.000204844
3.21027e-05
0.00546814
0.0033364
0.00264584
0.000831231
0.000579144
0.000398127
0.000181856
2.42974e-05
0.00217777
0.00146715
0.00100059
0.000604818
0.000331508
0.000550681
0.000218704
3.50782e-05
0.00451406
0.00469172
0.00255958
0.0018287
0.000482838
0.000396947
0.000221606
3.48173e-05
0.00236271
0.00172918
0.0011209
0.000785305
0.000441644
0.000188032
0.000260363
3.95331e-05
0.00400877
0.00376545
0.00382618
0.00183578
0.0010708
0.000252626
0.00024826
6.2016e-05
0.00238555
0.00187165
0.00131701
0.000808108
0.000560779
0.000285426
7.84903e-05
5.33479e-05
0.00382047
0.00337775
0.00302192
0.00293018
0.00121975
0.000476708
0.000133461
9.56428e-05
0.00222804
0.00189042
0.00142248
0.000947986
0.000533792
0.000326957
0.000130719
1.52259e-05
0.00377116
0.00320568
0.00271208
0.00229311
0.00205155
0.00070001
0.00014472
9.40163e-05
0.0018688
0.00177234
0.00143751
0.00102199
0.000626262
0.000301681
0.000124391
1.38428e-05
0.00392786
0.00316355
0.00257097
0.00205856
0.00162432
0.00122316
0.000303494
4.00597e-05
0.00142728
0.0014903
0.00135219
0.00103349
0.000674084
0.000354744
0.000117236
9.38767e-06
0.00443643
0.00327242
0.00253559
0.00195288
0.00144427
0.00104268
0.000417389
9.06187e-05
0.0010924
0.00121607
0.00113909
0.000975077
0.000682255
0.000381305
0.00013964
9.39387e-06
0.00518617
0.00375453
0.00260507
0.00192473
0.00137315
0.00089197
0.000556598
3.594e-05
0.00125118
0.000913516
0.00100253
0.000821995
0.000645288
0.00038638
0.000150519
1.31721e-05
0.00427745
0.0043411
0.00309289
0.00196149
0.00135199
0.000853273
0.000434115
0.000182483
0.00220893
0.000961747
0.000746216
0.000784768
0.000543526
0.000366312
0.00015286
1.51727e-05
0.00417785
0.00355094
0.00333856
0.00245324
0.00136496
0.000838383
0.000419403
0.000123269
0.00202481
0.00191177
0.000712994
0.000585207
0.000558085
0.000307656
0.000144947
1.56557e-05
0.00274429
0.00365344
0.00279748
0.00226132
0.00185571
0.000838504
0.000410168
0.000120339
0.00194529
0.0016896
0.00157264
0.000503535
0.000427461
0.000324388
0.000120234
1.42481e-05
0.00195284
0.00215514
0.00306816
0.00206003
0.00129455
0.00126518
0.000406602
0.000115646
0.00187616
0.00161789
0.00135862
0.00121489
0.000328589
0.000275843
0.000123401
1.00564e-05
0.00168376
0.00153585
0.00163182
0.00243959
0.00139092
0.000593971
0.000605509
0.000112948
0.0018115
0.0015626
0.00129528
0.00103895
0.000861616
0.000186266
0.000125357
9.38799e-06
0.00141396
0.00135446
0.00118993
0.00118066
0.00181535
0.000851408
0.000207723
0.000129774
0.00191322
0.00186844
0.00150146
0.00125157
0.000984441
0.000736038
0.000533205
7.70908e-05
1.26001e-05
0.00139078
0.001152
0.00106739
0.00090472
0.000810438
0.00122631
0.000467905
5.04862e-05
0.00136996
0.0017933
0.00159691
0.00119071
0.000951489
0.000692401
0.000457019
0.000249949
1.39553e-05
0.00161554
0.00115674
0.000931454
0.000825018
0.00065896
0.000509061
0.000703135
0.000229323
0.000565624
0.0012078
0.00119354
0.00165768
0.00131035
0.000896181
0.000669274
0.000426018
0.000213199
4.94551e-05
0.00140807
0.000941655
0.000734302
0.000612795
0.000453066
0.00028366
0.000262766
0.000407938
0.00050148
0.00116314
0.00101647
0.000985512
0.00150874
0.00100954
0.000624262
0.000411381
0.000196404
3.72603e-05
0.000630529
0.000940867
0.00116928
0.000736658
0.000545835
0.000417508
0.000276212
0.000121619
0.000279801
0.000399674
0.000994786
0.000819399
0.000762982
0.00134484
0.000710641
0.000380245
0.000188085
3.21259e-05
0.000523482
0.000815857
0.000914644
0.000536514
0.000361865
0.000232604
9.74505e-05
0.000183301
0.000308843
0.00081419
0.000623463
0.000537591
0.00116066
0.00043037
0.000171695
2.93566e-05
0.000418982
0.000677279
0.000659906
0.00034325
0.000184326
6.58286e-05
0.000109693
0.000231114
0.000627587
0.000434764
0.000321845
0.000953827
0.00018981
2.53536e-05
0.000317714
0.000528753
0.000413487
0.000163467
3.61132e-05
5.94177e-05
0.000163936
0.000441689
0.000258526
0.000132432
3.08772e-05
0.000220522
0.000376406
0.000190296
2.47068e-05
3.22338e-05
0.000101542
0.000263587
0.000103692
1.30151e-05
0.00013027
0.000226756
2.73912e-05
4.18674e-05
0.000105293
7.69111e-06
4.96169e-05
9.05179e-05
1.35475e-06
7.52732e-06
1.9699e-06
5.85614e-06
0.000739585
0.000739076
0.000740667
0.000740924
0.000741769
0.000740965
0.000741165
0.000742209
0.000740031
0.000738885
0.000740169
0.000740611
0.000741445
0.000741403
0.000742076
0.00074486
0.000758735
0.000763783
0.000768574
0.00077791
0.000782049
0.000744003
0.000747466
0.000741942
0.00074374
0.000742493
0.000740695
0.000742165
0.000743584
0.000741021
0.00079434
0.000798638
0.000740022
0.000740085
0.000740992
0.000741203
0.000742328
0.000742137
0.000745557
0.000748113
0.000751268
0.000753314
0.000756762
0.00076435
0.000770604
0.00077679
0.00078945
0.000794593
0.000819206
0.000821115
0.000750108
0.000753181
0.000755785
0.000759521
0.000764078
0.000771509
0.000780705
0.000743747
0.000747903
0.000741634
0.00074264
0.000742654
0.000740895
0.000743438
0.00074461
0.00074238
0.000778224
0.000786217
0.000840284
0.000849225
0.000808785
0.00080875
0.0008335
0.000739872
0.000740634
0.000741246
0.000742463
0.000743909
0.000745474
0.000749454
0.000751009
0.000757955
0.000759892
0.000764654
0.00077132
0.000785681
0.000793928
0.000804727
0.000813176
0.000830458
0.000834455
0.000859934
0.000869331
0.000906162
0.000899884
0.000922879
0.000747039
0.000751968
0.000753489
0.000758198
0.000763775
0.000743761
0.000746849
0.000741638
0.000741949
0.000743591
0.000741544
0.000744497
0.000744468
0.000744742
0.000763713
0.000780113
0.000781029
0.000803509
0.000811522
0.000906181
0.000853444
0.000892965
0.000835733
0.00085065
0.000742863
0.000743136
0.000745376
0.000746143
0.000750068
0.000750574
0.00075735
0.000756151
0.000766254
0.000762397
0.000776123
0.000779573
0.000815828
0.000812063
0.000826954
0.00084583
0.000854883
0.000865953
0.000885791
0.00089667
0.000950338
0.000951973
0.000999656
0.00101883
0.000982903
0.00102543
0.00103165
0.00123024
0.000746522
0.000751766
0.000753087
0.000756968
0.00074594
0.000745379
0.000743833
0.000746528
0.000742157
0.00074197
0.000744432
0.000743751
0.000741999
0.000746274
0.000745148
0.00076091
0.000772236
0.000780742
0.00152697
0.00135208
0.00149915
0.000800627
0.000803279
0.000830864
0.000844883
0.000907346
0.000919934
0.00106739
0.00097243
0.000861955
0.00091051
0.000750652
0.000748225
0.000754388
0.000751017
0.000759429
0.000754666
0.000764608
0.000761551
0.000765003
0.000770575
0.000781061
0.000783683
0.000793826
0.00081926
0.00084894
0.000824521
0.000851416
0.000971799
0.000970314
0.000964232
0.00103096
0.00203134
0.00209423
0.00175589
0.00117966
0.00118022
0.00129846
0.00124858
0.00125076
0.00137709
0.00138878
0.00186939
0.00156544
0.00355208
0.00332297
0.00339956
0.00210658
0.00299635
0.00280571
0.00246297
0.00212324
0.00074658
0.000750844
0.000750454
0.000755449
0.000744147
0.000743567
0.000743951
0.000745656
0.000742593
0.000742566
0.000742171
0.000746426
0.00074544
0.00074428
0.000743667
0.000760342
0.000774067
0.000803102
0.000781845
0.000798204
0.00366305
0.00367468
0.0028446
0.00272616
0.00214729
0.00111969
0.00135856
0.00154755
0.00192717
0.000838413
0.000839774
0.000848867
0.000847791
0.000892382
0.000903493
0.000991666
0.000977054
0.00105996
0.00363295
0.00342498
0.00126146
0.00328218
0.00288472
0.00263656
0.00148379
0.0017905
0.00189216
0.00263097
0.000780006
0.000767251
0.000783673
0.000769905
0.000786055
0.000775021
0.000789446
0.000789883
0.000798069
0.000796124
0.000811026
0.000811127
0.000851847
0.000875331
0.000930152
0.000902681
0.00113483
0.00133392
0.00110107
0.00173938
0.00142769
0.00132809
0.00163011
0.00146137
0.00143821
0.00252531
0.00304907
0.00350271
0.00304474
0.00268173
0.00228403
0.00180545
0.00167143
0.00184526
0.00200672
0.00260077
0.00190786
0.0020431
0.00348482
0.00354996
0.00361248
0.00369924
0.00356991
0.00340337
0.00329236
0.00330254
0.00138573
0.00136688
0.00284723
0.00297141
0.00153366
0.00160427
0.00191154
0.00254604
0.00207281
0.00240937
0.000746576
0.000749733
0.000749111
0.000758551
0.000743209
0.000742991
0.000742975
0.000743889
0.000745188
0.000746442
0.000745198
0.000744522
0.000743516
0.00074339
0.000743107
0.000758608
0.000774361
0.000775662
0.000795107
0.000799354
0.000827833
0.000793954
0.00349738
0.00374786
0.00338241
0.00371032
0.00365085
0.00274093
0.00332352
0.00262442
0.00215609
0.000840973
0.00191774
0.00118203
0.00173621
0.00135115
0.000886703
0.00087722
0.000897001
0.000889957
0.000922737
0.00091192
0.00103364
0.00102675
0.00117917
0.00369718
0.00339324
0.0037577
0.00113345
0.00120528
0.000952173
0.003239
0.00280152
0.00265962
0.00180233
0.00114183
0.0015786
0.000621054
0.000825978
0.00386423
0.00129136
0.000684373
0.000841775
0.000776724
0.000875128
0.000863427
0.000902362
0.00094253
0.000878544
0.000869173
0.000943759
0.000951939
0.00114243
0.00121606
0.00169098
0.00133008
0.00174636
0.0013483
0.00131181
0.001769
0.00148381
0.00160946
0.00186906
0.00223725
0.00184441
0.00156234
0.00203085
0.0018101
0.00215272
0.00203307
0.00274157
0.00314666
0.00354086
0.00335253
0.00294857
0.00246952
0.00247848
0.00227132
0.00280566
0.0023188
0.00251984
0.00360698
0.0034986
0.00368499
0.00355561
0.00362691
0.00333143
0.00339044
0.00287796
0.00312522
0.00303454
0.00146092
0.00162572
0.00247863
0.00263895
0.00227127
0.00215552
0.00196164
0.000757529
0.000746431
0.000748858
0.000748616
0.000743111
0.000743738
0.000744835
0.000759335
0.000745965
0.000744883
0.000744502
0.000743737
0.000743853
0.000743355
0.00074383
0.000743902
0.000746841
0.00074511
0.000744487
0.000748489
0.000748047
0.000750372
0.000772798
0.000773945
0.000776374
0.000785515
0.000844392
0.000815978
0.000812731
0.000797361
0.00381273
0.00380593
0.00353997
0.00244897
0.00335217
0.00284014
0.000871315
0.000914132
0.00093824
0.00241598
0.0014216
0.00225821
0.00154479
0.000950159
0.000925913
0.00100427
0.000986792
0.0011585
0.00116766
0.00134272
0.00376699
0.003782
0.00357432
0.00387888
0.00392597
0.00339623
0.000839723
0.000904306
0.000674237
0.00294104
0.00271332
0.00207964
0.00150905
0.000864561
0.00909898
0.00821314
0.00217172
0.000903499
0.007427
0.00528236
0.00139162
0.000907493
0.00114882
0.000909648
0.00107666
0.000992823
0.00112925
0.00127449
0.0012499
0.00177806
0.00180987
0.0015073
0.00223608
0.00173242
0.0019483
0.00250708
0.00247224
0.00270191
0.00222171
0.00239234
0.0025835
0.00287078
0.0022288
0.00242756
0.0026476
0.00234702
0.00273331
0.00243587
0.00348772
0.00319305
0.00339255
0.00330551
0.00307385
0.00305379
0.00318701
0.00305982
0.00297722
0.00365253
0.0034941
0.00341733
0.0035262
0.00349053
0.00302796
0.00328098
0.00257294
0.00277319
0.00215362
0.00228743
0.000756057
0.000753082
0.000749748
0.000756806
0.000744116
0.00074602
0.000747537
0.000754938
0.000761445
0.000745234
0.000744222
0.0007443
0.00074361
0.000744017
0.000743644
0.000744611
0.000744776
0.000748056
0.000742029
0.000747127
0.000748466
0.000751015
0.000752571
0.000770953
0.000774723
0.00078464
0.0007948
0.000860374
0.000840334
0.000835498
0.000817986
0.00317597
0.00330849
0.0038433
0.000924853
0.00094459
0.00094436
0.00102975
0.000982948
0.00233796
0.00297722
0.00165299
0.00209705
0.00138187
0.00128942
0.00169119
0.00168341
0.00149927
0.00370228
0.00391683
0.00394119
0.00374363
0.00374754
0.0035184
0.00303336
0.00276568
0.000615828
0.000704571
0.00239454
0.0018842
0.00145981
0.00078806
0.00915399
0.0103082
0.00382678
0.00830502
0.0101741
0.00984327
0.00550992
0.00340452
0.00942715
0.00895595
0.00456696
0.00252695
0.00352415
0.00204278
0.00293852
0.00185395
0.00252923
0.00252223
0.00203716
0.0030077
0.00261301
0.00261796
0.00252058
0.00265117
0.00315521
0.00306942
0.00311597
0.00334487
0.00306559
0.00279511
0.00324006
0.00342036
0.00288902
0.00317171
0.00338483
0.00308284
0.0033853
0.00361049
0.00345803
0.00359885
0.00346811
0.00357037
0.00344438
0.00345058
0.00347548
0.00355048
0.00354195
0.00315438
0.00337482
0.00269558
0.0028473
0.00216569
0.00232792
0.000759238
0.000756839
0.000756165
0.000753958
0.000749573
0.000749964
0.000753627
0.000759522
0.000765301
0.00074698
0.000741815
0.000746836
0.000742279
0.000748296
0.000744486
0.000751188
0.000746277
0.000747607
0.000749203
0.000750654
0.000752759
0.000754039
0.000775425
0.000777474
0.000785504
0.00081528
0.000801755
0.000780677
0.000912048
0.000872256
0.000876186
0.000845889
0.000953143
0.00382981
0.0033781
0.000979328
0.000932008
0.00121279
0.00111438
0.00182143
0.00214929
0.00221178
0.00210894
0.00305091
0.00257926
0.00228974
0.00248173
0.00234481
0.00394834
0.00414277
0.0037781
0.00396624
0.0032393
0.00293677
0.00237634
0.00219275
0.0018912
0.00179663
0.00060827
0.00134803
0.00767528
0.00987827
0.00229506
0.00576147
0.00967004
0.0106804
0.00857526
0.00738801
0.01071
0.0102589
0.00694958
0.00582215
0.00571929
0.0038009
0.00439595
0.00351592
0.00316389
0.00331346
0.00416154
0.00345191
0.00393298
0.00334517
0.00360656
0.0036358
0.00388316
0.00378917
0.00375865
0.00362721
0.00356753
0.00335304
0.00366463
0.00381422
0.0034528
0.00361692
0.00372668
0.00359432
0.00370664
0.00358703
0.00354857
0.00355166
0.00364204
0.00363186
0.00361924
0.00326278
0.00342238
0.00276562
0.00293799
0.00222335
0.00239938
0.000788116
0.00066622
0.000759282
0.000760242
0.000759202
0.00075762
0.000756803
0.000754808
0.000756666
0.000758001
0.000763748
0.000763769
0.000780298
0.000747351
0.000746569
0.000748213
0.000748297
0.000751831
0.000749116
0.00074998
0.000751788
0.000753125
0.000753989
0.000755736
0.000775622
0.000799627
0.00080343
0.000848905
0.00079271
0.000800421
0.000951566
0.000896811
0.000906211
0.000849568
0.00101166
0.00115135
0.000906721
0.00389755
0.00373748
0.00188694
0.00167624
0.00240242
0.00351863
0.00316822
0.00285673
0.0030656
0.00341768
0.00363446
0.00305398
0.00384626
0.00446584
0.00305271
0.00354164
0.00254827
0.0022513
0.00181509
0.00166866
0.000596695
0.000906011
0.00597457
0.00920826
0.00156006
0.00343658
0.00873004
0.0103384
0.00975898
0.00878845
0.00961965
0.0102192
0.00720602
0.00850383
0.00785536
0.00651281
0.00567739
0.00561725
0.00492389
0.00393408
0.0040963
0.00509696
0.00443036
0.00397849
0.00418177
0.00376536
0.0038424
0.00411928
0.00397874
0.00382261
0.00391677
0.00364293
0.00367357
0.00378607
0.00360539
0.00375773
0.00362101
0.00368025
0.00352082
0.00356944
0.00352835
0.00344849
0.00330512
0.00350092
0.00342425
0.00287458
0.00304779
0.00229634
0.00250609
0.000760982
0.000779307
0.000806662
0.000699753
0.000758862
0.000756994
0.000757587
0.000758819
0.000758648
0.000758481
0.000757313
0.000758369
0.000755019
0.000757555
0.000772283
0.000764563
0.0007591
0.000760906
0.000750728
0.000751864
0.000752994
0.000753142
0.000753997
0.000755675
0.000756897
0.000757991
0.000758132
0.000779456
0.000793744
0.000815662
0.000839054
0.000849304
0.00082029
0.000947767
0.00103413
0.000891281
0.000956168
0.00109253
0.00129888
0.00125754
0.00144682
0.00181697
0.0035816
0.00404329
0.00481646
0.00297115
0.0040173
0.00377453
0.00397855
0.00430982
0.00424913
0.00466613
0.00351053
0.00397998
0.00284544
0.00241587
0.00196676
0.00171084
0.000656632
0.000719329
0.00447813
0.00770166
0.00113992
0.00231202
0.00720609
0.00889896
0.00990108
0.00940972
0.0084826
0.00940278
0.00774617
0.00822363
0.00928229
0.00869491
0.0057007
0.00729369
0.0067248
0.00648565
0.00596862
0.00444733
0.00476786
0.00534236
0.00509889
0.00431401
0.00447509
0.00422643
0.00352762
0.00369982
0.00373127
0.00386859
0.00397255
0.00312545
0.00303749
0.00333904
0.00355143
0.00355437
0.00316196
0.0032861
0.00333961
0.00332577
0.00309943
0.00318254
0.00294002
0.00312352
0.00308162
0.00237843
0.00257537
0.000745277
0.000756109
0.000764977
0.000787557
0.000809101
0.000719375
0.000756971
0.000755319
0.000756724
0.00075782
0.000760089
0.000759757
0.000761004
0.000758401
0.00074988
0.00075363
0.000753327
0.000756414
0.000746195
0.000747148
0.000743666
0.000743829
0.000783059
0.000764645
0.00075784
0.000762929
0.000756976
0.000762188
0.00076173
0.000759705
0.000759924
0.000759745
0.000766022
0.000764364
0.00076732
0.000797556
0.000824415
0.000804753
0.000839416
0.000883559
0.00087523
0.00090654
0.00102424
0.00110654
0.000958209
0.00102308
0.00123141
0.00140169
0.00271695
0.00310206
0.00224512
0.00348666
0.00399489
0.00438396
0.00390089
0.00469437
0.00485133
0.00564847
0.00511473
0.00451592
0.00535029
0.00335788
0.00279305
0.00230905
0.00195997
0.000724237
0.000703788
0.00337456
0.00549583
0.000936002
0.00182616
0.00554363
0.00801479
0.00915735
0.00937017
0.00762902
0.0085431
0.00803542
0.00862119
0.00913516
0.00889853
0.00576329
0.00621954
0.00796418
0.00671167
0.00747371
0.00707715
0.00550391
0.00481727
0.00496242
0.00443363
0.00478558
0.00398779
0.00440205
0.0030403
0.0034118
0.0034668
0.00373926
0.00273716
0.00232258
0.00238588
0.00232623
0.00268469
0.00301906
0.00303217
0.00256852
0.00265061
0.00264619
0.00255617
0.00231855
0.00271528
0.00075274
0.000737657
0.00074563
0.000748965
0.000760302
0.000772287
0.000791013
0.000815199
0.000735635
0.000737836
0.00073406
0.000737114
0.000733545
0.000735717
0.000742141
0.00074093
0.000741257
0.000740166
0.000741591
0.000739737
0.000742187
0.000739367
0.000735694
0.000736583
0.000739028
0.000737491
0.000741157
0.000738609
0.00073901
0.000756258
0.000754541
0.000756585
0.000757614
0.000762014
0.000763997
0.000758687
0.00074902
0.000753138
0.000753081
0.000755968
0.000745694
0.000748173
0.000743076
0.000744614
0.000767664
0.00076938
0.000777168
0.000768176
0.000769211
0.000770863
0.000770249
0.000768993
0.00077197
0.000775458
0.000773912
0.000775992
0.000771794
0.00078382
0.00081016
0.000791987
0.000854448
0.000828251
0.000877997
0.000929252
0.000917963
0.000975481
0.00116878
0.00126515
0.00105163
0.00118478
0.00170731
0.00266973
0.00552872
0.00510073
0.00486661
0.00450106
0.00502728
0.0053572
0.00573797
0.00358056
0.00431344
0.00552003
0.00434455
0.00541301
0.00290428
0.0023895
0.000822095
0.000701791
0.00462333
0.00259301
0.00350306
0.000841561
0.00146177
0.00611736
0.00714405
0.00822552
0.00868338
0.00662372
0.00740437
0.00618882
0.0085954
0.00839527
0.00870214
0.00593589
0.00660796
0.00818698
0.00767114
0.00695353
0.00746081
0.00563971
0.00512511
0.00463792
0.0050669
0.00398286
0.00440999
0.0029055
0.00371408
0.00329843
0.00290685
0.00220929
0.00250837
0.00186893
0.00178957
0.00214463
0.00212216
0.0017207
0.00167525
0.00162725
0.000805305
0.000796963
0.000821384
0.000740607
0.000749514
0.000755969
0.000767372
0.000780523
0.000738959
0.000742889
0.000736712
0.000738877
0.000733884
0.000737736
0.000740788
0.000741765
0.000738086
0.000740268
0.000735334
0.000739236
0.000731738
0.000737758
0.000732302
0.000736439
0.000730915
0.000736198
0.000735947
0.000756696
0.000755259
0.000757719
0.000759756
0.000761655
0.000749216
0.000753261
0.000753575
0.000754905
0.000745957
0.000748964
0.0007441
0.000745751
0.000763035
0.000771928
0.000767473
0.00078566
0.000781734
0.000783265
0.000787175
0.000784411
0.000789502
0.000793541
0.000783951
0.000786291
0.000781932
0.000825433
0.000804943
0.00080626
0.000885475
0.000849705
0.000926737
0.00100159
0.000988905
0.00109249
0.00110483
0.00208359
0.0011908
0.00137106
0.00346939
0.00481234
0.00589661
0.00585109
0.0064748
0.00642902
0.00708659
0.00660836
0.0058051
0.00561387
0.00505941
0.00300602
0.00405612
0.000875169
0.000873263
0.000840221
0.00328052
0.00447969
0.00192681
0.00298212
0.00120629
0.00495645
0.00558151
0.0074935
0.00815923
0.00491506
0.0069693
0.00543507
0.00605965
0.00645803
0.00598187
0.00808781
0.0079837
0.00612277
0.00668821
0.00780331
0.00755685
0.0068991
0.00729099
0.00594526
0.00541536
0.00470984
0.00522349
0.00406117
0.00460179
0.0033769
0.0039376
0.00276886
0.00333365
0.00197239
0.00252043
0.00137658
0.00155964
0.00140016
0.000749963
0.000811663
0.000849439
0.000775559
0.000791554
0.000746672
0.000757197
0.000764987
0.000745071
0.000748901
0.000743278
0.000743672
0.00074211
0.000742756
0.000742749
0.000743626
0.000742574
0.000742431
0.000742404
0.000742243
0.000742194
0.000742318
0.000740684
0.000741939
0.000742408
0.000757938
0.000758013
0.000761108
0.000761936
0.000750049
0.000754219
0.00075508
0.000757296
0.000747491
0.000750643
0.00074533
0.000748839
0.000770753
0.000770846
0.000787406
0.000779324
0.000811682
0.000802941
0.000817209
0.000811085
0.000799908
0.000805731
0.000817811
0.000810583
0.000795654
0.000820694
0.000802882
0.000804426
0.000865986
0.00086377
0.000946986
0.000931523
0.00105148
0.00106619
0.00123374
0.0011811
0.00160622
0.00263223
0.00139415
0.0017764
0.00515131
0.00632343
0.00741906
0.00627029
0.00580638
0.00695849
0.00698318
0.00636872
0.00508511
0.00476608
0.00154549
0.000856533
0.000890317
0.000851597
0.00109116
0.00111341
0.00380795
0.00256386
0.00286713
0.00453058
0.00400605
0.00748322
0.0070273
0.00449025
0.00502415
0.00654988
0.00616583
0.00511425
0.00548951
0.00538053
0.00576772
0.00753243
0.00732138
0.00629101
0.00668876
0.00730839
0.00720181
0.0068941
0.00513344
0.00600683
0.0055181
0.00454461
0.00513212
0.0037017
0.00434913
0.00281016
0.0033489
0.00179345
0.00231919
0.000793317
0.000804604
0.000755281
0.000766603
0.000778642
0.00074713
0.000759206
0.000746012
0.000750183
0.000743002
0.000745028
0.00074302
0.000746854
0.000741918
0.000745339
0.000741813
0.000745087
0.000742269
0.00074531
0.000745319
0.000765914
0.00076009
0.00076355
0.00076765
0.000754232
0.000756148
0.000760684
0.000758003
0.00075204
0.000754447
0.000750722
0.000752757
0.000788636
0.000784891
0.000785667
0.000804054
0.000792005
0.000837576
0.00083569
0.000831372
0.000846491
0.000868527
0.000858748
0.000864144
0.000846559
0.000844986
0.000827773
0.000815578
0.000858265
0.000845283
0.000875982
0.000956168
0.000941043
0.00125642
0.00121799
0.00107287
0.00113127
0.00161449
0.00152712
0.00380614
0.00507461
0.00369952
0.00645824
0.00724063
0.00713451
0.00687698
0.00637652
0.00596267
0.00498832
2.50852e-05
0.00265413
0.000818389
0.0014915
0.002072
0.000862578
0.000866075
0.000938125
0.000945512
0.0011021
0.00112612
0.00367289
0.00346539
0.00436163
0.0040595
0.00685729
0.00647481
0.00443732
0.0047247
0.00598633
0.00564423
0.00464827
0.00502139
0.0051367
0.00698133
0.0066748
0.00624309
0.00666305
0.00673888
0.00660993
0.00555425
0.00599676
0.00457464
0.00519047
0.00344734
0.00396259
0.00232124
0.00282981
0.000798044
0.00076392
0.000781286
0.000789971
0.000787029
0.000755338
0.000765657
0.000749843
0.000758061
0.000750011
0.000753152
0.000748417
0.000750829
0.000749428
0.000748737
0.000749328
0.000749005
0.000748973
0.000755368
0.000767586
0.000764096
0.00078153
0.000763226
0.00075997
0.000759215
0.000783245
0.000761661
0.000760637
0.000762018
0.000789395
0.000787187
0.000799104
0.000812338
0.000811987
0.000837766
0.000831218
0.000876163
0.000884511
0.000895544
0.000893929
0.000959635
0.000925983
0.000928209
0.000883131
0.000878423
0.000914237
0.000906698
0.00095241
0.000956581
0.00111307
0.00106253
0.00156454
0.00138199
0.00147195
0.00140666
0.00654211
0.00398386
0.0064624
0.00602326
0.00604521
0.00647459
0.00582568
0.00604446
0.00324797
0.00249671
0.00314425
0.000863456
0.000824822
0.00144944
0.00184321
0.000917979
0.000932655
0.00103546
0.0010606
0.00119709
0.00402591
0.00383655
0.00419443
0.00404298
0.00611812
0.00573219
0.00409173
0.00433917
0.00425262
0.00469644
0.00505128
0.00626414
0.00594631
0.00601071
0.00608182
0.00623119
0.00512838
0.00559107
0.00388179
0.00436977
0.00271332
0.00315979
0.000811875
0.000831824
0.000773762
0.000778116
0.000794135
0.000814896
0.000764143
0.000770615
0.000757263
0.000764578
0.000753659
0.000760499
0.000758702
0.000756307
0.000757672
0.000760492
0.000759701
0.000795689
0.000767067
0.000767314
0.000769442
0.000769914
0.000786663
0.000766792
0.000794128
0.000787892
0.000772236
0.00076807
0.000819162
0.000814165
0.000842699
0.000830814
0.000868819
0.000855314
0.000914754
0.000902969
0.000952622
0.000989116
0.00108966
0.00101668
0.00101431
0.000968653
0.000961467
0.00098754
0.000991056
0.0010564
0.00111972
0.00108111
0.0014792
0.00128668
0.00567682
0.00253109
0.00304755
0.00236296
0.00601349
0.005691
0.00558847
0.00583155
0.00527337
0.00498415
0.00361612
0.00296932
0.00351435
0.00238411
0.0028534
0.00089766
0.000852345
0.00147855
0.00183526
0.00100043
0.0010441
0.00124742
0.00395687
0.0039114
0.00389743
0.00387825
0.00456992
0.00485328
0.00541888
0.00372461
0.00387173
0.00367697
0.00398326
0.00369514
0.00567495
0.00532999
0.0052161
0.0053222
0.00407025
0.00440528
0.00296066
0.00330008
0.000829704
0.000862019
0.000781803
0.000800112
0.00081072
0.000834708
0.000776702
0.000784982
0.00076671
0.000770565
0.000774565
0.000776425
0.000773968
0.000769104
0.000774113
0.000815023
0.000812828
0.000776442
0.000773834
0.000781799
0.00078137
0.000797465
0.000806564
0.000788589
0.000801913
0.000793449
0.000867914
0.000864761
0.000853513
0.000908184
0.000882101
0.000953685
0.000979642
0.000981555
0.00103545
0.00102362
0.00140755
0.00114256
0.00110396
0.00115456
0.00111411
0.00109528
0.00128622
0.00122454
0.00132583
0.00120994
0.00159597
0.00376935
0.00380972
0.00573717
0.00491093
0.00534
0.00542282
0.0054823
0.00459025
0.00474951
0.00349532
0.00373288
0.00389916
0.00287886
0.00339727
0.00220975
0.00278263
0.000912366
0.000973165
0.00136661
0.00181031
0.00112238
0.00116577
0.0038144
0.00388187
0.00378124
0.00352044
0.00364415
0.00446122
0.00392147
0.00478996
0.00307887
0.00319809
0.00321504
0.00284645
0.00340841
0.00467575
0.0045244
0.00393402
0.00403262
0.00298224
0.00319726
0.000861784
0.000920299
0.000795992
0.000812999
0.000841946
0.00087592
0.000786273
0.0007879
0.000798989
0.000795696
0.000785682
0.000789106
0.000787147
0.000846981
0.000823483
0.000811276
0.000806107
0.000797265
0.000819106
0.000822725
0.000813125
0.000830401
0.000816838
0.000946586
0.000930374
0.000923226
0.00088515
0.00104767
0.00108682
0.00105753
0.00109087
0.00114627
0.0011158
0.00130378
0.00123289
0.00237555
0.00140573
0.00148083
0.00158527
0.00178781
0.0017477
0.00194159
0.00508213
0.0037511
0.00586634
0.00600906
0.00543504
0.00550845
0.00447363
0.00473261
0.00355546
0.00376131
0.00385239
0.0029342
0.0033284
0.00213618
0.00278842
0.00108889
0.00104269
0.00157176
0.0013047
0.00170706
0.00380241
0.00349563
0.00362719
0.00361254
0.00378864
0.00372296
0.00292238
0.00319111
0.00344381
0.00389763
0.00247367
0.00253839
0.00243284
0.0028748
0.00351736
0.00348322
0.00276991
0.00288453
0.00106946
0.000905403
0.000960542
0.000825196
0.000847742
0.000865033
0.00091401
0.000824009
0.000812974
0.000842168
0.000826815
0.000826442
0.000856221
0.000846661
0.00088213
0.000862576
0.000844658
0.000837943
0.000859871
0.00086384
0.000864854
0.000869439
0.00105364
0.00100327
0.00099564
0.000946822
0.00140926
0.00146835
0.00134692
0.00130853
0.0012414
0.00179197
0.00203819
0.00305757
0.0053492
0.00576535
0.00499262
0.00371777
0.00510029
0.0055236
0.00604558
0.00595307
0.00584369
0.0054178
0.00581942
0.00449808
0.00480203
0.0035677
0.00374022
0.0021338
0.00287219
0.00278037
0.00332393
0.00127786
0.00136892
0.0014816
0.00170956
0.00374602
0.00369988
0.00373614
0.00310011
0.00334354
0.00352573
0.00350945
0.00323312
0.00225485
0.00254783
0.00265498
0.00292691
0.00187771
0.00206708
0.00202537
0.00235155
0.00235672
0.00122154
0.00128941
0.000982854
0.00120417
0.000897943
0.000894151
0.000979523
0.000890093
0.000870188
0.000871008
0.000908548
0.00081519
0.000959955
0.000917075
0.000900209
0.000925118
0.000955096
0.000929768
0.00093558
0.00090751
0.000922169
0.00114459
0.00113045
0.00104215
0.00104544
0.00245216
0.00328393
0.00251623
0.0034656
0.00286518
0.00395744
0.00260931
0.00462069
0.00478278
0.0060566
0.00741348
0.00608567
0.00600615
0.00658126
0.00667573
0.00759046
0.00565209
0.00588404
0.00456761
0.00494855
0.00344524
0.00364179
0.00237273
0.00277683
0.00312487
0.00331165
0.00143951
0.00166196
0.00197626
0.002182
0.00375812
0.00364128
0.00353079
0.00325595
0.00326073
0.00246708
0.00292852
0.00294587
0.00170799
0.00202218
0.00136603
0.00159351
0.00182668
0.00159836
0.000872282
0.00142701
0.00153285
0.00107629
0.00107728
0.00134304
0.000948415
0.000925708
0.000912604
0.00110087
0.00121168
0.00119693
0.00121829
0.00122539
0.000973314
0.000939232
0.00103002
0.000999392
0.000952138
0.00304086
0.00170405
0.00202653
0.00152262
0.00294136
0.00516455
0.00547059
0.00446763
0.00535873
0.00393759
0.00475801
0.00348033
0.00421469
0.00636952
0.00622802
0.00690398
0.00690428
0.00601626
0.00664669
0.00663098
0.00505551
0.00554444
0.00366146
0.00366379
0.00313493
0.00295392
0.00339928
0.00196231
0.00233542
0.00290491
0.00370524
0.00361924
0.00349729
0.00322483
0.00303197
0.00251791
0.00250904
0.00205089
0.00159804
0.00133319
0.0025128
0.00179072
0.00214709
0.00147331
0.00149674
0.00144539
0.00152902
0.00173484
0.0015188
0.00174473
0.00137681
0.00142765
0.00146255
0.00137511
0.00156067
0.00153811
0.00180172
0.00185959
0.00234163
0.00363053
0.00270448
0.00292089
0.00296407
0.00369097
0.0044273
0.00474706
0.00621407
0.00581722
0.00578638
0.00551905
0.00565055
0.00508741
0.00554171
0.00629265
0.00608861
0.00580565
0.00614823
0.00592654
0.00347962
0.00361453
0.00293936
0.00318491
0.00332816
0.00369439
0.00358582
0.00346039
0.00323161
0.00306365
0.00268807
0.00225375
0.00164469
0.00281054
0.00326651
0.0021963
0.00260968
0.00169049
0.00171443
0.00184627
0.00223548
0.00202906
0.00165874
0.00194046
0.00173795
0.00224383
0.00208344
0.0021408
0.00281608
0.00282609
0.00273343
0.00391027
0.00357069
0.00360935
0.00360223
0.00482213
0.00487607
0.00498572
0.0054619
0.00569452
0.0057035
0.0055046
0.00549201
0.0052594
0.00507751
0.00510547
0.00359903
0.00363076
0.00346099
0.00337297
0.00368881
0.00350609
0.00342344
0.00313851
0.00300683
0.00260061
0.00255025
0.00335527
0.00325691
0.00310571
0.00307312
0.00287954
0.00267956
0.00284604
0.00304267
0.00302648
0.00265314
0.0030194
0.00349268
0.00366725
0.00327317
0.00350489
0.00346616
0.00391609
0.00432311
0.00466195
0.00447503
0.00485575
0.00441925
0.00471862
0.00428482
0.00406664
0.00477703
0.0049628
0.00396038
0.00375501
0.00363391
0.00365646
0.00359509
0.0035864
0.0033976
0.00328754
0.00300786
0.00288865
0.00249907
0.00239152
0.00360117
0.00352856
0.00354539
0.00347178
0.00369577
0.00349077
0.00356914
0.00357069
0.00351722
0.00381006
0.00399397
0.00397055
0.00389011
0.00400037
0.004182
0.00416358
0.00445819
0.00400875
0.00420824
0.00334337
0.00322057
0.00304957
0.00285103
0.0037124
0.00356115
0.00372797
0.00367932
0.0035091
0.00325645
0.00314776
0.00290883
0.00277722
0.00238257
0.00227911
0.00391737
0.00369788
0.00368381
0.00374328
0.00375097
0.00391836
0.00379555
0.00379267
0.00400196
0.00410033
0.00399876
0.00388875
0.00392268
0.00397596
0.0041281
0.0035459
0.00367674
0.00284309
0.00285494
0.00234713
0.00230998
0.00364338
0.00368504
0.00354466
0.00336544
0.00311259
0.00306957
0.00278644
0.00270233
0.00230688
0.00220174
0.00377618
0.00384577
0.00366352
0.00368778
0.00371607
0.00378086
0.00367308
0.00379024
0.00387262
0.00359302
0.00370233
0.00355726
0.00354748
0.00344
0.00317604
0.00338264
0.00241216
0.00258647
0.00200276
0.00198341
0.00343288
0.00335002
0.00296112
0.00287163
0.00262833
0.00255939
0.00224672
0.00212862
0.00339083
0.00352755
0.00323911
0.00334667
0.00322317
0.003028
0.00317135
0.00314905
0.00301359
0.00289407
0.00305036
0.00288629
0.00230083
0.00249297
0.00172139
0.00184876
0.00287506
0.00279684
0.00245572
0.00243843
0.00225516
0.00204493
0.00213322
0.00286057
0.00289324
0.00267041
0.00258298
0.00260203
0.00241533
0.00224783
0.00248014
0.00222894
0.00247148
0.0021816
0.00169088
0.00186358
0.00221814
0.0022031
0.00197446
0.00189516
0.00153601
0.00201604
0.0020966
0.00187558
0.00208249
0.00197519
0.00137065
0.00140726
0.00178758
0.00186258
0.00121234
0.000652056
0.00169204
0.00168734
0.00150767
0.00145255
0.00128958
0.00150318
0.00148475
0.000787132
0.00103898
0.000675188
0.00129204
0.00131913
0.000747288
0.000992923
0.0010702
0.000724298
2.60797e-05
)
;

boundaryField
{
    top
    {
        type            symmetryPlane;
    }
    bottom
    {
        type            symmetryPlane;
    }
    inlet
    {
        type            calculated;
        value           uniform 0.000851986;
    }
    outlet
    {
        type            calculated;
        value           nonuniform List<scalar> 
17
(
0.000666444
0.000658656
0.000677321
0.000668145
0.000660669
0.00065644
0.000677641
0.000668045
0.000669455
0.000673914
0.00148539
0.000825106
0.00066075
0.000675282
0.00196311
0.000738872
0.00152747
)
;
    }
    deck
    {
        type            nutkWallFunction;
        Cmu             0.09;
        kappa           0.41;
        E               9.8;
        value           nonuniform List<scalar> 
60
(
0
0
0
0
0
0
0
0
0
3.34845e-07
0
7.83464e-08
0
0
0
0
0
0
0
0
0
0
0
0
0
0
0
0
0
0
0
0
0
0
0
0
0
0
0
0
0
0
0
0
0
0
0
0
0
0
0
0
0
0
0
0
0
0
0
0
)
;
    }
    frontAndBack
    {
        type            empty;
    }
    defaultFaces
    {
        type            empty;
    }
}


// ************************************************************************* //
